1.065657010362107027e+00 7.246688099107612135e-02 0.000000000000000000e+00
1.062741565863196014e+00 5.256818739443524374e-02 0.000000000000000000e+00
1.059663041173172005e+00 2.995583183344791706e-02 0.000000000000000000e+00
1.056415595433047638e+00 4.220666195050988036e-03 0.000000000000000000e+00
1.053023381722438145e+00 -2.372124761967711604e-02 0.000000000000000000e+00
1.049495042072192241e+00 -5.225635884422170918e-02 0.000000000000000000e+00
1.045811666108261262e+00 -7.999753600024674116e-02 0.000000000000000000e+00
1.041958690507950314e+00 -1.064522521680903444e-01 0.000000000000000000e+00
1.037972761700088453e+00 -1.320811334019927064e-01 0.000000000000000000e+00
1.033957777743724549e+00 -1.577940755143869000e-01 0.000000000000000000e+00
1.030044775452446437e+00 -1.842687038063465510e-01 0.000000000000000000e+00
1.026314392150052379e+00 -2.115399305787263595e-01 0.000000000000000000e+00
1.022735347520032478e+00 -2.390814132154376326e-01 0.000000000000000000e+00
1.019169413705857785e+00 -2.662537498632569499e-01 0.000000000000000000e+00
1.015450727872751147e+00 -2.927682207674500159e-01 0.000000000000000000e+00
1.011492850923859876e+00 -3.188471703447090522e-01 0.000000000000000000e+00
1.007349729596963339e+00 -3.450058234380228850e-01 0.000000000000000000e+00
1.003179137650859865e+00 -3.716494094198962705e-01 0.000000000000000000e+00
9.991178584704726306e-01 -3.987869253005938974e-01 0.000000000000000000e+00
9.951377851823166587e-01 -4.260495934078016855e-01 0.000000000000000000e+00
9.909706862589864329e-01 -4.529676483032784584e-01 0.000000000000000000e+00
9.861525556069952181e-01 -4.792796595094723777e-01 0.000000000000000000e+00
9.801688965290188404e-01 -5.050469761200333529e-01 0.000000000000000000e+00
9.726243393420435090e-01 -5.305086514603358783e-01 0.000000000000000000e+00
9.633498372411651856e-01 -5.558092658551901932e-01 0.000000000000000000e+00
9.524023770213528861e-01 -5.808179048013493162e-01 0.000000000000000000e+00
9.399760979515577874e-01 -6.051757574269478468e-01 0.000000000000000000e+00
9.262881077286979625e-01 -6.285311445428848343e-01 0.000000000000000000e+00
9.115017527503986861e-01 -6.507800327932729001e-01 0.000000000000000000e+00
8.957114934140096851e-01 -6.721282490335582782e-01 0.000000000000000000e+00
8.789683757940546238e-01 -6.929242601935980961e-01 0.000000000000000000e+00
8.613053340013537840e-01 -7.133777398234365519e-01 0.000000000000000000e+00
8.427369197119130018e-01 -7.333593244016713975e-01 0.000000000000000000e+00
8.232411530314851511e-01 -7.524180663884914022e-01 0.000000000000000000e+00
8.027529605391044987e-01 -7.700023643374328541e-01 0.000000000000000000e+00
7.811915018631940821e-01 -7.857355435889772366e-01 0.000000000000000000e+00
7.585145001450671609e-01 -7.995685214903081039e-01 0.000000000000000000e+00
7.347664368051157746e-01 -8.117206806242479589e-01 0.000000000000000000e+00
7.100867428736247211e-01 -8.224586144067288496e-01 0.000000000000000000e+00
6.846709904147758596e-01 -8.318572081776521854e-01 0.000000000000000000e+00
6.587122767993919270e-01 -8.396839296760509885e-01 0.000000000000000000e+00
6.323646809629707155e-01 -8.454604224775278398e-01 0.000000000000000000e+00
6.057535975475911716e-01 -8.486506201350644263e-01 0.000000000000000000e+00
5.790211877966661147e-01 -8.488665883137715973e-01 0.000000000000000000e+00
5.523668851512018030e-01 -8.459956252770675089e-01 0.000000000000000000e+00
5.260448994744651996e-01 -8.402108118937096082e-01 0.000000000000000000e+00
5.003121666934674527e-01 -8.318874715215294202e-01 0.000000000000000000e+00
4.753577488755423852e-01 -8.214783876462736778e-01 0.000000000000000000e+00
4.512598505999447229e-01 -8.093984316518395561e-01 0.000000000000000000e+00
4.279976169044250045e-01 -7.959511139893521436e-01 0.000000000000000000e+00
4.055058220665591628e-01 -7.813111241581268684e-01 0.000000000000000000e+00
3.837309007902293678e-01 -7.655612762829426821e-01 0.000000000000000000e+00
3.626489235344276252e-01 -7.487652009518946938e-01 0.000000000000000000e+00
3.422382029902791278e-01 -7.310399092738676385e-01 0.000000000000000000e+00
3.224362910663983173e-01 -7.125866569555968644e-01 0.000000000000000000e+00
3.031241469737143701e-01 -6.936565497813006465e-01 0.000000000000000000e+00
2.841585472253626565e-01 -6.744662225442001890e-01 0.000000000000000000e+00
2.654337409664279113e-01 -6.551158878636789140e-01 0.000000000000000000e+00
2.469263080607288496e-01 -6.355682109257959622e-01 0.000000000000000000e+00
2.286855301219684056e-01 -6.157106200559744336e-01 0.000000000000000000e+00
2.107709110980305056e-01 -5.954659323658691994e-01 0.000000000000000000e+00
1.931798455054759278e-01 -5.748774197564648913e-01 0.000000000000000000e+00
1.758196592705922878e-01 -5.541065512501407442e-01 0.000000000000000000e+00
1.585485872886861491e-01 -5.333409123812188346e-01 0.000000000000000000e+00
1.412596964883324202e-01 -5.126757076787511469e-01 0.000000000000000000e+00
1.239473920705850690e-01 -4.920554651319153927e-01 0.000000000000000000e+00
1.067049184726013150e-01 -4.713224769144893078e-01 0.000000000000000000e+00
8.964924037625543463e-02 -4.503413682430500442e-01 0.000000000000000000e+00
7.282345537486215048e-02 -4.291110399980491708e-01 0.000000000000000000e+00
5.614700778411403637e-02 -4.077807735979820380e-01 0.000000000000000000e+00
3.945381054604538834e-02 -3.865551467483546166e-01 0.000000000000000000e+00
2.259729971404397103e-02 -3.655541044831637776e-01 0.000000000000000000e+00
5.552147883307228041e-03 -3.447293981999227652e-01 0.000000000000000000e+00
-1.155914779121509743e-02 -3.238992911691279120e-01 0.000000000000000000e+00
-2.853715772688239852e-02 -3.028774843848693887e-01 0.000000000000000000e+00
-4.522888268559555058e-02 -2.816026522594285431e-01 0.000000000000000000e+00
-6.162003314539987731e-02 -2.601735988361589813e-01 0.000000000000000000e+00
-7.783079971932174712e-02 -2.387634814791075311e-01 0.000000000000000000e+00
-9.401352304102097990e-02 -2.174746037037497137e-01 0.000000000000000000e+00
-1.102174101652561022e-01 -1.962382020742109157e-01 0.000000000000000000e+00
-1.263096615954489299e-01 -1.748303924061142545e-01 0.000000000000000000e+00
-1.420071854562356406e-01 -1.529914908027566189e-01 0.000000000000000000e+00
-1.570016941352182782e-01 -1.305636430538989201e-01 0.000000000000000000e+00
-1.711008105625752007e-01 -1.075532806031451877e-01 0.000000000000000000e+00
-1.842983026277119907e-01 -8.408384421381157048e-02 0.000000000000000000e+00
-1.967329608086150483e-01 -6.028409157736994844e-02 0.000000000000000000e+00
-2.085663169289637131e-01 -3.619830680232851566e-02 0.000000000000000000e+00
-2.198579531084233485e-01 -1.177906003110223282e-02 0.000000000000000000e+00
-2.305134996049299501e-01 1.304529293381577297e-02 0.000000000000000000e+00
-2.403298589597936963e-01 3.829236050500554878e-02 0.000000000000000000e+00
-2.491000822664617975e-01 6.390209500284228794e-02 0.000000000000000000e+00
-2.567072159389053865e-01 8.978230777961904163e-02 0.000000000000000000e+00
-2.631512229220481780e-01 1.158784455121124046e-01 0.000000000000000000e+00
-2.685020994026756092e-01 1.422036759700323894e-01 0.000000000000000000e+00
-2.728206608903590014e-01 1.688011144986290291e-01 0.000000000000000000e+00
-2.761045740445560726e-01 1.956698758543023442e-01 0.000000000000000000e+00
-2.782933676420138447e-01 2.227200557026375871e-01 0.000000000000000000e+00
-2.793218114150624043e-01 2.498000111983822713e-01 0.000000000000000000e+00
-2.791778063716953140e-01 2.767793089767570658e-01 0.000000000000000000e+00
-2.779205993660424090e-01 3.036217025572194306e-01 0.000000000000000000e+00
-2.756458812537712633e-01 3.303861876249222229e-01 0.000000000000000000e+00
-2.724234478864183684e-01 3.571501027262597439e-01 0.000000000000000000e+00
-2.682534186728457448e-01 3.839127355092459837e-01 0.000000000000000000e+00
-2.630751454468146511e-01 4.105582594984293343e-01 0.000000000000000000e+00
-2.568274506476493912e-01 4.369139476941024114e-01 0.000000000000000000e+00
-2.495235758476264942e-01 4.628648499915223868e-01 0.000000000000000000e+00
-2.412923153671893695e-01 4.884380747913502629e-01 0.000000000000000000e+00
-2.323559043575405547e-01 5.137883210791827082e-01 0.000000000000000000e+00
-2.229532795210157070e-01 5.390898347562377291e-01 0.000000000000000000e+00
-2.132507622278230486e-01 5.644128281001522529e-01 0.000000000000000000e+00
-2.032907073218720995e-01 5.896773224020021020e-01 0.000000000000000000e+00
-1.930072312929829725e-01 6.147206626868836343e-01 0.000000000000000000e+00
-1.822995650195639028e-01 6.394286403524462870e-01 0.000000000000000000e+00
-1.711203935077991456e-01 6.638305528049739390e-01 0.000000000000000000e+00
-1.595277455257570198e-01 6.880848470138879458e-01 0.000000000000000000e+00
-1.476693383911593660e-01 7.123650283225206881e-01 0.000000000000000000e+00
-1.357059925290630686e-01 7.367314764002786953e-01 0.000000000000000000e+00
-1.237145227537807535e-01 7.610845024726942132e-01 0.000000000000000000e+00
-1.116217145112036457e-01 7.852294045711935011e-01 0.000000000000000000e+00
-9.920391093290994999e-02 8.089958577375337967e-01 0.000000000000000000e+00
-8.615156742016101543e-02 8.323118119298112960e-01 0.000000000000000000e+00
-7.216488150437923299e-02 8.551706746987113306e-01 0.000000000000000000e+00
-5.703352931704521595e-02 8.775204035399002400e-01 0.000000000000000000e+00
-4.066672920014597487e-02 8.991723455425847389e-01 0.000000000000000000e+00
-2.307006169716423541e-02 9.198182206076263023e-01 0.000000000000000000e+00
-4.294069076408142151e-03 9.391587083532190183e-01 0.000000000000000000e+00
1.560987260363035090e-02 9.570515131464566450e-01 0.000000000000000000e+00
3.660295864345938788e-02 9.735583980940188953e-01 0.000000000000000000e+00
5.864281699391504787e-02 9.888387815062255060e-01 0.000000000000000000e+00
8.165899712636853769e-02 1.002956268813302465e+00 0.000000000000000000e+00
1.055437330851655697e-01 1.015744127920389372e+00 0.000000000000000000e+00
1.301665421399929579e-01 1.026849699251821235e+00 0.000000000000000000e+00
1.554009328934040923e-01 1.035956032281762917e+00 0.000000000000000000e+00
1.811416527729181047e-01 1.043045466844547242e+00 0.000000000000000000e+00
2.072989963333392305e-01 1.048523069704187627e+00 0.000000000000000000e+00
2.337764615519201394e-01 1.053098215657971570e+00 0.000000000000000000e+00
2.604539252142765160e-01 1.057479703895613854e+00 0.000000000000000000e+00
2.871972128326540918e-01 1.062065730254880158e+00 0.000000000000000000e+00
3.138957792680110437e-01 1.066816049560616486e+00 0.000000000000000000e+00
3.405064929953010577e-01 1.071374356157040797e+00 0.000000000000000000e+00
3.670713840449101317e-01 1.075346822159708449e+00 0.000000000000000000e+00
3.936902591032249155e-01 1.078549540257901729e+00 0.000000000000000000e+00
4.204583558290223566e-01 1.081074616746442674e+00 0.000000000000000000e+00
4.474049753091826065e-01 1.083160279472092702e+00 0.000000000000000000e+00
4.744722709775711644e-01 1.084985054732471310e+00 0.000000000000000000e+00
5.015496779447523590e-01 1.086545412773324726e+00 0.000000000000000000e+00
5.285432947286337058e-01 1.087698360248003926e+00 0.000000000000000000e+00
5.554351410965933100e-01 1.088318739970403737e+00 0.000000000000000000e+00
5.822921194012645740e-01 1.088434972832940550e+00 0.000000000000000000e+00
6.092168421423299618e-01 1.088228345336416769e+00 0.000000000000000000e+00
6.362714447016057928e-01 1.087889968260623119e+00 0.000000000000000000e+00
6.634249428918812530e-01 1.087442350507192623e+00 0.000000000000000000e+00
6.905608732179250309e-01 1.086664691500071944e+00 0.000000000000000000e+00
7.175431367690263684e-01 1.085189150467218422e+00 0.000000000000000000e+00
7.442992251687121641e-01 1.082712343514020459e+00 0.000000000000000000e+00
7.708666123734708719e-01 1.079180643042821908e+00 0.000000000000000000e+00
7.973688162731926710e-01 1.074819320069452244e+00 0.000000000000000000e+00
8.239291846085333715e-01 1.069974568289142169e+00 0.000000000000000000e+00
8.505666449294176923e-01 1.064855424236134329e+00 0.000000000000000000e+00
8.771266974112543746e-01 1.059322760924128026e+00 0.000000000000000000e+00
9.032791589886638439e-01 1.052841884368604930e+00 0.000000000000000000e+00
9.285772189110514940e-01 1.044621489324870200e+00 0.000000000000000000e+00
9.525437435899170024e-01 1.033867199455358987e+00 0.000000000000000000e+00
9.747461874502206802e-01 1.020034467732704453e+00 0.000000000000000000e+00
9.948396027780382900e-01 1.002984448319149458e+00 0.000000000000000000e+00
1.012582491348098079e+00 9.830014035600080913e-01 0.000000000000000000e+00
1.027844605657411536e+00 9.606851156685853876e-01 0.000000000000000000e+00
1.040621159548077879e+00 9.367662706692091446e-01 0.000000000000000000e+00
1.051050411541352592e+00 9.119072050476932922e-01 0.000000000000000000e+00
1.059416082157723871e+00 8.865517249032993652e-01 0.000000000000000000e+00
1.066115151630882663e+00 8.608751012847486450e-01 0.000000000000000000e+00
1.071587130552197342e+00 8.348516906487191136e-01 0.000000000000000000e+00
1.076223363776991793e+00 8.084051867719269646e-01 0.000000000000000000e+00
1.080290093295421361e+00 7.815586114159676079e-01 0.000000000000000000e+00
1.083897058073938657e+00 7.544929114454034247e-01 0.000000000000000000e+00
1.087024574598454363e+00 7.274732984064136154e-01 0.000000000000000000e+00
1.089595880226685853e+00 7.006897482189969883e-01 0.000000000000000000e+00
1.091561208216816903e+00 6.741254281289610351e-01 0.000000000000000000e+00
1.092955487246322965e+00 6.475595258054902548e-01 0.000000000000000000e+00
1.093904814804188996e+00 6.207218187697709499e-01 0.000000000000000000e+00
1.094581707803913062e+00 5.935011864346434463e-01 0.000000000000000000e+00
1.095134000405011410e+00 5.660547947533060009e-01 0.000000000000000000e+00
1.095625224220574401e+00 5.387210067910029876e-01 0.000000000000000000e+00
1.096018449633065828e+00 5.117790731281740557e-01 0.000000000000000000e+00
1.096212716271500964e+00 4.852242697380161340e-01 0.000000000000000000e+00
1.096112175696823066e+00 4.587378017097584748e-01 0.000000000000000000e+00
1.095688407587771307e+00 4.319022208889662373e-01 0.000000000000000000e+00
1.094998260801035128e+00 4.045267581650143218e-01 0.000000000000000000e+00
1.094144160795691878e+00 3.768404585168372845e-01 0.000000000000000000e+00
1.093198633572867173e+00 3.493785072908360823e-01 0.000000000000000000e+00
1.092139351020606330e+00 3.226009681427812748e-01 0.000000000000000000e+00
1.090838740524586958e+00 2.964994667413944351e-01 0.000000000000000000e+00
1.089121779445547666e+00 2.705011720567643829e-01 0.000000000000000000e+00
1.086863729527937084e+00 2.438067075232188963e-01 0.000000000000000000e+00
1.084072091571275376e+00 2.159962691831838200e-01 0.000000000000000000e+00
1.080902722214742484e+00 1.875108977852285308e-01 0.000000000000000000e+00
1.077597375153723114e+00 1.596380089857905027e-01 0.000000000000000000e+00
1.074376611688711902e+00 1.339169147725481623e-01 0.000000000000000000e+00
1.071348519678475997e+00 1.112607323948256871e-01 0.000000000000000000e+00
1.065657010362107027e+00 7.246688099107612135e-02 0.000000000000000000e+00
