-4.737852613606606533e-02 0.000000000000000000e+00 -7.572286267686668959e-02
-4.719889135018334736e-02 0.000000000000000000e+00 -8.398703453505913796e-02
-4.708430311189443218e-02 0.000000000000000000e+00 -9.228308566146584124e-02
-4.702884371682240078e-02 0.000000000000000000e+00 -1.006437117420555249e-01
-4.702774702096554349e-02 0.000000000000000000e+00 -1.090985339949511052e-01
-4.707757302143277672e-02 0.000000000000000000e+00 -1.176719984693879451e-01
-4.717632820211494632e-02 0.000000000000000000e+00 -1.263816299382599651e-01
-4.732352923269743383e-02 0.000000000000000000e+00 -1.352367859603282596e-01
-4.752021120261271103e-02 0.000000000000000000e+00 -1.442380163447656294e-01
-4.776888443686614499e-02 0.000000000000000000e+00 -1.533770832893395497e-01
-4.807344604933776883e-02 0.000000000000000000e+00 -1.626376422672276001e-01
-4.843905381146751399e-02 0.000000000000000000e+00 -1.719965281677670321e-01
-4.887197078809370210e-02 0.000000000000000000e+00 -1.814255401518972410e-01
-4.937938968525969891e-02 0.000000000000000000e+00 -1.908935766556600910e-01
-4.996924612567420904e-02 0.000000000000000000e+00 -2.003689426456645994e-01
-5.065003023197744980e-02 0.000000000000000000e+00 -2.098216371397789992e-01
-5.143060600466222571e-02 0.000000000000000000e+00 -2.192254313324990544e-01
-5.232004800060778560e-02 0.000000000000000000e+00 -2.285595661252439459e-01
-5.332750464491502196e-02 0.000000000000000000e+00 -2.378099307510283811e-01
-5.446209698103281899e-02 0.000000000000000000e+00 -2.469696285357033394e-01
-5.573286059263297954e-02 0.000000000000000000e+00 -2.560388877089695425e-01
-5.714873663651046098e-02 0.000000000000000000e+00 -2.650243300062443685e-01
-5.871861528164656202e-02 0.000000000000000000e+00 -2.739376628256876556e-01
-6.045143131769949857e-02 0.000000000000000000e+00 -2.827939073905620382e-01
-6.235630735776468564e-02 0.000000000000000000e+00 -2.916093118139047591e-01
-6.444273513144177512e-02 0.000000000000000000e+00 -3.003991212383400056e-01
-6.672078019519181447e-02 0.000000000000000000e+00 -3.091753856119087707e-01
-6.920129044235494298e-02 0.000000000000000000e+00 -3.179449787896296287e-01
-7.189608461699201203e-02 0.000000000000000000e+00 -3.267079814995360043e-01
-7.481809419087095958e-02 0.000000000000000000e+00 -3.354565474934975144e-01
-7.798143098118522076e-02 0.000000000000000000e+00 -3.441743301342321537e-01
-8.140135419446864473e-02 0.000000000000000000e+00 -3.528364996570378942e-01
-8.509411444080548781e-02 0.000000000000000000e+00 -3.614103336125368271e-01
-8.907665871654195378e-02 0.000000000000000000e+00 -3.698563186961496552e-01
-9.336618919848188591e-02 0.000000000000000000e+00 -3.781296650033610374e-01
-9.797957946379623473e-02 0.000000000000000000e+00 -3.861821066465841445e-01
-1.029326637403344680e-01 0.000000000000000000e+00 -3.939638475428208220e-01
-1.082394270945979953e-01 0.000000000000000000e+00 -4.014255087861673399e-01
-1.139111360399462786e-01 0.000000000000000000e+00 -4.085199439222189088e-01
-1.199554588110508802e-01 0.000000000000000000e+00 -4.152038091038008916e-01
-1.263756314713712636e-01 0.000000000000000000e+00 -4.214388040693260451e-01
-1.331697292233507135e-01 0.000000000000000000e+00 -4.271925340314544628e-01
-1.403301011515800112e-01 0.000000000000000000e+00 -4.324389784443932738e-01
-1.478430208513162036e-01 0.000000000000000000e+00 -4.371585867894595689e-01
-1.556885950634078475e-01 0.000000000000000000e+00 -4.413380508733922847e-01
-1.638409580377572228e-01 0.000000000000000000e+00 -4.449698251886017308e-01
-1.722687617518624259e-01 0.000000000000000000e+00 -4.480514799953290717e-01
-1.809359525218174891e-01 0.000000000000000000e+00 -4.505849752760206495e-01
-1.898028044093802436e-01 0.000000000000000000e+00 -4.525759379006712990e-01
-1.988271607314052447e-01 0.000000000000000000e+00 -4.540330104704128344e-01
-2.079658184985345437e-01 0.000000000000000000e+00 -4.549673203789772469e-01
-2.171759781920180044e-01 0.000000000000000000e+00 -4.553920941805737477e-01
-2.264166741039759512e-01 0.000000000000000000e+00 -4.553224181604579868e-01
-2.356500993058852633e-01 0.000000000000000000e+00 -4.547751238066105595e-01
-2.448427444922143537e-01 0.000000000000000000e+00 -4.537687590830576378e-01
-2.539662812756149912e-01 0.000000000000000000e+00 -4.523235948414608965e-01
-2.629981372747325907e-01 0.000000000000000000e+00 -4.504616114636976754e-01
-2.719217313503120015e-01 0.000000000000000000e+00 -4.482064141477832830e-01
-2.807263610388250896e-01 0.000000000000000000e+00 -4.455830355290132383e-01
-2.894067587723012647e-01 0.000000000000000000e+00 -4.426176002009727384e-01
-2.979623569139247530e-01 0.000000000000000000e+00 -4.393368451997659574e-01
-3.063963220895671857e-01 0.000000000000000000e+00 -4.357675112945127993e-01
-3.147144350804042534e-01 0.000000000000000000e+00 -4.319356395243568181e-01
-3.229239023503254202e-01 0.000000000000000000e+00 -4.278658235231341811e-01
-3.310321882868316745e-01 0.000000000000000000e+00 -4.235804788625068817e-01
-3.390459531708113761e-01 0.000000000000000000e+00 -4.190991946109584587e-01
-3.469701710872996614e-01 0.000000000000000000e+00 -4.144382289797123864e-01
-3.548074853461781752e-01 0.000000000000000000e+00 -4.096102005387020073e-01
-3.625578378988361106e-01 0.000000000000000000e+00 -4.046240100428181719e-01
-3.702183854971105581e-01 0.000000000000000000e+00 -3.994850070851168611e-01
-3.777836909583511815e-01 0.000000000000000000e+00 -3.941953927535031821e-01
-3.852461549460551304e-01 0.000000000000000000e+00 -3.887548266351951165e-01
-3.925966340964271994e-01 0.000000000000000000e+00 -3.831611863174991806e-01
-3.998251767700536363e-01 0.000000000000000000e+00 -3.774114121494443475e-01
-4.069217993967308433e-01 0.000000000000000000e+00 -3.715023611478859844e-01
-4.138772249745250043e-01 0.000000000000000000e+00 -3.654315925802437692e-01
-4.206835108383484290e-01 0.000000000000000000e+00 -3.591980141838193585e-01
-4.273345047735165325e-01 0.000000000000000000e+00 -3.528023316303893209e-01
-4.338260857980023588e-01 0.000000000000000000e+00 -3.462472634007693895e-01
-4.401561668930029647e-01 0.000000000000000000e+00 -3.395375067592498741e-01
-4.463244597237643885e-01 0.000000000000000000e+00 -3.326794656461886102e-01
-4.523320239099845042e-01 0.000000000000000000e+00 -3.256807754860907012e-01
-4.581806436601836285e-01 0.000000000000000000e+00 -3.185496806610800813e-01
-4.638720907748234978e-01 0.000000000000000000e+00 -3.112943355795046441e-01
-4.694073437225420031e-01 0.000000000000000000e+00 -3.039221082838758359e-01
-4.747858367797586077e-01 0.000000000000000000e+00 -2.964389655194898943e-01
-4.800048107573344214e-01 0.000000000000000000e+00 -2.888490100678524630e-01
-4.850588278921334484e-01 0.000000000000000000e+00 -2.811542257064196804e-01
-4.899394989131617972e-01 0.000000000000000000e+00 -2.733544639100181084e-01
-4.946354514610755149e-01 0.000000000000000000e+00 -2.654476814838442333e-01
-4.991325476817766726e-01 0.000000000000000000e+00 -2.574304122269198691e-01
-5.034143368804631091e-01 0.000000000000000000e+00 -2.492984311179647638e-01
-5.074627085987908348e-01 0.000000000000000000e+00 -2.410475489094232593e-01
-5.112586942058444661e-01 0.000000000000000000e+00 -2.326744605365067275e-01
-5.147833526013463334e-01 0.000000000000000000e+00 -2.241775639146678933e-01
-5.180186689943034883e-01 0.000000000000000000e+00 -2.155576672624075207e-01
-5.209483954736472411e-01 0.000000000000000000e+00 -2.068185129506762421e-01
-5.235587681711295627e-01 0.000000000000000000e+00 -1.979670631063994157e-01
-5.258390475935058594e-01 0.000000000000000000e+00 -1.890135150941549824e-01
-5.277818450188563881e-01 0.000000000000000000e+00 -1.799710412895793032e-01
-5.293832171556743793e-01 0.000000000000000000e+00 -1.708552746053879634e-01
-5.306425317430470967e-01 0.000000000000000000e+00 -1.616835863078364133e-01
-5.315621265316687882e-01 0.000000000000000000e+00 -1.524742232230202610e-01
-5.321468013273140674e-01 0.000000000000000000e+00 -1.432453853760514428e-01
-5.324031959594747176e-01 0.000000000000000000e+00 -1.340143309875128086e-01
-5.323391150179344056e-01 0.000000000000000000e+00 -1.247965929351261133e-01
-5.319628623423062752e-01 0.000000000000000000e+00 -1.156053795169065534e-01
-5.312826444746059362e-01 0.000000000000000000e+00 -1.064512137269689046e-01
-5.303060930717307109e-01 0.000000000000000000e+00 -9.734184113113061865e-02
-5.290399426088928658e-01 0.000000000000000000e+00 -8.828240923057147083e-02
-5.274898829795496846e-01 0.000000000000000000e+00 -7.927589367932035003e-02
-5.256605884753995372e-01 0.000000000000000000e+00 -7.032372167665286444e-02
-5.235559068834892971e-01 0.000000000000000000e+00 -6.142652285592216377e-02
-5.211791767763948036e-01 0.000000000000000000e+00 -5.258492510766351463e-02
-5.185336289806263821e-01 0.000000000000000000e+00 -4.380030836694759344e-02
-5.156228208070513519e-01 0.000000000000000000e+00 -3.507543396826753174e-02
-5.124510495644526431e-01 0.000000000000000000e+00 -2.641488031812709580e-02
-5.090236952742606125e-01 0.000000000000000000e+00 -1.782523606916725997e-02
-5.053474509463399267e-01 0.000000000000000000e+00 -9.315027657272772696e-03
-5.014304113569439947e-01 0.000000000000000000e+00 -8.943863866513624555e-04
-4.972820066857449595e-01 0.000000000000000000e+00 7.425511676686867221e-03
-4.929127840450959197e-01 0.000000000000000000e+00 1.563317481394552177e-02
-4.883340561833602878e-01 0.000000000000000000e+00 2.371761640225189538e-02
-4.835574508291582418e-01 0.000000000000000000e+00 3.166917857088478311e-02
-4.785944048408902196e-01 0.000000000000000000e+00 3.948026774340410855e-02
-4.734556534635193104e-01 0.000000000000000000e+00 4.714591819761960317e-02
-4.681507659562006429e-01 0.000000000000000000e+00 5.466411577434197172e-02
-4.626877745403558673e-01 0.000000000000000000e+00 6.203583720068513163e-02
-4.570729344550501505e-01 0.000000000000000000e+00 6.926478888398322764e-02
-4.513106398070362846e-01 0.000000000000000000e+00 7.635685964803837211e-02
-4.454035041750269430e-01 0.000000000000000000e+00 8.331933162389040803e-02
-4.393525981491514520e-01 0.000000000000000000e+00 9.015991931198595599e-02
-4.331578198497101906e-01 0.000000000000000000e+00 9.688572599129165186e-02
-4.268183606162085919e-01 0.000000000000000000e+00 1.035022170833123090e-01
-4.203332179180067629e-01 0.000000000000000000e+00 1.100123105550312452e-01
-4.137017021876757128e-01 0.000000000000000000e+00 1.164156747224307231e-01
-4.069238843310140075e-01 0.000000000000000000e+00 1.227083046823059242e-01
-4.000009362109198108e-01 0.000000000000000000e+00 1.288824218084654583e-01
-3.929353269827263739e-01 0.000000000000000000e+00 1.349267088605520803e-01
-3.857308528205187770e-01 0.000000000000000000e+00 1.408268593957129611e-01
-3.783924949456412001e-01 0.000000000000000000e+00 1.465663877327296472e-01
-3.709261192893458792e-01 0.000000000000000000e+00 1.521276180097907160e-01
-3.633380487972844852e-01 0.000000000000000000e+00 1.574927508103425855e-01
-3.556345545567575206e-01 0.000000000000000000e+00 1.626448956127837520e-01
-3.478213230451035476e-01 0.000000000000000000e+00 1.675689582193437832e-01
-3.399029626607342758e-01 0.000000000000000000e+00 1.722522845268507075e-01
-3.318826125812068817e-01 0.000000000000000000e+00 1.766849845861027390e-01
-3.237617107173679787e-01 0.000000000000000000e+00 1.808598918752536422e-01
-3.155399654933573883e-01 0.000000000000000000e+00 1.847721492276134247e-01
-3.072155593175991406e-01 0.000000000000000000e+00 1.884184514345014494e-01
-2.987855913234062633e-01 0.000000000000000000e+00 1.917960114337368405e-01
-2.902467449958174295e-01 0.000000000000000000e+00 1.949013485158826997e-01
-2.815961445980316169e-01 0.000000000000000000e+00 1.977290198932203646e-01
-2.728323448155330344e-01 0.000000000000000000e+00 2.002704288022024715e-01
-2.639563825374372508e-01 0.000000000000000000e+00 2.025128415877041899e-01
-2.549728096590805904e-01 0.000000000000000000e+00 2.044387326639601765e-01
-2.458906222278217091e-01 0.000000000000000000e+00 2.060255508077810105e-01
-2.367240046267292120e-01 0.000000000000000000e+00 2.072459650194725111e-01
-2.274928176661077939e-01 0.000000000000000000e+00 2.080686062696746608e-01
-2.182227757133969881e-01 0.000000000000000000e+00 2.084592766208937797e-01
-2.089452790956118911e-01 0.000000000000000000e+00 2.083825536072333728e-01
-1.996968922943344604e-01 0.000000000000000000e+00 2.078036794746178362e-01
-1.905184839847034739e-01 0.000000000000000000e+00 2.066905955998106503e-01
-1.814540697008330816e-01 0.000000000000000000e+00 2.050159650114617427e-01
-1.725494198600661389e-01 0.000000000000000000e+00 2.027590222554941646e-01
-1.638505133001989245e-01 0.000000000000000000e+00 1.999071004519431261e-01
-1.554019280095076394e-01 0.000000000000000000e+00 1.964567095285542353e-01
-1.472452654823495632e-01 0.000000000000000000e+00 1.924140752662389653e-01
-1.394177027955071091e-01 0.000000000000000000e+00 1.877950928370801797e-01
-1.319507573322256377e-01 0.000000000000000000e+00 1.826246970280500648e-01
-1.248693338884930143e-01 0.000000000000000000e+00 1.769356999414716247e-01
-1.181911039550651160e-01 0.000000000000000000e+00 1.707671912193872987e-01
-1.119262439076582905e-01 0.000000000000000000e+00 1.641626316953050668e-01
-1.060775344947645221e-01 0.000000000000000000e+00 1.571677955277975824e-01
-1.006408002774707849e-01 0.000000000000000000e+00 1.498287260787243835e-01
-9.560564633189075345e-02 0.000000000000000000e+00 1.421898661122141527e-01
-9.095643210501881681e-02 0.000000000000000000e+00 1.342925037393919718e-01
-8.667340998257809515e-02 0.000000000000000000e+00 1.261736436988311338e-01
-8.273394959441361662e-02 0.000000000000000000e+00 1.178653720147730122e-01
-7.911376836765600384e-02 0.000000000000000000e+00 1.093947347023525307e-01
-7.578809406822095696e-02 0.000000000000000000e+00 1.007841024351397580e-01
-7.273269532917568669e-02 0.000000000000000000e+00 9.205194753904823168e-02
-6.992473036710118717e-02 0.000000000000000000e+00 8.321392162060807507e-02
-6.734338089561085761e-02 0.000000000000000000e+00 7.428409517223436009e-02
-6.497025618888711829e-02 0.000000000000000000e+00 6.527620717864994482e-02
-6.278956985794705015e-02 0.000000000000000000e+00 5.620477434839642877e-02
-6.078810783271580004e-02 0.000000000000000000e+00 4.708592597326315826e-02
-5.895501917835883204e-02 0.000000000000000000e+00 3.793786003395911710e-02
-5.728147090905438138e-02 0.000000000000000000e+00 2.878085621595978874e-02
-5.576021344836833843e-02 0.000000000000000000e+00 1.963682816417506444e-02
-5.438510474508913284e-02 0.000000000000000000e+00 1.052844612865204248e-02
-5.315063855890216071e-02 0.000000000000000000e+00 1.477907444586392749e-03
-5.205151665259365179e-02 0.000000000000000000e+00 -7.494528432234339767e-03
-5.108229636225718878e-02 0.000000000000000000e+00 -1.637209519501933372e-02
-5.023713519548082124e-02 0.000000000000000000e+00 -2.514300540776787454e-02
-4.950964370195176656e-02 0.000000000000000000e+00 -3.380170738991257473e-02
-4.889284779363144845e-02 0.000000000000000000e+00 -4.234976995727603166e-02
-4.837925275653241070e-02 0.000000000000000000e+00 -5.079628180683105204e-02
-4.796099399893865439e-02 0.000000000000000000e+00 -5.915769389338360051e-02
-4.737852613606606533e-02 0.000000000000000000e+00 -7.572286267686668959e-02
