-5.835956028275741947e-02 0.000000000000000000e+00 3.066283577589815068e-01
-5.388480757769643914e-02 0.000000000000000000e+00 3.001333031541599250e-01
-4.991313917294173952e-02 0.000000000000000000e+00 2.933883540586763594e-01
-4.651530348158577216e-02 0.000000000000000000e+00 2.864002242904984952e-01
-4.376003264652547631e-02 0.000000000000000000e+00 2.791872323990221005e-01
-4.171118438753612656e-02 0.000000000000000000e+00 2.717795667555359396e-01
-4.042492719819455738e-02 0.000000000000000000e+00 2.642188755222056318e-01
-3.994712724488547195e-02 0.000000000000000000e+00 2.565571812273533259e-01
-4.031108863631049921e-02 0.000000000000000000e+00 2.488551632558126392e-01
-4.153578223084940235e-02 0.000000000000000000e+00 2.411798930096113458e-01
-4.362467272675338292e-02 0.000000000000000000e+00 2.336021429402475036e-01
-4.656522095534634115e-02 0.000000000000000000e+00 2.261934195593444663e-01
-5.032910011391223543e-02 0.000000000000000000e+00 2.190228898681463310e-01
-5.487312356479590036e-02 0.000000000000000000e+00 2.121543790322543976e-01
-6.014084044545345981e-02 0.000000000000000000e+00 2.056436139457103740e-01
-6.606471637611523173e-02 0.000000000000000000e+00 1.995358727586387104e-01
-7.256878256646312475e-02 0.000000000000000000e+00 1.938641754549687013e-01
-7.957160983566793910e-02 0.000000000000000000e+00 1.886481168516559448e-01
-8.698944621776892594e-02 0.000000000000000000e+00 1.838934032387790074e-01
-9.473934907232563207e-02 0.000000000000000000e+00 1.795921100182933383e-01
-1.027421454237005261e-01 0.000000000000000000e+00 1.757236330981543360e-01
-1.109250673641427876e-01 0.000000000000000000e+00 1.722562644599749948e-01
-1.192239318355315242e-01 0.000000000000000000e+00 1.691492850642348500e-01
-1.275847643856743985e-01 0.000000000000000000e+00 1.663554385312037420e-01
-1.359648024967912427e-01 0.000000000000000000e+00 1.638236287348266984e-01
-1.443328533588491003e-01 0.000000000000000000e+00 1.615016747915688222e-01
-1.526690208675628158e-01 0.000000000000000000e+00 1.593389583826082812e-01
-1.609638545164454315e-01 0.000000000000000000e+00 1.572888106031966882e-01
-1.692170062509042450e-01 0.000000000000000000e+00 1.553105075288956916e-01
-1.774355081334605122e-01 0.000000000000000000e+00 1.533707737061054399e-01
-1.856318021974360521e-01 0.000000000000000000e+00 1.514447285676844002e-01
-1.938216631056417505e-01 0.000000000000000000e+00 1.495162497387162170e-01
-2.020221538074716550e-01 0.000000000000000000e+00 1.475777665615246315e-01
-2.102497446077038756e-01 0.000000000000000000e+00 1.456295341970202384e-01
-2.185187078740771227e-01 0.000000000000000000e+00 1.436784708464390048e-01
-2.268398755355531538e-01 0.000000000000000000e+00 1.417366658850025829e-01
-2.352198165239125782e-01 0.000000000000000000e+00 1.398196834577385694e-01
-2.436604586512407800e-01 0.000000000000000000e+00 1.379447934575887269e-01
-2.521591464881471900e-01 0.000000000000000000e+00 1.361292595865922772e-01
-2.607090959603670099e-01 0.000000000000000000e+00 1.343888028896420284e-01
-2.693001797490229277e-01 0.000000000000000000e+00 1.327363398886532153e-01
-2.779199569325921937e-01 0.000000000000000000e+00 1.311810689190150148e-01
-2.865548469321878566e-01 0.000000000000000000e+00 1.297279485723630554e-01
-2.951913424341903736e-01 0.000000000000000000e+00 1.283775806136539799e-01
-3.038171586766824084e-01 0.000000000000000000e+00 1.271264787615676572e-01
-3.124222268087903931e-01 0.000000000000000000e+00 1.259676765764475570e-01
-3.209994559249925161e-01 0.000000000000000000e+00 1.248916043811279381e-01
-3.295452103400037802e-01 0.000000000000000000e+00 1.238871482121662454e-01
-3.380594738675234967e-01 0.000000000000000000e+00 1.229427942945491431e-01
-3.465456992702845573e-01 0.000000000000000000e+00 1.220477608884947829e-01
-3.550103665976975797e-01 0.000000000000000000e+00 1.211930253970304322e-01
-3.634622968813127630e-01 0.000000000000000000e+00 1.203721675907524352e-01
-3.719117859438411111e-01 0.000000000000000000e+00 1.195819684377007475e-01
-3.803696356079976360e-01 0.000000000000000000e+00 1.188227266620741490e-01
-3.888461655563366648e-01 0.000000000000000000e+00 1.180982798793610150e-01
-3.973502882088601473e-01 0.000000000000000000e+00 1.174157419497814242e-01
-4.058887215046215191e-01 0.000000000000000000e+00 1.167849910970293337e-01
-4.144654011553216000e-01 0.000000000000000000e+00 1.162179626041724145e-01
-4.230811359775212832e-01 0.000000000000000000e+00 1.157278141117515230e-01
-4.317335288345576227e-01 0.000000000000000000e+00 1.153280397338141416e-01
-4.404171632679003134e-01 0.000000000000000000e+00 1.150316109098601103e-01
-4.491240338792711340e-01 0.000000000000000000e+00 1.148502171863946542e-01
-4.578441786770822142e-01 0.000000000000000000e+00 1.147936695418188685e-01
-4.665664554566771316e-01 0.000000000000000000e+00 1.148695134538921941e-01
-4.752793930570506364e-01 0.000000000000000000e+00 1.150828800387303369e-01
-4.839720428328375679e-01 0.000000000000000000e+00 1.154365828818530726e-01
-4.926347562423712967e-01 0.000000000000000000e+00 1.159314473567176901e-01
-5.012598209426363249e-01 0.000000000000000000e+00 1.165668399700769409e-01
-5.098418996008360349e-01 0.000000000000000000e+00 1.173413491022975569e-01
-5.183782317746457036e-01 0.000000000000000000e+00 1.182535566535840854e-01
-5.268685783529573063e-01 0.000000000000000000e+00 1.193028334148290709e-01
-5.353149086481783225e-01 0.000000000000000000e+00 1.204900898682992327e-01
-5.437208506637822847e-01 0.000000000000000000e+00 1.218184185425724292e-01
-5.520909437403775932e-01 0.000000000000000000e+00 1.232935735072488992e-01
-5.604297482859974533e-01 0.000000000000000000e+00 1.249242462107870433e-01
-5.687408784677022711e-01 0.000000000000000000e+00 1.267221134408808292e-01
-5.770260297827690676e-01 0.000000000000000000e+00 1.287016513140181173e-01
-5.852840739500603240e-01 0.000000000000000000e+00 1.308797273826585172e-01
-5.935102886097017860e-01 0.000000000000000000e+00 1.332749997225791128e-01
-6.016957793573302071e-01 0.000000000000000000e+00 1.359071659196020299e-01
-6.098271375101341762e-01 0.000000000000000000e+00 1.387961151600138887e-01
-6.178863598520271116e-01 0.000000000000000000e+00 1.419610424239686475e-01
-6.258510377898270916e-01 0.000000000000000000e+00 1.454195847537352593e-01
-6.336948043259117425e-01 0.000000000000000000e+00 1.491870357905720756e-01
-6.413880094544834876e-01 0.000000000000000000e+00 1.532756867052318950e-01
-6.488985793301863536e-01 0.000000000000000000e+00 1.576943300881730181e-01
-6.561930029250834240e-01 0.000000000000000000e+00 1.624479493828223653e-01
-6.632373826632167457e-01 0.000000000000000000e+00 1.675376012755325217e-01
-6.699984831225609394e-01 0.000000000000000000e+00 1.729604833989998036e-01
-6.764447143607043023e-01 0.000000000000000000e+00 1.787101660140384962e-01
-6.825469934153741702e-01 0.000000000000000000e+00 1.847769551079617434e-01
-6.882794383763853885e-01 0.000000000000000000e+00 1.911483464451008418e-01
-6.936198631663792469e-01 0.000000000000000000e+00 1.978095260760932561e-01
-6.985500566536417821e-01 0.000000000000000000e+00 2.047438728584598522e-01
-7.030558457023137198e-01 0.000000000000000000e+00 2.119334225042693864e-01
-7.071269569974240055e-01 0.000000000000000000e+00 2.193592600566232342e-01
-7.107567058200559007e-01 0.000000000000000000e+00 2.270018177229283785e-01
-7.139415504372275123e-01 0.000000000000000000e+00 2.348410666630234012e-01
-7.166805577176910136e-01 0.000000000000000000e+00 2.428566035245964816e-01
-7.189748286030406277e-01 0.000000000000000000e+00 2.510276440944887999e-01
-7.208269310969345200e-01 0.000000000000000000e+00 2.593329463280589220e-01
-7.222403837513249325e-01 0.000000000000000000e+00 2.677506923365042812e-01
-7.232192247863354906e-01 0.000000000000000000e+00 2.762583630088694675e-01
-7.237676917751376671e-01 0.000000000000000000e+00 2.848326394793172511e-01
-7.238900252155480164e-01 0.000000000000000000e+00 2.934493626097270935e-01
-7.235903973332707961e-01 0.000000000000000000e+00 3.020835753607674645e-01
-7.228729561447257979e-01 0.000000000000000000e+00 3.107096639881800071e-01
-7.217419650811259801e-01 0.000000000000000000e+00 3.193016032845660823e-01
-7.202020110993924140e-01 0.000000000000000000e+00 3.278332996147319545e-01
-7.182582497085917561e-01 0.000000000000000000e+00 3.362790143616453675e-01
-7.159166539832011456e-01 0.000000000000000000e+00 3.446138406814873711e-01
-7.131842363941041096e-01 0.000000000000000000e+00 3.528141991092508256e-01
-7.100692168694463513e-01 0.000000000000000000e+00 3.608583133018918310e-01
-7.065811173654938937e-01 0.000000000000000000e+00 3.687266265193067105e-01
-7.027307716612901656e-01 0.000000000000000000e+00 3.764021224696368351e-01
-6.985302482509894162e-01 0.000000000000000000e+00 3.838705206937650383e-01
-6.939926932137922000e-01 0.000000000000000000e+00 3.911203262207725295e-01
-6.891321079512073844e-01 0.000000000000000000e+00 3.981427249968277349e-01
-6.839630829649268051e-01 0.000000000000000000e+00 4.049313295652778866e-01
-6.785005128517744843e-01 0.000000000000000000e+00 4.114817925181074032e-01
-6.727593190832007464e-01 0.000000000000000000e+00 4.177913171808961823e-01
-6.667542058327781129e-01 0.000000000000000000e+00 4.238581047395983958e-01
-6.604994702861323175e-01 0.000000000000000000e+00 4.296807836419714310e-01
-6.540088829180551455e-01 0.000000000000000000e+00 4.352578699367031789e-01
-6.472956457505470995e-01 0.000000000000000000e+00 4.405873058932900932e-01
-6.403724283511804671e-01 0.000000000000000000e+00 4.456661187730726614e-01
-6.332514731014803333e-01 0.000000000000000000e+00 4.504902323547979592e-01
-6.259447538636760955e-01 0.000000000000000000e+00 4.550544514518111150e-01
-6.184641663266219336e-01 0.000000000000000000e+00 4.593526251716373854e-01
-6.108217245985116950e-01 0.000000000000000000e+00 4.633779792473211590e-01
-6.030297374172404190e-01 0.000000000000000000e+00 4.671235927073816852e-01
-5.951009388165166003e-01 0.000000000000000000e+00 4.705829807424335431e-01
-5.870485521154242825e-01 0.000000000000000000e+00 4.737507350572451870e-01
-5.788862723476355665e-01 0.000000000000000000e+00 4.766231662412098169e-01
-5.706281601578326867e-01 0.000000000000000000e+00 4.791988904232872271e-01
-5.622884490472617181e-01 0.000000000000000000e+00 4.814793050129057561e-01
-5.538812768275478415e-01 0.000000000000000000e+00 4.834689055836488003e-01
-5.454203603951132129e-01 0.000000000000000000e+00 4.851754074517778403e-01
-5.369186396706294717e-01 0.000000000000000000e+00 4.866096503909427828e-01
-5.283879210848148045e-01 0.000000000000000000e+00 4.877852820588187144e-01
-5.198385528454994020e-01 0.000000000000000000e+00 4.887182337280538968e-01
-5.112791631368582834e-01 0.000000000000000000e+00 4.894260193446797191e-01
-5.027164883868175949e-01 0.000000000000000000e+00 4.899269043281492819e-01
-4.941553120655446385e-01 0.000000000000000000e+00 4.902390025593201250e-01
-4.855985256667058048e-01 0.000000000000000000e+00 4.903793676034252647e-01
-4.770473133002390287e-01 0.000000000000000000e+00 4.903631466518977855e-01
-4.685014505639457649e-01 0.000000000000000000e+00 4.902028626147758028e-01
-4.599596980071425922e-01 0.000000000000000000e+00 4.899078813718233394e-01
-4.514202604897961102e-01 0.000000000000000000e+00 4.894841079550347196e-01
-4.428812769200495825e-01 0.000000000000000000e+00 4.889339383527466776e-01
-4.343413008984221557e-01 0.000000000000000000e+00 4.882564739958120681e-01
-4.257997321527985934e-01 0.000000000000000000e+00 4.874479853443097199e-01
-4.172571614820869135e-01 0.000000000000000000e+00 4.865025909893103129e-01
-4.087155981065197508e-01 0.000000000000000000e+00 4.854131009516068351e-01
-4.001785574215365182e-01 0.000000000000000000e+00 4.841719588813158670e-01
-3.916509984756710860e-01 0.000000000000000000e+00 4.827722088486185448e-01
-3.831391131320182053e-01 0.000000000000000000e+00 4.812084091992387958e-01
-3.746499817768276785e-01 0.000000000000000000e+00 4.794774189090503791e-01
-3.661911225008514514e-01 0.000000000000000000e+00 4.775789908989911403e-01
-3.577699708302544135e-01 0.000000000000000000e+00 4.755161212600160781e-01
-3.493933343854069840e-01 0.000000000000000000e+00 4.732951222301827743e-01
-3.410668705734161699e-01 0.000000000000000000e+00 4.709254086266874140e-01
-3.327946351321328655e-01 0.000000000000000000e+00 4.684190105601264698e-01
-3.245787449268000557e-01 0.000000000000000000e+00 4.657898478044416590e-01
-3.164191900913530531e-01 0.000000000000000000e+00 4.630528213301226548e-01
-3.083138189800503359e-01 0.000000000000000000e+00 4.602227935522813507e-01
-3.002585053287920580e-01 0.000000000000000000e+00 4.573135394149362432e-01
-2.922474916337988171e-01 0.000000000000000000e+00 4.543367545549306663e-01
-2.842738873043263448e-01 0.000000000000000000e+00 4.513012039874550463e-01
-2.763302859519977672e-01 0.000000000000000000e+00 4.482120851001674122e-01
-2.684094544999757748e-01 0.000000000000000000e+00 4.450706628562267619e-01
-2.605050387229809750e-01 0.000000000000000000e+00 4.418742141238427013e-01
-2.526122261944246938e-01 0.000000000000000000e+00 4.386162935411341834e-01
-2.447283089097740671e-01 0.000000000000000000e+00 4.352873071787345394e-01
-2.368530941730351558e-01 0.000000000000000000e+00 4.318753545425934592e-01
-2.289891233583702668e-01 0.000000000000000000e+00 4.283672762451447569e-01
-2.211416731700417693e-01 0.000000000000000000e+00 4.247498258946593719e-01
-2.133185319404222458e-01 0.000000000000000000e+00 4.210108720354126532e-01
-2.055295629626626985e-01 0.000000000000000000e+00 4.171405305001827379e-01
-1.977860863028098881e-01 0.000000000000000000e+00 4.131321299529914226e-01
-1.901001283614876802e-01 0.000000000000000000e+00 4.089829237388688532e-01
-1.824836031059367536e-01 0.000000000000000000e+00 4.046944788307406671e-01
-1.749474990070555014e-01 0.000000000000000000e+00 4.002726964917785457e-01
-1.675011502364673333e-01 0.000000000000000000e+00 3.957274475621209153e-01
-1.601516689503571511e-01 0.000000000000000000e+00 3.910718359457798221e-01
-1.529036073231042347e-01 0.000000000000000000e+00 3.863211345901260696e-01
-1.457589037088956874e-01 0.000000000000000000e+00 3.814914666235516560e-01
-1.387171477131128594e-01 0.000000000000000000e+00 3.765983280702666081e-01
-1.317761753077721643e-01 0.000000000000000000e+00 3.716550657123097734e-01
-1.249329790569490284e-01 0.000000000000000000e+00 3.666714326880086694e-01
-1.181848919169859319e-01 0.000000000000000000e+00 3.616523443530624826e-01
-1.115309779527796225e-01 0.000000000000000000e+00 3.565969474996735777e-01
-1.049735416492746515e-01 0.000000000000000000e+00 3.514980976461047346e-01
-9.851965110210450516e-02 0.000000000000000000e+00 3.463423128738083445e-01
-9.218256072817102020e-02 0.000000000000000000e+00 3.411102403183233212e-01
-8.598291728809695500e-02 0.000000000000000000e+00 3.357776351303626838e-01
-7.994963946482179507e-02 0.000000000000000000e+00 3.303168140767212546e-01
-7.412037591295508876e-02 0.000000000000000000e+00 3.246985096695560458e-01
-6.854146889614380622e-02 0.000000000000000000e+00 3.188940184820308610e-01
-5.835956028275741947e-02 0.000000000000000000e+00 3.066283577589815068e-01
