0.000000000000000000e+00 -2.484580021463176913e-01 3.758341741838155392e-01
0.000000000000000000e+00 -2.468141106408741348e-01 3.707837133534475083e-01
0.000000000000000000e+00 -2.455029836686521416e-01 3.656529251089097321e-01
0.000000000000000000e+00 -2.445336012410954107e-01 3.604509839307282748e-01
0.000000000000000000e+00 -2.439128647555011409e-01 3.551882388432960891e-01
0.000000000000000000e+00 -2.436454523360836177e-01 3.498761811040683734e-01
0.000000000000000000e+00 -2.437337133974713799e-01 3.445273791776268246e-01
0.000000000000000000e+00 -2.441776056102960002e-01 3.391553809437868328e-01
0.000000000000000000e+00 -2.449746763977461161e-01 3.337745841592406615e-01
0.000000000000000000e+00 -2.461200899639902351e-01 3.284000772592361450e-01
0.000000000000000000e+00 -2.476066996827697153e-01 3.230474536126307639e-01
0.000000000000000000e+00 -2.494251644916314348e-01 3.177326032943311729e-01
0.000000000000000000e+00 -2.515641067793905061e-01 3.124714872796938159e-01
0.000000000000000000e+00 -2.540103081563152010e-01 3.072798996653178238e-01
0.000000000000000000e+00 -2.567489384915612738e-01 3.021732240536161296e-01
0.000000000000000000e+00 -2.597638127213953152e-01 2.971661905837854611e-01
0.000000000000000000e+00 -2.630376692019592011e-01 2.922726402346567665e-01
0.000000000000000000e+00 -2.665524628245776739e-01 2.875053029574871633e-01
0.000000000000000000e+00 -2.702896657474452846e-01 2.828755959181920576e-01
0.000000000000000000e+00 -2.742305684367051799e-01 2.783934476451783713e-01
0.000000000000000000e+00 -2.783565737579566934e-01 2.740671532041529801e-01
0.000000000000000000e+00 -2.826494771151249474e-01 2.699032646750734177e-01
0.000000000000000000e+00 -2.870917260899830126e-01 2.659065202147481988e-01
0.000000000000000000e+00 -2.916666536787231867e-01 2.620798138826487822e-01
0.000000000000000000e+00 -2.963586800322814963e-01 2.584242072225441111e-01
0.000000000000000000e+00 -3.011534785598094510e-01 2.549389823668449240e-01
0.000000000000000000e+00 -3.060381033204503387e-01 2.516217352039637478e-01
0.000000000000000000e+00 -3.110010757745617638e-01 2.484685059617648406e-01
0.000000000000000000e+00 -3.160324301563365301e-01 2.454739434514624230e-01
0.000000000000000000e+00 -3.211237179286273169e-01 2.426314982228794936e-01
0.000000000000000000e+00 -3.262679729507090287e-01 2.399336390368935756e-01
0.000000000000000000e+00 -3.314596400946562826e-01 2.373720863924303759e-01
0.000000000000000000e+00 -3.366944710521185269e-01 2.349380563759894958e-01
0.000000000000000000e+00 -3.419693919498377754e-01 2.326225078472499708e-01
0.000000000000000000e+00 -3.472823481128311518e-01 2.304163859434975037e-01
0.000000000000000000e+00 -3.526321318573226726e-01 2.283108550796318914e-01
0.000000000000000000e+00 -3.580181995456070410e-01 2.262975150329776253e-01
0.000000000000000000e+00 -3.634404842826257087e-01 2.243685943192817722e-01
0.000000000000000000e+00 -3.688992105762604612e-01 2.225171158674670857e-01
0.000000000000000000e+00 -3.743947170239174116e-01 2.207370309589846424e-01
0.000000000000000000e+00 -3.799272926371193848e-01 2.190233184807245659e-01
0.000000000000000000e+00 -3.854970317898836485e-01 2.173720477118562533e-01
0.000000000000000000e+00 -3.911037119975829812e-01 2.157804040851611649e-01
0.000000000000000000e+00 -3.967466978275630551e-01 2.142466785911710525e-01
0.000000000000000000e+00 -4.024248732417772256e-01 2.127702226872505986e-01
0.000000000000000000e+00 -4.081366036088230342e-01 2.113513716933554942e-01
0.000000000000000000e+00 -4.138797275335591719e-01 2.099913406637425872e-01
0.000000000000000000e+00 -4.196515775731790021e-01 2.086920975854641980e-01
0.000000000000000000e+00 -4.254490278748949694e-01 2.074562194410739246e-01
0.000000000000000000e+00 -4.312685658162726532e-01 2.062867371616434464e-01
0.000000000000000000e+00 -4.371063838859152173e-01 2.051869757707780462e-01
0.000000000000000000e+00 -4.429584873370637221e-01 2.041603960719983457e-01
0.000000000000000000e+00 -4.488208126023966460e-01 2.032104440594884598e-01
0.000000000000000000e+00 -4.546893510921690695e-01 2.023404138423467169e-01
0.000000000000000000e+00 -4.605602728211050101e-01 2.015533292791813758e-01
0.000000000000000000e+00 -4.664300443271164887e-01 2.008518487442230993e-01
0.000000000000000000e+00 -4.722955355554863677e-01 2.002381965154590993e-01
0.000000000000000000e+00 -4.781541107777635413e-01 1.997141232223361984e-01
0.000000000000000000e+00 -4.840036991813218559e-01 1.992808966523053060e-01
0.000000000000000000e+00 -4.898428414837896483e-01 1.989393230318059202e-01
0.000000000000000000e+00 -4.956707097718899280e-01 1.986897977097364931e-01
0.000000000000000000e+00 -5.014870987080604081e-01 1.985323830217140539e-01
0.000000000000000000e+00 -5.072923872588549488e-01 1.984669100419138299e-01
0.000000000000000000e+00 -5.130874711427696466e-01 1.984930999737377910e-01
0.000000000000000000e+00 -5.188736672370645175e-01 1.986107001247998938e-01
0.000000000000000000e+00 -5.246525921888359756e-01 1.988196287843626009e-01
0.000000000000000000e+00 -5.304260184118251287e-01 1.991201228949849300e-01
0.000000000000000000e+00 -5.361957114864681628e-01 1.995128822003393587e-01
0.000000000000000000e+00 -5.419632536891286767e-01 1.999992035661384282e-01
0.000000000000000000e+00 -5.477298589342518564e-01 2.005810994113103596e-01
0.000000000000000000e+00 -5.534961848023075559e-01 2.012613946446802915e-01
0.000000000000000000e+00 -5.592621475343948489e-01 2.020437971636214747e-01
0.000000000000000000e+00 -5.650267458947951793e-01 2.029329378136121853e-01
0.000000000000000000e+00 -5.707878996352008238e-01 2.039343767032684718e-01
0.000000000000000000e+00 -5.765423079445816112e-01 2.050545738848144339e-01
0.000000000000000000e+00 -5.822853327482566677e-01 2.063008236075206947e-01
0.000000000000000000e+00 -5.880109110457824029e-01 2.076811525909309508e-01
0.000000000000000000e+00 -5.937114996715883164e-01 2.092041840037246470e-01
0.000000000000000000e+00 -5.993780549508895827e-01 2.108789700308119353e-01
0.000000000000000000e+00 -6.050000487353734968e-01 2.127147970250081177e-01
0.000000000000000000e+00 -6.105655212699098167e-01 2.147209682324970337e-01
0.000000000000000000e+00 -6.160611702955576252e-01 2.169065699193163388e-01
0.000000000000000000e+00 -6.214724747680996364e-01 2.192802273806185309e-01
0.000000000000000000e+00 -6.267838505968605922e-01 2.218498577628849611e-01
0.000000000000000000e+00 -6.319788349153535600e-01 2.246224268559923187e-01
0.000000000000000000e+00 -6.370402946100892638e-01 2.276037170088453521e-01
0.000000000000000000e+00 -6.419506541796610177e-01 2.307981130887191146e-01
0.000000000000000000e+00 -6.466921374915157728e-01 2.342084129477373655e-01
0.000000000000000000e+00 -6.512470176621550921e-01 2.378356681947325080e-01
0.000000000000000000e+00 -6.555978691160462279e-01 2.416790602187200987e-01
0.000000000000000000e+00 -6.597278158818487004e-01 2.457358153992118543e-01
0.000000000000000000e+00 -6.636207703587357898e-01 2.500011623016222262e-01
0.000000000000000000e+00 -6.672616571222909077e-01 2.544683324302963179e-01
0.000000000000000000e+00 -6.706366168253606874e-01 2.591286048371672646e-01
0.000000000000000000e+00 -6.737331858665680517e-01 2.639713936022425322e-01
0.000000000000000000e+00 -6.765404482263004393e-01 2.689843759545487711e-01
0.000000000000000000e+00 -6.790491566822435265e-01 2.741536576290659055e-01
0.000000000000000000e+00 -6.812518214871627897e-01 2.794639709940657246e-01
0.000000000000000000e+00 -6.831427654925219528e-01 2.848989005677542985e-01
0.000000000000000000e+00 -6.847181456044244552e-01 2.904411298017505194e-01
0.000000000000000000e+00 -6.859759413355207558e-01 2.960727024642827443e-01
0.000000000000000000e+00 -6.869159120418660835e-01 3.017752916239392902e-01
0.000000000000000000e+00 -6.875395251834737209e-01 3.075304691240405286e-01
0.000000000000000000e+00 -6.878498586009014204e-01 3.133199685494587050e-01
0.000000000000000000e+00 -6.878514803406997613e-01 3.191259350158384689e-01
0.000000000000000000e+00 -6.875503099773143667e-01 3.249311556423252756e-01
0.000000000000000000e+00 -6.869534656598113020e-01 3.307192652831602575e-01
0.000000000000000000e+00 -6.860691012551570767e-01 3.364749229649616757e-01
0.000000000000000000e+00 -6.849062379668042766e-01 3.421839554743751899e-01
0.000000000000000000e+00 -6.834745946836766617e-01 3.478334656303257444e-01
0.000000000000000000e+00 -6.817844210700785279e-01 3.534119039189961842e-01
0.000000000000000000e+00 -6.798463370550307250e-01 3.589091033291840760e-01
0.000000000000000000e+00 -6.776711819366660894e-01 3.643162783621425316e-01
0.000000000000000000e+00 -6.752698758026036696e-01 3.696259902660030128e-01
0.000000000000000000e+00 -6.726532954013866306e-01 3.748320815255840044e-01
0.000000000000000000e+00 -6.698321660047255044e-01 3.799295834927779447e-01
0.000000000000000000e+00 -6.668169701971716767e-01 3.849146017444936008e-01
0.000000000000000000e+00 -6.636178739400161453e-01 3.897841842836746729e-01
0.000000000000000000e+00 -6.602446696992970709e-01 3.945361780398801699e-01
0.000000000000000000e+00 -6.567067359214260325e-01 3.991690792716150460e-01
0.000000000000000000e+00 -6.530130116989978362e-01 4.036818834222944408e-01
0.000000000000000000e+00 -6.491719851057269342e-01 4.080739397414556713e-01
0.000000000000000000e+00 -6.451916934015259342e-01 4.123448155651784908e-01
0.000000000000000000e+00 -6.410797331213338168e-01 4.164941745732240186e-01
0.000000000000000000e+00 -6.368432779655127662e-01 4.205216726289988660e-01
0.000000000000000000e+00 -6.324891024030231401e-01 4.244268739903053200e-01
0.000000000000000000e+00 -6.280236089753127304e-01 4.282091897854630180e-01
0.000000000000000000e+00 -6.234528574400977075e-01 4.318678397144393166e-01
0.000000000000000000e+00 -6.187825941085728365e-01 4.354018369926731524e-01
0.000000000000000000e+00 -6.140182799936377833e-01 4.388099956405742130e-01
0.000000000000000000e+00 -6.091651166856655308e-01 4.420909583669169751e-01
0.000000000000000000e+00 -6.042280691905518308e-01 4.452432425295271279e-01
0.000000000000000000e+00 -5.992118852866138434e-01 4.482653010080338007e-01
0.000000000000000000e+00 -5.941211112671923589e-01 4.511555943126295265e-01
0.000000000000000000e+00 -5.889601042206199510e-01 4.539126698959992656e-01
0.000000000000000000e+00 -5.837330412462874429e-01 4.565352444431837742e-01
0.000000000000000000e+00 -5.784439262048485242e-01 4.590222848902982267e-01
0.000000000000000000e+00 -5.730965947446929887e-01 4.613730840656127263e-01
0.000000000000000000e+00 -5.676947184310358052e-01 4.635873271472800150e-01
0.000000000000000000e+00 -5.622418088267209235e-01 4.656651455769830750e-01
0.000000000000000000e+00 -5.567412223364043289e-01 4.676071556388056716e-01
0.000000000000000000e+00 -5.511961665324380810e-01 4.694144795841450613e-01
0.000000000000000000e+00 -5.456097085383687650e-01 4.710887479294053604e-01
0.000000000000000000e+00 -5.399847858636686038e-01 4.726320823440326446e-01
0.000000000000000000e+00 -5.343242198721779301e-01 4.740470593513012587e-01
0.000000000000000000e+00 -5.286307318391576526e-01 4.753366558520863983e-01
0.000000000000000000e+00 -5.229069613209780254e-01 4.765041782226158706e-01
0.000000000000000000e+00 -5.171554863406890856e-01 4.775531774028617393e-01
0.000000000000000000e+00 -5.113788446949142363e-01 4.784873529579723450e-01
0.000000000000000000e+00 -5.055795555246024309e-01 4.793104495400788423e-01
0.000000000000000000e+00 -4.997601401744540262e-01 4.800261494858604205e-01
0.000000000000000000e+00 -4.939231413015596761e-01 4.806379654456648942e-01
0.000000000000000000e+00 -4.880711391887446737e-01 4.811491369477036151e-01
0.000000000000000000e+00 -4.822067642752814742e-01 4.815625346566922427e-01
0.000000000000000000e+00 -4.763327050370981808e-01 4.818805757968689374e-01
0.000000000000000000e+00 -4.704517105274010902e-01 4.821051537867244718e-01
0.000000000000000000e+00 -4.645665871208243258e-01 4.822375845941395678e-01
0.000000000000000000e+00 -4.586801892811606662e-01 4.822785716874311013e-01
0.000000000000000000e+00 -4.527954044832827596e-01 4.822281907550814983e-01
0.000000000000000000e+00 -4.469151327508864013e-01 4.820858946222243424e-01
0.000000000000000000e+00 -4.410422616085031833e-01 4.818505380343560129e-01
0.000000000000000000e+00 -4.351796375732473465e-01 4.815204212377288129e-01
0.000000000000000000e+00 -4.293300356130877460e-01 4.810933505901989760e-01
0.000000000000000000e+00 -4.234961282585499864e-01 4.805667138128978944e-01
0.000000000000000000e+00 -4.176804562591990289e-01 4.799375669660767563e-01
0.000000000000000000e+00 -4.118854028122239663e-01 4.792027298222038545e-01
0.000000000000000000e+00 -4.061131734474373034e-01 4.783588860316937974e-01
0.000000000000000000e+00 -4.003657836232889511e-01 4.774026843422427557e-01
0.000000000000000000e+00 -3.946450559675567793e-01 4.763308371467845914e-01
0.000000000000000000e+00 -3.889526288832106937e-01 4.751402127970131284e-01
0.000000000000000000e+00 -3.832899779372248017e-01 4.738279184229209351e-01
0.000000000000000000e+00 -3.776584510642462811e-01 4.723913704320901186e-01
0.000000000000000000e+00 -3.720593181579968101e-01 4.708283504086634985e-01
0.000000000000000000e+00 -3.664938351044788600e-01 4.691370447697082446e-01
0.000000000000000000e+00 -3.609633217487849266e-01 4.673160672411245109e-01
0.000000000000000000e+00 -3.554692527003823210e-01 4.653644639586604903e-01
0.000000000000000000e+00 -3.500133592907707092e-01 4.632817017526605352e-01
0.000000000000000000e+00 -3.445977404241640785e-01 4.610676409079970117e-01
0.000000000000000000e+00 -3.392249795284331682e-01 4.587224943738947291e-01
0.000000000000000000e+00 -3.338982643416365526e-01 4.562467760044215392e-01
0.000000000000000000e+00 -3.286215058794795252e-01 4.536412409144195412e-01
0.000000000000000000e+00 -3.233994526393201840e-01 4.509068214164084210e-01
0.000000000000000000e+00 -3.182377959224697572e-01 4.480445622449105159e-01
0.000000000000000000e+00 -3.131432621106335912e-01 4.450555588643010374e-01
0.000000000000000000e+00 -3.081236878225317444e-01 4.419409025889869946e-01
0.000000000000000000e+00 -3.031880741067389251e-01 4.387016360206878463e-01
0.000000000000000000e+00 -2.983466161955928286e-01 4.353387219331151803e-01
0.000000000000000000e+00 -2.936107058468453990e-01 4.318530282214870231e-01
0.000000000000000000e+00 -2.889929039239896857e-01 4.282453309006319930e-01
0.000000000000000000e+00 -2.845068815977832566e-01 4.245163364033037179e-01
0.000000000000000000e+00 -2.801673293711262613e-01 4.206667236261962817e-01
0.000000000000000000e+00 -2.759898340142283857e-01 4.166972053246154606e-01
0.000000000000000000e+00 -2.719907244210856834e-01 4.126086075994614411e-01
0.000000000000000000e+00 -2.681868883336592235e-01 4.084019653847018039e-01
0.000000000000000000e+00 -2.645955627975622448e-01 4.040786310621570232e-01
0.000000000000000000e+00 -2.612341020829115901e-01 3.996403926340290624e-01
0.000000000000000000e+00 -2.581197275974056460e-01 3.950895973004030504e-01
0.000000000000000000e+00 -2.552692650083475678e-01 3.904292758434740884e-01
0.000000000000000000e+00 -2.526988743516113689e-01 3.856632629324181494e-01
0.000000000000000000e+00 -2.484580021463176913e-01 3.758341741838155392e-01
