0.000000000000000000e+00 -2.357964197087885072e-01 -1.816956756564144515e-01
0.000000000000000000e+00 -2.341334276133311687e-01 -1.885803795605321964e-01
0.000000000000000000e+00 -2.330601216856140745e-01 -1.955880491626364459e-01
0.000000000000000000e+00 -2.325886786452235622e-01 -2.027011010198417618e-01
0.000000000000000000e+00 -2.327226165713034978e-01 -2.098981339662737700e-01
0.000000000000000000e+00 -2.334566690055108751e-01 -2.171544629609574173e-01
0.000000000000000000e+00 -2.347770245249287402e-01 -2.244428235939557870e-01
0.000000000000000000e+00 -2.366619202862854654e-01 -2.317342096979649324e-01
0.000000000000000000e+00 -2.390825579024067338e-01 -2.389987987351117615e-01
0.000000000000000000e+00 -2.420042917729702814e-01 -2.462069147882754994e-01
0.000000000000000000e+00 -2.453880248504430039e-01 -2.533299773574347324e-01
0.000000000000000000e+00 -2.491917357670523359e-01 -2.603413857973230772e-01
0.000000000000000000e+00 -2.533720549906797181e-01 -2.672172939646316747e-01
0.000000000000000000e+00 -2.578858065996940119e-01 -2.739372370970133974e-01
0.000000000000000000e+00 -2.626914363974277578e-01 -2.804845825724790465e-01
0.000000000000000000e+00 -2.677502560989224456e-01 -2.868467873128850987e-01
0.000000000000000000e+00 -2.730274465569707543e-01 -2.930154564322455801e-01
0.000000000000000000e+00 -2.784927795094097602e-01 -2.989862094946365012e-01
0.000000000000000000e+00 -2.841210359682815878e-01 -3.047583716705571377e-01
0.000000000000000000e+00 -2.898921188458729037e-01 -3.103345164784088728e-01
0.000000000000000000e+00 -2.957908763960803711e-01 -3.157198941091128863e-01
0.000000000000000000e+00 -3.018066702713398386e-01 -3.209217841582573394e-01
0.000000000000000000e+00 -3.079327363306563758e-01 -3.259488137174530453e-01
0.000000000000000000e+00 -3.141653968824834053e-01 -3.308102811841246993e-01
0.000000000000000000e+00 -3.205031891922275333e-01 -3.355155230044035708e-01
0.000000000000000000e+00 -3.269459765381910188e-01 -3.400733552044213903e-01
0.000000000000000000e+00 -3.334941049126654566e-01 -3.444916144678869530e-01
0.000000000000000000e+00 -3.401476610185274474e-01 -3.487768152591780857e-01
0.000000000000000000e+00 -3.469058761848689554e-01 -3.529339307029009665e-01
0.000000000000000000e+00 -3.537667071383430173e-01 -3.569662962515576798e-01
0.000000000000000000e+00 -3.607266093095007342e-01 -3.608756272017874522e-01
0.000000000000000000e+00 -3.677805027001380678e-01 -3.646621343743041699e-01
0.000000000000000000e+00 -3.749219154595118120e-01 -3.683247171551867205e-01
0.000000000000000000e+00 -3.821432772943321732e-01 -3.718612098685040723e-01
0.000000000000000000e+00 -3.894363245800505080e-01 -3.752686562212206867e-01
0.000000000000000000e+00 -3.967925722251061660e-01 -3.785435872857567108e-01
0.000000000000000000e+00 -4.042038043612028453e-01 -3.816822809749649825e-01
0.000000000000000000e+00 -4.116625368830921783e-01 -3.846809849079160237e-01
0.000000000000000000e+00 -4.191624095284060547e-01 -3.875360895594545108e-01
0.000000000000000000e+00 -4.266984730783962010e-01 -3.902442441715050503e-01
0.000000000000000000e+00 -4.342673476438946856e-01 -3.928024136002944422e-01
0.000000000000000000e+00 -4.418672399721815247e-01 -3.952078796211249134e-01
0.000000000000000000e+00 -4.494978202636144560e-01 -3.974581948056614134e-01
0.000000000000000000e+00 -4.571599710953970219e-01 -3.995511006041945756e-01
0.000000000000000000e+00 -4.648554317478133524e-01 -4.014844234905337594e-01
0.000000000000000000e+00 -4.725863696849516016e-01 -4.032559638609166108e-01
0.000000000000000000e+00 -4.803549165247404384e-01 -4.048633918411215227e-01
0.000000000000000000e+00 -4.881627081537876500e-01 -4.063041623805589975e-01
0.000000000000000000e+00 -4.960104675834123289e-01 -4.075754592272979315e-01
0.000000000000000000e+00 -5.038976648619748477e-01 -4.086741738853081340e-01
0.000000000000000000e+00 -5.118222812705695013e-01 -4.095969218006889068e-01
0.000000000000000000e+00 -5.197806957701438524e-01 -4.103400941670068414e-01
0.000000000000000000e+00 -5.277677010398488244e-01 -4.108999402237635823e-01
0.000000000000000000e+00 -5.357766453495687031e-01 -4.112726720440076922e-01
0.000000000000000000e+00 -5.437996858698236347e-01 -4.114545817963797814e-01
0.000000000000000000e+00 -5.518281297153292408e-01 -4.114421604675758681e-01
0.000000000000000000e+00 -5.598528318001670945e-01 -4.112322070934921192e-01
0.000000000000000000e+00 -5.678646140287848532e-01 -4.108219186266891532e-01
0.000000000000000000e+00 -5.758546688097379018e-01 -4.102089525325028352e-01
0.000000000000000000e+00 -5.838149114596273836e-01 -4.093914568515087948e-01
0.000000000000000000e+00 -5.917382506085189231e-01 -4.083680655349098965e-01
0.000000000000000000e+00 -5.996187528294643077e-01 -4.071378600659495972e-01
0.000000000000000000e+00 -6.074516867909356410e-01 -4.057003014359651383e-01
0.000000000000000000e+00 -6.152334425128894724e-01 -4.040551391817402416e-01
0.000000000000000000e+00 -6.229613319420386208e-01 -4.022023061896106699e-01
0.000000000000000000e+00 -6.306332871730261358e-01 -4.001418091721709036e-01
0.000000000000000000e+00 -6.382474814001591890e-01 -3.978736250407520769e-01
0.000000000000000000e+00 -6.458019043739482434e-01 -3.953976128261563749e-01
0.000000000000000000e+00 -6.532939282140904913e-01 -3.927134494141884535e-01
0.000000000000000000e+00 -6.607199005664367020e-01 -3.898205953031704807e-01
0.000000000000000000e+00 -6.680748001966370087e-01 -3.867182940542667202e-01
0.000000000000000000e+00 -6.753519853444603926e-01 -3.834056063242307633e-01
0.000000000000000000e+00 -6.825430579095035366e-01 -3.798814765904569013e-01
0.000000000000000000e+00 -6.896378573903994003e-01 -3.761448281383342196e-01
0.000000000000000000e+00 -6.966245881966344200e-01 -3.721946797903333271e-01
0.000000000000000000e+00 -7.034900733269890960e-01 -3.680302763777546504e-01
0.000000000000000000e+00 -7.102201173177823401e-01 -3.636512241925231592e-01
0.000000000000000000e+00 -7.167999526188656434e-01 -3.590576226433460083e-01
0.000000000000000000e+00 -7.232147368569876722e-01 -3.542501840448964989e-01
0.000000000000000000e+00 -7.294500643299703935e-01 -3.492303347938636171e-01
0.000000000000000000e+00 -7.354924538678376811e-01 -3.440002929822972844e-01
0.000000000000000000e+00 -7.413297769913279600e-01 -3.385631195798067816e-01
0.000000000000000000e+00 -7.469515949460582283e-01 -3.329227424759964582e-01
0.000000000000000000e+00 -7.523493803159041482e-01 -3.270839547081390020e-01
0.000000000000000000e+00 -7.575166079485977644e-01 -3.210523899220193433e-01
0.000000000000000000e+00 -7.624487101361632213e-01 -3.148344793793200203e-01
0.000000000000000000e+00 -7.671429015665325313e-01 -3.084373955371552123e-01
0.000000000000000000e+00 -7.715978896577766477e-01 -3.018689873481823494e-01
0.000000000000000000e+00 -7.758134947012200744e-01 -2.951377119890112311e-01
0.000000000000000000e+00 -7.797902110775265516e-01 -2.882525668049155665e-01
0.000000000000000000e+00 -7.835287451342969334e-01 -2.812230239941655996e-01
0.000000000000000000e+00 -7.870295667911232362e-01 -2.740589691151956719e-01
0.000000000000000000e+00 -7.902925104633822251e-01 -2.667706430717836086e-01
0.000000000000000000e+00 -7.933164566005429519e-01 -2.593685860014652289e-01
0.000000000000000000e+00 -7.960991183745989019e-01 -2.518635806254833631e-01
0.000000000000000000e+00 -7.986369493811287246e-01 -2.442665922408505663e-01
0.000000000000000000e+00 -8.009251783320964213e-01 -2.365887027196973691e-01
0.000000000000000000e+00 -8.029579664224258950e-01 -2.288410366387159112e-01
0.000000000000000000e+00 -8.047286731683199745e-01 -2.210346789371602227e-01
0.000000000000000000e+00 -8.062302078347415302e-01 -2.131805851776565064e-01
0.000000000000000000e+00 -8.074554367835762303e-01 -2.052894873886541571e-01
0.000000000000000000e+00 -8.083976127197614048e-01 -1.973718003906269336e-01
0.000000000000000000e+00 -8.090507902303700760e-01 -1.894375352206436325e-01
0.000000000000000000e+00 -8.094101933184703057e-01 -1.814962275447299656e-01
0.000000000000000000e+00 -8.094725047148970676e-01 -1.735568895829175395e-01
0.000000000000000000e+00 -8.092360532704255816e-01 -1.656279939132561108e-01
0.000000000000000000e+00 -8.087008841575865636e-01 -1.577174964785776901e-01
0.000000000000000000e+00 -8.078687062637343042e-01 -1.498329041818400598e-01
0.000000000000000000e+00 -8.067427212570380535e-01 -1.419813896955719745e-01
0.000000000000000000e+00 -8.053273485431867718e-01 -1.341699526854413238e-01
0.000000000000000000e+00 -8.036278689223007587e-01 -1.264056227900378082e-01
0.000000000000000000e+00 -8.016500165158007007e-01 -1.186956957014274755e-01
0.000000000000000000e+00 -7.993995529225371710e-01 -1.110479898849304620e-01
0.000000000000000000e+00 -7.968818592334557804e-01 -1.034711082048702657e-01
0.000000000000000000e+00 -7.941015803529485328e-01 -9.597468631172823006e-02
0.000000000000000000e+00 -7.910623521384428924e-01 -8.856960837528143893e-02
0.000000000000000000e+00 -7.877666354918443359e-01 -8.126817082535646442e-02
0.000000000000000000e+00 -7.842156732240544992e-01 -7.408417629967094242e-02
0.000000000000000000e+00 -7.804095759253453224e-01 -6.703294299989229210e-02
0.000000000000000000e+00 -7.763475329668823033e-01 -6.013121900877051867e-02
0.000000000000000000e+00 -7.720281349271305160e-01 -5.339699659477450261e-02
0.000000000000000000e+00 -7.674497849509143155e-01 -4.684922779509225615e-02
0.000000000000000000e+00 -7.626111694920281181e-01 -4.050744921007192606e-02
0.000000000000000000e+00 -7.575117541060808479e-01 -3.439133049517895807e-02
0.000000000000000000e+00 -7.521522678102464665e-01 -2.852016701327397125e-02
0.000000000000000000e+00 -7.465351401628634864e-01 -2.291234204026025567e-02
0.000000000000000000e+00 -7.406648585705051246e-01 -1.758478738479214015e-02
0.000000000000000000e+00 -7.345482191225761737e-01 -1.255247296029867940e-02
0.000000000000000000e+00 -7.281944520143062149e-01 -7.827955525288442240e-03
0.000000000000000000e+00 -7.216152117290814960e-01 -3.421014414760943471e-03
0.000000000000000000e+00 -7.148244318922150065e-01 6.616022995131132711e-04
0.000000000000000000e+00 -7.078380543213022014e-01 4.416303930215655267e-03
0.000000000000000000e+00 -7.006736505440396279e-01 7.842645831500334383e-03
0.000000000000000000e+00 -6.933499612722089367e-01 1.094317930257634672e-02
0.000000000000000000e+00 -6.858863844803747556e-01 1.372317025059473401e-02
0.000000000000000000e+00 -6.783024454808318504e-01 1.619020266160939303e-02
0.000000000000000000e+00 -6.706172825514654656e-01 1.835369058684140423e-02
0.000000000000000000e+00 -6.628491793074015037e-01 2.022432856589796712e-02
0.000000000000000000e+00 -6.550151703588524832e-01 2.181351470113433721e-02
0.000000000000000000e+00 -6.471307402928533348e-01 2.313278261659702448e-02
0.000000000000000000e+00 -6.392096282229050574e-01 2.419327808547402578e-02
0.000000000000000000e+00 -6.312637417275480667e-01 2.500531317059371400e-02
0.000000000000000000e+00 -6.233031756431559600e-01 2.557802545241527267e-02
0.000000000000000000e+00 -6.153363235632204331e-01 2.591916265010112130e-02
0.000000000000000000e+00 -6.073700636250756180e-01 2.603500415783656721e-02
0.000000000000000000e+00 -5.994099957090738284e-01 2.593042132462072824e-02
0.000000000000000000e+00 -5.914607048456355098e-01 2.560906838318223119e-02
0.000000000000000000e+00 -5.835260255468018853e-01 2.507368649353153983e-02
0.000000000000000000e+00 -5.756092838811754930e-01 2.432649509732565107e-02
0.000000000000000000e+00 -5.677134981391414037e-01 2.336963829529585535e-02
0.000000000000000000e+00 -5.598415244725267748e-01 2.220564975568190338e-02
0.000000000000000000e+00 -5.519961403995242710e-01 2.083789807230387869e-02
0.000000000000000000e+00 -5.441800659266609053e-01 1.927097566579471372e-02
0.000000000000000000e+00 -5.363959286187960362e-01 1.751099820972388740e-02
0.000000000000000000e+00 -5.286461846444284740e-01 1.556578791455262220e-02
0.000000000000000000e+00 -5.209330121234180266e-01 1.344492238237528572e-02
0.000000000000000000e+00 -5.132581956265478418e-01 1.115964056548028431e-02
0.000000000000000000e+00 -5.056230212061274543e-01 8.722607919945635571e-03
0.000000000000000000e+00 -4.980281998440128088e-01 6.147553376790813005e-03
0.000000000000000000e+00 -4.904738338458594082e-01 3.448800485276590742e-03
0.000000000000000000e+00 -4.829594358202972115e-01 6.407232928705042675e-04
0.000000000000000000e+00 -4.754840039366736715e-01 -2.262836405314381290e-03
0.000000000000000000e+00 -4.680461507361154405e-01 -5.249150357346401771e-03
0.000000000000000000e+00 -4.606442765110370097e-01 -8.307143031192011987e-03
0.000000000000000000e+00 -4.532767727962862536e-01 -1.142785042510418257e-02
0.000000000000000000e+00 -4.459422373976255072e-01 -1.460476548349454694e-02
0.000000000000000000e+00 -4.386396800726350409e-01 -1.783404478265342846e-02
0.000000000000000000e+00 -4.313686977702284597e-01 -2.111456077324813663e-02
0.000000000000000000e+00 -4.241296003343686949e-01 -2.444779473327440139e-02
0.000000000000000000e+00 -4.169234716890924952e-01 -2.783757691189130482e-02
0.000000000000000000e+00 -4.097521574491829743e-01 -3.128969130566048445e-02
0.000000000000000000e+00 -4.026181771674133270e-01 -3.481137229724971804e-02
0.000000000000000000e+00 -3.955245674150382751e-01 -3.841072827415598079e-02
0.000000000000000000e+00 -3.884746698829248945e-01 -4.209613273551521956e-02
0.000000000000000000e+00 -3.814718859372128734e-01 -4.587562587024599653e-02
0.000000000000000000e+00 -3.745194248455825936e-01 -4.975636894105690822e-02
0.000000000000000000e+00 -3.676200765804772397e-01 -5.374419005451951808e-02
0.000000000000000000e+00 -3.607760412265618166e-01 -5.784325328317613951e-02
0.000000000000000000e+00 -3.539888452910539551e-01 -6.205587408840436414e-02
0.000000000000000000e+00 -3.472593705862799252e-01 -6.638249320889691441e-02
0.000000000000000000e+00 -3.405880140161786640e-01 -7.082180939982209156e-02
0.000000000000000000e+00 -3.339749869826659778e-01 -7.537105948182463988e-02
0.000000000000000000e+00 -3.274207518766594216e-01 -8.002642295457608468e-02
0.000000000000000000e+00 -3.209265810445013911e-01 -8.478351876889524130e-02
0.000000000000000000e+00 -3.144952116467216729e-01 -8.963795445163529052e-02
0.000000000000000000e+00 -3.081315589173769798e-01 -9.458588319775872166e-02
0.000000000000000000e+00 -3.018434414198195581e-01 -9.962452314422261257e-02
0.000000000000000000e+00 -2.956422658015418481e-01 -1.047525949540391160e-01
0.000000000000000000e+00 -2.895436159223208072e-01 -1.099706389626158298e-01
0.000000000000000000e+00 -2.835676924774542806e-01 -1.152811811379102769e-01
0.000000000000000000e+00 -2.777395544975346797e-01 -1.206887274390886916e-01
0.000000000000000000e+00 -2.720891232182490738e-01 -1.261995781137172368e-01
0.000000000000000000e+00 -2.666509213240064735e-01 -1.318214662203214815e-01
0.000000000000000000e+00 -2.614635357532851812e-01 -1.375630373105253823e-01
0.000000000000000000e+00 -2.565688091617077671e-01 -1.434331988652121914e-01
0.000000000000000000e+00 -2.520107826594567002e-01 -1.494403779307585944e-01
0.000000000000000000e+00 -2.478344293766534256e-01 -1.555917327474576617e-01
0.000000000000000000e+00 -2.440842335684843267e-01 -1.618923684796280404e-01
0.000000000000000000e+00 -2.408026822442100590e-01 -1.683446081329926514e-01
0.000000000000000000e+00 -2.357964197087885072e-01 -1.816956756564144515e-01
