4.033598865321218474e-01 7.330881188886471944e-02 0.000000000000000000e+00
4.043983830521878375e-01 6.749001841828518311e-02 0.000000000000000000e+00
4.052773212720534590e-01 6.164604048402945458e-02 0.000000000000000000e+00
4.059992636173461178e-01 5.577181510938925696e-02 0.000000000000000000e+00
4.065663577900980319e-01 4.986227433462658842e-02 0.000000000000000000e+00
4.069802402673718955e-01 4.391268156855284571e-02 0.000000000000000000e+00
4.072419710751715716e-01 3.791895860023510728e-02 0.000000000000000000e+00
4.073520018199972559e-01 3.187798980450875369e-02 0.000000000000000000e+00
4.073101775050086415e-01 2.578789105873270648e-02 0.000000000000000000e+00
4.071157712284524943e-01 1.964823236739690615e-02 0.000000000000000000e+00
4.067675495153355580e-01 1.346020509748754521e-02 0.000000000000000000e+00
4.062638648200087022e-01 7.226726976965037672e-03 0.000000000000000000e+00
4.056027707005568361e-01 9.524805054981499725e-04 0.000000000000000000e+00
4.047821543398402722e-01 -5.356116932689323519e-03 0.000000000000000000e+00
4.037998804970570066e-01 -1.169101028599434274e-02 0.000000000000000000e+00
4.026539406317949932e-01 -1.804266780489223801e-02 0.000000000000000000e+00
4.013426008534017320e-01 -2.440029974423973610e-02 0.000000000000000000e+00
3.998645425059255132e-01 -3.075212659628632703e-02 0.000000000000000000e+00
3.982189895875870023e-01 -3.708568680683017871e-02 0.000000000000000000e+00
3.964058178005367417e-01 -4.338817248185042330e-02 0.000000000000000000e+00
3.944256408017562943e-01 -4.964678059302714275e-02 0.000000000000000000e+00
3.922798701446478242e-01 -5.584906666531051778e-02 0.000000000000000000e+00
3.899707464250039557e-01 -6.198328788684605989e-02 0.000000000000000000e+00
3.875013402348858604e-01 -6.803872301143194801e-02 0.000000000000000000e+00
3.848755226435575105e-01 -7.400595729934580924e-02 0.000000000000000000e+00
3.820979060274863337e-01 -7.987712202134254758e-02 0.000000000000000000e+00
3.791737571256074690e-01 -8.564607967717957626e-02 0.000000000000000000e+00
3.761088851693236146e-01 -9.130854798789647675e-02 0.000000000000000000e+00
3.729095088012805981e-01 -9.686215783641997923e-02 0.000000000000000000e+00
3.695821062300863047e-01 -1.023064425755938062e-01 0.000000000000000000e+00
3.661332536523354553e-01 -1.076427584168083151e-01 0.000000000000000000e+00
3.625694573964509115e-01 -1.128741378780468291e-01 0.000000000000000000e+00
3.588969854980167407e-01 -1.180050804337656328e-01 0.000000000000000000e+00
3.551217045013643214e-01 -1.230412865037520814e-01 0.000000000000000000e+00
3.512489271995049567e-01 -1.279893426858561001e-01 0.000000000000000000e+00
3.472832767802555565e-01 -1.328563676303967378e-01 0.000000000000000000e+00
3.432285724500561686e-01 -1.376496291354237789e-01 0.000000000000000000e+00
3.390877410707298090e-01 -1.423761438869124984e-01 0.000000000000000000e+00
3.348627586827042646e-01 -1.470422717630870957e-01 0.000000000000000000e+00
3.305546250171514377e-01 -1.516533167653987269e-01 0.000000000000000000e+00
3.261633732366603367e-01 -1.562131464386514457e-01 0.000000000000000000e+00
3.216881162080759693e-01 -1.607238411171347525e-01 0.000000000000000000e+00
3.171271296215787405e-01 -1.651853835081396882e-01 0.000000000000000000e+00
3.124779712472978144e-01 -1.695953980311909748e-01 0.000000000000000000e+00
3.077376345858487960e-01 -1.739489480079933481e-01 0.000000000000000000e+00
3.029027341439433085e-01 -1.782383972852393250e-01 0.000000000000000000e+00
2.979697185730984521e-01 -1.824533412129091259e-01 0.000000000000000000e+00
2.929351069714721256e-01 -1.865806101381801418e-01 0.000000000000000000e+00
2.877957427894055620e-01 -1.906043467529410229e-01 0.000000000000000000e+00
2.825490590219242315e-01 -1.945061567934117386e-01 0.000000000000000000e+00
2.771933477395845946e-01 -1.982653307738986292e-01 0.000000000000000000e+00
2.717280265252520199e-01 -2.018591326813541642e-01 0.000000000000000000e+00
2.661538940698815470e-01 -2.052631498986199066e-01 0.000000000000000000e+00
2.604733670542318524e-01 -2.084516970946912184e-01 0.000000000000000000e+00
2.546906905217634076e-01 -2.113982654498577363e-01 0.000000000000000000e+00
2.488121142429338406e-01 -2.140760073990684853e-01 0.000000000000000000e+00
2.428460280900511525e-01 -2.164582461023537296e-01 0.000000000000000000e+00
2.368030501863850334e-01 -2.185189981076459675e-01 0.000000000000000000e+00
2.306960625584401625e-01 -2.202334971767928584e-01 0.000000000000000000e+00
2.245401901940752842e-01 -2.215787070145449345e-01 0.000000000000000000e+00
2.183527207717977092e-01 -2.225338106836981522e-01 0.000000000000000000e+00
2.121529638506077231e-01 -2.230806648141607784e-01 0.000000000000000000e+00
2.059620499601336752e-01 -2.232042073215661226e-01 0.000000000000000000e+00
1.998026717652469086e-01 -2.228928082390050913e-01 0.000000000000000000e+00
1.936987712493866975e-01 -2.221385544244672827e-01 0.000000000000000000e+00
1.876751786128553756e-01 -2.209374603211880228e-01 0.000000000000000000e+00
1.817572102592311112e-01 -2.192895985959396610e-01 0.000000000000000000e+00
1.759702347859489202e-01 -2.171991463318171667e-01 0.000000000000000000e+00
1.703392172455563680e-01 -2.146743444704048154e-01 0.000000000000000000e+00
1.648882530463166018e-01 -2.117273703394304540e-01 0.000000000000000000e+00
1.596401036638341597e-01 -2.083741253155869111e-01 0.000000000000000000e+00
1.546157467956015275e-01 -2.046339419018579908e-01 0.000000000000000000e+00
1.498339536736586486e-01 -2.005292166836137036e-01 0.000000000000000000e+00
1.453109059341965714e-01 -1.960849777041532016e-01 0.000000000000000000e+00
1.410598637172337799e-01 -1.913283967033400090e-01 0.000000000000000000e+00
1.370908955390239548e-01 -1.862882583286082083e-01 0.000000000000000000e+00
1.334106789641196222e-01 -1.809943997953113171e-01 0.000000000000000000e+00
1.300223792375953535e-01 -1.754771354883515044e-01 0.000000000000000000e+00
1.269256108699639285e-01 -1.697666816126162104e-01 0.000000000000000000e+00
1.241164847604091098e-01 -1.638925961798570197e-01 0.000000000000000000e+00
1.215877408724296560e-01 -1.578832493407646975e-01 0.000000000000000000e+00
1.193289638236110922e-01 -1.517653383239798703e-01 0.000000000000000000e+00
1.173268761083907236e-01 -1.455634600351513597e-01 0.000000000000000000e+00
1.155657011331591016e-01 -1.392997527218780840e-01 0.000000000000000000e+00
1.140275859005517173e-01 -1.329936160639716980e-01 0.000000000000000000e+00
1.126930711242758315e-01 -1.266615166585547125e-01 0.000000000000000000e+00
1.115415948698190163e-01 -1.203168832064967914e-01 0.000000000000000000e+00
1.105520145714738167e-01 -1.139700928539794378e-01 0.000000000000000000e+00
1.097031315296954079e-01 -1.076285471943649735e-01 0.000000000000000000e+00
1.089742017853509298e-01 -1.012968334921349745e-01 0.000000000000000000e+00
1.083454176202565539e-01 -9.497696385728897350e-02 0.000000000000000000e+00
1.077983448472365630e-01 -8.866868247990124241e-02 0.000000000000000000e+00
1.073163025071735693e-01 -8.236982873087622670e-02 0.000000000000000000e+00
1.068846735433377076e-01 -7.607674203826518544e-02 0.000000000000000000e+00
1.064911374127056609e-01 -6.978469303836784543e-02 0.000000000000000000e+00
1.061258183397012916e-01 -6.348832464079105786e-02 0.000000000000000000e+00
1.057813459238204495e-01 -5.718208638108242259e-02 0.000000000000000000e+00
1.054528279706844346e-01 -5.086064578630013905e-02 0.000000000000000000e+00
1.051377386095959238e-01 -4.451926144744310782e-02 0.000000000000000000e+00
1.048357278691470496e-01 -3.815410405352480383e-02 0.000000000000000000e+00
1.045483617861290432e-01 -3.176251374683326800e-02 0.000000000000000000e+00
1.042788047077429225e-01 -2.534318473652680606e-02 0.000000000000000000e+00
1.040314576089776538e-01 -1.889627106658876496e-02 0.000000000000000000e+00
1.038115678966396588e-01 -1.242341066532947833e-02 0.000000000000000000e+00
1.036248272379783897e-01 -5.927668184560240007e-03 0.000000000000000000e+00
1.034769743858991176e-01 5.865994641351868124e-04 0.000000000000000000e+00
1.033734197491499585e-01 7.113947686202113166e-03 0.000000000000000000e+00
1.033189075748787711e-01 1.364810867231623648e-02 0.000000000000000000e+00
1.033172300987605097e-01 2.018230288162119190e-02 0.000000000000000000e+00
1.033710059260133790e-01 2.670958250028839312e-02 0.000000000000000000e+00
1.034815323102567658e-01 3.322319026045154194e-02 0.000000000000000000e+00
1.036487179925539015e-01 3.971691609248354654e-02 0.000000000000000000e+00
1.038710999638972343e-01 4.618543388432323760e-02 0.000000000000000000e+00
1.041459440477851828e-01 5.262460115684810397e-02 0.000000000000000000e+00
1.044694257006727328e-01 5.903170572639841046e-02 0.000000000000000000e+00
1.048368840351920350e-01 6.540564537697482472e-02 0.000000000000000000e+00
1.052431389198402456e-01 7.174702913899150269e-02 0.000000000000000000e+00
1.056828582270216976e-01 7.805819187568724393e-02 0.000000000000000000e+00
1.061509600033700290e-01 8.434311739586823620e-02 0.000000000000000000e+00
1.066430326186478816e-01 9.060726910697519676e-02 0.000000000000000000e+00
1.071557548866602511e-01 9.685733114606905059e-02 0.000000000000000000e+00
1.076872977926871949e-01 1.031008668207443330e-01 0.000000000000000000e+00
1.082376898286282058e-01 1.093459048980813947e-01 0.000000000000000000e+00
1.088091290224223046e-01 1.156004676432666467e-01 0.000000000000000000e+00
1.094062265168571774e-01 1.218720573874178120e-01 0.000000000000000000e+00
1.100361689417025668e-01 1.281671206707442612e-01 0.000000000000000000e+00
1.107087897442186469e-01 1.344905105594897399e-01 0.000000000000000000e+00
1.114365429867791024e-01 1.408449684974844573e-01 0.000000000000000000e+00
1.122343767594133901e-01 1.472306469807342366e-01 0.000000000000000000e+00
1.131195071498069665e-01 1.536446934245329354e-01 0.000000000000000000e+00
1.141110975170277070e-01 1.600809138493512751e-01 0.000000000000000000e+00
1.152298514801228801e-01 1.665295325000420990e-01 0.000000000000000000e+00
1.164975314156731501e-01 1.729770603202092916e-01 0.000000000000000000e+00
1.179364172267635541e-01 1.794062814459240207e-01 0.000000000000000000e+00
1.195687225828069855e-01 1.857963627004544094e-01 0.000000000000000000e+00
1.214159876388871268e-01 1.921230866230736467e-01 0.000000000000000000e+00
1.234984683527700078e-01 1.983592040214985919e-01 0.000000000000000000e+00
1.258345428827248036e-01 2.044748975758060583e-01 0.000000000000000000e+00
1.284401551540792219e-01 2.104383438169374343e-01 0.000000000000000000e+00
1.313283145409565034e-01 2.162163570216066311e-01 0.000000000000000000e+00
1.345086687649179047e-01 2.217750953585522211e-01 0.000000000000000000e+00
1.379871646345990632e-01 2.270808071178835597e-01 0.000000000000000000e+00
1.417658082346884008e-01 2.321005931579613046e-01 0.000000000000000000e+00
1.458425327341782984e-01 2.368031608836431157e-01 0.000000000000000000e+00
1.502111782541417362e-01 2.411595451622909891e-01 0.000000000000000000e+00
1.548615843564622729e-01 2.451437725901532694e-01 0.000000000000000000e+00
1.597797918340977119e-01 2.487334474059685052e-01 0.000000000000000000e+00
1.649483467468791098e-01 2.519102400404728548e-01 0.000000000000000000e+00
1.703466961941915436e-01 2.546602626875181241e-01 0.000000000000000000e+00
1.759516622747002712e-01 2.569743202543904870e-01 0.000000000000000000e+00
1.817379781640701131e-01 2.588480294426841466e-01 0.000000000000000000e+00
1.876788683335759433e-01 2.602818033572331102e-01 0.000000000000000000e+00
1.937466537002323075e-01 2.612807037600349824e-01 0.000000000000000000e+00
1.999133619802679340e-01 2.618541676972869214e-01 0.000000000000000000e+00
2.061513237220371775e-01 2.620156195540173094e-01 0.000000000000000000e+00
2.124337354032603820e-01 2.617819834677921897e-01 0.000000000000000000e+00
2.187351725452342244e-01 2.611731143147020262e-01 0.000000000000000000e+00
2.250320379529067161e-01 2.602111680458404908e-01 0.000000000000000000e+00
2.313029328423129305e-01 2.589199339085472285e-01 0.000000000000000000e+00
2.375289416559342448e-01 2.573241519743656447e-01 0.000000000000000000e+00
2.436938246691295606e-01 2.554488393905007260e-01 0.000000000000000000e+00
2.497841159259766020e-01 2.533186478848226675e-01 0.000000000000000000e+00
2.557891274771381673e-01 2.509572733323536808e-01 0.000000000000000000e+00
2.617008641949775116e-01 2.483869357127607980e-01 0.000000000000000000e+00
2.675138564892634574e-01 2.456279446619575590e-01 0.000000000000000000e+00
2.732249209302859971e-01 2.426983621794248647e-01 0.000000000000000000e+00
2.788328610117427053e-01 2.396137700481400790e-01 0.000000000000000000e+00
2.843381219802459947e-01 2.363871453204358652e-01 0.000000000000000000e+00
2.897424147713614784e-01 2.330288429907463044e-01 0.000000000000000000e+00
2.950483245975322188e-01 2.295466808837515471e-01 0.000000000000000000e+00
3.002589196296067686e-01 2.259461179943615117e-01 0.000000000000000000e+00
3.053773745236695869e-01 2.222305141700579856e-01 0.000000000000000000e+00
3.104066223138373104e-01 2.184014562515967650e-01 0.000000000000000000e+00
3.153490464852458652e-01 2.144591336848803986e-01 0.000000000000000000e+00
3.202062229422922846e-01 2.104027452557434841e-01 0.000000000000000000e+00
3.249787191912597017e-01 2.062309180196773839e-01 0.000000000000000000e+00
3.296659554686735549e-01 2.019421197066516571e-01 0.000000000000000000e+00
3.342661298765348676e-01 1.975350468511956337e-01 0.000000000000000000e+00
3.387762069422345923e-01 1.930089725729343952e-01 0.000000000000000000e+00
3.431919665091984761e-01 1.883640402279797843e-01 0.000000000000000000e+00
3.475081075801200736e-01 1.836014919580977178e-01 0.000000000000000000e+00
3.517183997615863644e-01 1.787238243544868599e-01 0.000000000000000000e+00
3.558158733651297090e-01 1.737348668849759969e-01 0.000000000000000000e+00
3.597930380555690588e-01 1.686397822588854845e-01 0.000000000000000000e+00
3.636421192340389963e-01 1.634449913731551574e-01 0.000000000000000000e+00
3.673553011114400468e-01 1.581580287524239903e-01 0.000000000000000000e+00
3.709249656595859923e-01 1.527873373315993266e-01 0.000000000000000000e+00
3.743439172947236604e-01 1.473420139157647635e-01 0.000000000000000000e+00
3.776055842070493718e-01 1.418315185938880674e-01 0.000000000000000000e+00
3.807041886415393761e-01 1.362653627093204922e-01 0.000000000000000000e+00
3.836348800894150424e-01 1.306527906583565268e-01 0.000000000000000000e+00
3.863938271872507935e-01 1.250024707834881676e-01 0.000000000000000000e+00
3.889782660587953189e-01 1.193222099643228562e-01 0.000000000000000000e+00
3.913865047886894155e-01 1.136187052277212589e-01 0.000000000000000000e+00
3.936178856056484765e-01 1.078973438659121681e-01 0.000000000000000000e+00
3.956727080994137946e-01 1.021620612553482826e-01 0.000000000000000000e+00
3.975521183337553666e-01 9.641526291567696638e-02 0.000000000000000000e+00
3.992579699912143232e-01 9.065781445607680455e-02 0.000000000000000000e+00
4.007926646514346491e-01 8.488910005159180927e-02 0.000000000000000000e+00
4.033598865321218474e-01 7.330881188886471944e-02 0.000000000000000000e+00
