5.159742735208250330e-01 0.000000000000000000e+00 -6.078930345395704843e-02
5.316353746901192334e-01 0.000000000000000000e+00 -7.189561018608005283e-02
5.496543423521259575e-01 0.000000000000000000e+00 -8.431482069511637978e-02
5.702190124563124574e-01 0.000000000000000000e+00 -9.832147974409773117e-02
5.924021146023382700e-01 0.000000000000000000e+00 -1.135490779872680711e-01
6.147588699462049888e-01 0.000000000000000000e+00 -1.293268463373152266e-01
6.361282607739697781e-01 0.000000000000000000e+00 -1.451266677941840666e-01
6.561404413703683103e-01 0.000000000000000000e+00 -1.608549336203359548e-01
6.751600128370988108e-01 0.000000000000000000e+00 -1.768458721162464165e-01
6.937787817234025711e-01 0.000000000000000000e+00 -1.936093096394023438e-01
7.122492207416661891e-01 0.000000000000000000e+00 -2.115257866355298444e-01
7.302443258390662884e-01 0.000000000000000000e+00 -2.306825274087925259e-01
7.470665505050415600e-01 0.000000000000000000e+00 -2.509212989611011024e-01
7.621074609986093762e-01 0.000000000000000000e+00 -2.720195820488048866e-01
7.752060904473964120e-01 0.000000000000000000e+00 -2.938529833281913750e-01
7.866606347512141717e-01 0.000000000000000000e+00 -3.164289557226939165e-01
7.969188364743182706e-01 0.000000000000000000e+00 -3.397946122854499929e-01
8.062016646992180569e-01 0.000000000000000000e+00 -3.639152499460228118e-01
8.143412522775057560e-01 0.000000000000000000e+00 -3.886292474694771903e-01
8.209331185568280453e-01 0.000000000000000000e+00 -4.137121401001440657e-01
8.256608605806723400e-01 0.000000000000000000e+00 -4.389911932564845021e-01
8.285306831783123549e-01 0.000000000000000000e+00 -4.644135242837782451e-01
8.298358625747888073e-01 0.000000000000000000e+00 -4.900117393312791725e-01
8.298851845534713778e-01 0.000000000000000000e+00 -5.157947451630867652e-01
8.287085228167425655e-01 0.000000000000000000e+00 -5.416503406463009096e-01
8.259646097613432270e-01 0.000000000000000000e+00 -5.673349189326990505e-01
8.211186912971395468e-01 0.000000000000000000e+00 -5.925547362796941275e-01
8.137554630871577377e-01 0.000000000000000000e+00 -6.170695139881965385e-01
8.037983050880281866e-01 0.000000000000000000e+00 -6.407308213924223228e-01
7.914856142949762141e-01 0.000000000000000000e+00 -6.634195976335811595e-01
7.771425017919131317e-01 0.000000000000000000e+00 -6.849298718159272381e-01
7.609367225524339418e-01 0.000000000000000000e+00 -7.048957483681472791e-01
7.428098272018204273e-01 0.000000000000000000e+00 -7.228364469484193089e-01
7.226318940116656098e-01 0.000000000000000000e+00 -7.383135369407819448e-01
7.004531263224662574e-01 0.000000000000000000e+00 -7.511126303444548569e-01
6.766511475139432852e-01 0.000000000000000000e+00 -7.613373004820882528e-01
6.518523891319535357e-01 0.000000000000000000e+00 -7.693538422390030496e-01
6.266758482096743688e-01 0.000000000000000000e+00 -7.756169756895140432e-01
6.014783429383093738e-01 0.000000000000000000e+00 -7.804769903829060773e-01
5.762760526416379481e-01 0.000000000000000000e+00 -7.840729853444139419e-01
5.508852178341742123e-01 0.000000000000000000e+00 -7.863561822340316976e-01
5.251674072016342398e-01 0.000000000000000000e+00 -7.872058354863020746e-01
4.991985762137614024e-01 0.000000000000000000e+00 -7.865518969367464308e-01
4.732503659560083342e-01 0.000000000000000000e+00 -7.844300842884851521e-01
4.476183695845544208e-01 0.000000000000000000e+00 -7.809509402485224072e-01
4.224426973818979358e-01 0.000000000000000000e+00 -7.762223772427232493e-01
3.976607363852943666e-01 0.000000000000000000e+00 -7.702873670398858730e-01
3.731212182831916691e-01 0.000000000000000000e+00 -7.631165702887969804e-01
3.487619814938688334e-01 0.000000000000000000e+00 -7.546521994973131031e-01
3.247081500226576822e-01 0.000000000000000000e+00 -7.448672738986651387e-01
3.012137612068040426e-01 0.000000000000000000e+00 -7.338028453009072249e-01
2.784925281733920399e-01 0.000000000000000000e+00 -7.215692320904105728e-01
2.565663786241619837e-01 0.000000000000000000e+00 -7.083239835051491351e-01
2.352421171686575885e-01 0.000000000000000000e+00 -6.942497879757744128e-01
2.142254384663690725e-01 0.000000000000000000e+00 -6.795464591804034615e-01
1.932785163142329288e-01 0.000000000000000000e+00 -6.644344183681665239e-01
1.723013806499270884e-01 0.000000000000000000e+00 -6.491577608837180158e-01
1.512846240335483927e-01 0.000000000000000000e+00 -6.339787010671698031e-01
1.301854120822934502e-01 0.000000000000000000e+00 -6.191654177731289455e-01
1.088376642306091296e-01 0.000000000000000000e+00 -6.049810821310841469e-01
8.697644182445145311e-02 0.000000000000000000e+00 -5.916780700201986765e-01
6.436316824949832316e-02 0.000000000000000000e+00 -5.794928595005245375e-01
4.091729312343478364e-02 0.000000000000000000e+00 -5.686333200181783454e-01
1.675442145471844543e-02 0.000000000000000000e+00 -5.592558916943304315e-01
-7.896821173008028091e-03 0.000000000000000000e+00 -5.514411268050646298e-01
-3.283507323596223521e-02 0.000000000000000000e+00 -5.451823307275294184e-01
-5.797990387695024783e-02 0.000000000000000000e+00 -5.403970153951627164e-01
-8.335662693391077127e-02 0.000000000000000000e+00 -5.369573216300239649e-01
-1.089975862327281636e-01 0.000000000000000000e+00 -5.347235838746177139e-01
-1.348488132906884018e-01 0.000000000000000000e+00 -5.335639787929300493e-01
-1.607615074286626033e-01 0.000000000000000000e+00 -5.333534760798518404e-01
-1.865751888524242175e-01 0.000000000000000000e+00 -5.339590275214161075e-01
-2.122232057269974326e-01 0.000000000000000000e+00 -5.352250326750044307e-01
-2.377726358984775523e-01 0.000000000000000000e+00 -5.369696672347820110e-01
-2.633636718235776719e-01 0.000000000000000000e+00 -5.389933278427115892e-01
-2.890949900809553497e-01 0.000000000000000000e+00 -5.410935787263817520e-01
-3.149457137325472611e-01 0.000000000000000000e+00 -5.430809186097126373e-01
-3.407958402117362562e-01 0.000000000000000000e+00 -5.447933657020630482e-01
-3.665281879957928424e-01 0.000000000000000000e+00 -5.461087725322358866e-01
-3.921288334314448343e-01 0.000000000000000000e+00 -5.469494356944614166e-01
-4.177026154132636449e-01 0.000000000000000000e+00 -5.472691454438600722e-01
-4.433866100864416460e-01 0.000000000000000000e+00 -5.470168421141469173e-01
-4.692256261539745621e-01 0.000000000000000000e+00 -5.460861802883351102e-01
-4.951056862701762040e-01 0.000000000000000000e+00 -5.442778154557109671e-01
-5.207983290203488380e-01 0.000000000000000000e+00 -5.413054837294573041e-01
-5.460832809367528462e-01 0.000000000000000000e+00 -5.368580654688120957e-01
-5.708557019548030631e-01 0.000000000000000000e+00 -5.306946832704972916e-01
-5.951346318466217422e-01 0.000000000000000000e+00 -5.227211263813935638e-01
-6.189638248643154483e-01 0.000000000000000000e+00 -5.129971846770721156e-01
-6.422777469351436119e-01 0.000000000000000000e+00 -5.016616703199330285e-01
-6.648318773594360520e-01 0.000000000000000000e+00 -4.888148527221046757e-01
-6.862482370453447666e-01 0.000000000000000000e+00 -4.744314061116550185e-01
-7.061421903315395765e-01 0.000000000000000000e+00 -4.583644675853843498e-01
-7.242402287077257528e-01 0.000000000000000000e+00 -4.404463930793244275e-01
-7.404123722749260672e-01 0.000000000000000000e+00 -4.206282334205435625e-01
-7.546135137503499069e-01 0.000000000000000000e+00 -3.990708178694287733e-01
-7.667983838084470039e-01 0.000000000000000000e+00 -3.761276220227374179e-01
-7.768895945412648274e-01 0.000000000000000000e+00 -3.522273227456817479e-01
-7.848273862558113878e-01 0.000000000000000000e+00 -3.277274809910282749e-01
-7.906557532720999149e-01 0.000000000000000000e+00 -3.028271895166600447e-01
-7.945633890904953978e-01 0.000000000000000000e+00 -2.775847028474956457e-01
-7.968299651450072574e-01 0.000000000000000000e+00 -2.520151175952939360e-01
-7.977043370071584816e-01 0.000000000000000000e+00 -2.261921619325540367e-01
-7.973008896755593433e-01 0.000000000000000000e+00 -2.002815533113114499e-01
-7.955943132350059566e-01 0.000000000000000000e+00 -1.744868490894080082e-01
-7.925231249669147937e-01 0.000000000000000000e+00 -1.489527404353913898e-01
-7.881302580588948059e-01 0.000000000000000000e+00 -1.236994883007077606e-01
-7.826380697338826131e-01 0.000000000000000000e+00 -9.863647653910967428e-02
-7.764005877116578747e-01 0.000000000000000000e+00 -7.364326920530331333e-02
-7.697652863343821261e-01 0.000000000000000000e+00 -4.865757170122456815e-02
-7.629438957820754430e-01 0.000000000000000000e+00 -2.370649526084370878e-02
-7.559865045105697012e-01 0.000000000000000000e+00 1.138711562100667160e-03
-7.488791496352132926e-01 0.000000000000000000e+00 2.584719137683457249e-02
-7.416966752292605269e-01 0.000000000000000000e+00 5.048670917486610538e-02
-7.347041062702591718e-01 0.000000000000000000e+00 7.521035438595792544e-02
-7.283374555821205965e-01 0.000000000000000000e+00 1.001790624861313012e-01
-7.230788374503324123e-01 0.000000000000000000e+00 1.254728972747483351e-01
-7.193088824838324014e-01 0.000000000000000000e+00 1.510501081964147896e-01
-7.172244892545547312e-01 0.000000000000000000e+00 1.767772202926597702e-01
-7.168535697840769938e-01 0.000000000000000000e+00 2.025039799476551494e-01
-7.181271458019962139e-01 0.000000000000000000e+00 2.281302274609491865e-01
-7.209368140792110635e-01 0.000000000000000000e+00 2.536250394036952405e-01
-7.251325077074567416e-01 0.000000000000000000e+00 2.789984529830186188e-01
-7.304751128087604295e-01 0.000000000000000000e+00 3.042606609144020147e-01
-7.366008327963551316e-01 0.000000000000000000e+00 3.294072196642991446e-01
-7.430458800346406711e-01 0.000000000000000000e+00 3.544414734886468521e-01
-7.493297049419257450e-01 0.000000000000000000e+00 3.794108527565567268e-01
-7.550444826795500441e-01 0.000000000000000000e+00 4.044197980539591120e-01
-7.598889621832990438e-01 0.000000000000000000e+00 4.295988320074931588e-01
-7.636238794558627418e-01 0.000000000000000000e+00 4.550421568481277657e-01
-7.659835396315639588e-01 0.000000000000000000e+00 4.807486830286106239e-01
-7.666101270756623398e-01 0.000000000000000000e+00 5.065968470182177219e-01
-7.650609153354618330e-01 0.000000000000000000e+00 5.323576611933817926e-01
-7.608882281025441952e-01 0.000000000000000000e+00 5.577255321307842406e-01
-7.537462201632603165e-01 0.000000000000000000e+00 5.823424908427732305e-01
-7.434688747889295346e-01 0.000000000000000000e+00 6.058097827997681595e-01
-7.300913619008259081e-01 0.000000000000000000e+00 6.277031861195301321e-01
-7.138253028428398483e-01 0.000000000000000000e+00 6.476133346738914831e-01
-6.950169458075080575e-01 0.000000000000000000e+00 6.652132892792618213e-01
-6.741065207246075275e-01 0.000000000000000000e+00 6.803275223954500239e-01
-6.515845016471173423e-01 0.000000000000000000e+00 6.929637500852042775e-01
-6.279322544798762173e-01 0.000000000000000000e+00 7.032851892627851598e-01
-6.035506505821687240e-01 0.000000000000000000e+00 7.115363417683520098e-01
-5.787050528538172367e-01 0.000000000000000000e+00 7.179641958597300366e-01
-5.535213793297286688e-01 0.000000000000000000e+00 7.227764560142131423e-01
-5.280425394921693938e-01 0.000000000000000000e+00 7.261486940740536911e-01
-5.023128980421011081e-01 0.000000000000000000e+00 7.282558263369748319e-01
-4.764342580380964143e-01 0.000000000000000000e+00 7.292882897365197126e-01
-4.505540299033117257e-01 0.000000000000000000e+00 7.294310607588725404e-01
-4.247963747593819228e-01 0.000000000000000000e+00 7.288193013088181127e-01
-3.991928933805091728e-01 0.000000000000000000e+00 7.275083399295999564e-01
-3.736731919326103935e-01 0.000000000000000000e+00 7.254874704325048329e-01
-3.481308282000618037e-01 0.000000000000000000e+00 7.227323973323135364e-01
-3.225194725183823108e-01 0.000000000000000000e+00 7.192581010493449556e-01
-2.969058424034912713e-01 0.000000000000000000e+00 7.151304579806274653e-01
-2.714353925605998974e-01 0.000000000000000000e+00 7.104259444711779059e-01
-2.462339149212613154e-01 0.000000000000000000e+00 7.051706189120473534e-01
-2.213211600162764692e-01 0.000000000000000000e+00 6.993083001057301962e-01
-1.966075899920599890e-01 0.000000000000000000e+00 6.927264387545908342e-01
-1.719829525916951873e-01 0.000000000000000000e+00 6.853216581882068947e-01
-1.474325492064043897e-01 0.000000000000000000e+00 6.770520886817913420e-01
-1.230919360714718691e-01 0.000000000000000000e+00 6.679302191075288109e-01
-9.919602996727182320e-02 0.000000000000000000e+00 6.579560108659689988e-01
-7.596112274724828306e-02 0.000000000000000000e+00 6.470410343577600587e-01
-5.349306619467277674e-02 0.000000000000000000e+00 6.349891682457857733e-01
-3.179585037508055045e-02 0.000000000000000000e+00 6.215626844063174561e-01
-1.087351931524494809e-02 0.000000000000000000e+00 6.065991179410679113e-01
9.162028648919609899e-03 0.000000000000000000e+00 5.901020422061842297e-01
2.807789656709058432e-02 0.000000000000000000e+00 5.722422459899138003e-01
4.563221683361096126e-02 0.000000000000000000e+00 5.532679747237431167e-01
6.173978303269290341e-02 0.000000000000000000e+00 5.333885762280961007e-01
7.656654752137269371e-02 0.000000000000000000e+00 5.127147675688888961e-01
9.047128873147486372e-02 0.000000000000000000e+00 4.912945533766315265e-01
1.038249938381613363e-01 0.000000000000000000e+00 4.692087560332715013e-01
1.168351892873849135e-01 0.000000000000000000e+00 4.466418718604800442e-01
1.295052465514581197e-01 0.000000000000000000e+00 4.238616818575042244e-01
1.417590025107020313e-01 0.000000000000000000e+00 4.011135688977415237e-01
1.536316721492466952e-01 0.000000000000000000e+00 3.785076140370631781e-01
1.653704361406234946e-01 0.000000000000000000e+00 3.559902663148198365e-01
1.773530658205567934e-01 0.000000000000000000e+00 3.334326839935027320e-01
1.898764872674304771e-01 0.000000000000000000e+00 3.107772127227966252e-01
2.029790007163013166e-01 0.000000000000000000e+00 2.881319562595510142e-01
2.164469792028107797e-01 0.000000000000000000e+00 2.657351173357306862e-01
2.300194645016839512e-01 0.000000000000000000e+00 2.438072866991292942e-01
2.436427363680711000e-01 0.000000000000000000e+00 2.224001391825285445e-01
2.575703080105115061e-01 0.000000000000000000e+00 2.013623576961864337e-01
2.722081070555952831e-01 0.000000000000000000e+00 1.804617109050884738e-01
2.878022393876131790e-01 0.000000000000000000e+00 1.595821174138196685e-01
3.042085961356316148e-01 0.000000000000000000e+00 1.388468509171366660e-01
3.209494061116574537e-01 0.000000000000000000e+00 1.185615758308809914e-01
3.375579370777660460e-01 0.000000000000000000e+00 9.900137650029557090e-02
3.539794865450977546e-01 0.000000000000000000e+00 8.019235359954027254e-02
3.707137165003968060e-01 0.000000000000000000e+00 6.186312129660628129e-02
3.885337422640623983e-01 0.000000000000000000e+00 4.363474709024387638e-02
4.079156507303411394e-01 0.000000000000000000e+00 2.534522954694352903e-02
4.285518967976149618e-01 0.000000000000000000e+00 7.287246262685159043e-03
4.493188996966437365e-01 0.000000000000000000e+00 -9.832981775874749183e-03
4.687987964373778738e-01 0.000000000000000000e+00 -2.523863868145205872e-02
4.860843236100080289e-01 0.000000000000000000e+00 -3.854694398064637678e-02
5.159742735208250330e-01 0.000000000000000000e+00 -6.078930345395704843e-02
