0.000000000000000000e+00 7.145754632676901696e-01 2.272532313530876424e-01
0.000000000000000000e+00 7.147677424707278293e-01 2.252136251336334938e-01
0.000000000000000000e+00 7.149086994289983732e-01 2.231805279059328184e-01
0.000000000000000000e+00 7.149981056254486322e-01 2.211559410814513960e-01
0.000000000000000000e+00 7.150357765184545134e-01 2.191418534374343086e-01
0.000000000000000000e+00 7.150215721040251715e-01 2.171402391907109597e-01
0.000000000000000000e+00 7.149553974597837591e-01 2.151530561024405652e-01
0.000000000000000000e+00 7.148372032685823552e-01 2.131822436154598710e-01
0.000000000000000000e+00 7.146669863195386219e-01 2.112297210257967073e-01
0.000000000000000000e+00 7.144447899842143457e-01 2.092973856898167340e-01
0.000000000000000000e+00 7.141707046656000646e-01 2.073871112683730866e-01
0.000000000000000000e+00 7.138448682175204674e-01 2.055007460092314608e-01
0.000000000000000000e+00 7.134674663320401677e-01 2.036401110689466665e-01
0.000000000000000000e+00 7.130387328924220336e-01 2.018069988752708432e-01
0.000000000000000000e+00 7.125589502891721549e-01 2.000031715310799929e-01
0.000000000000000000e+00 7.120284496967025367e-01 1.982303592607111420e-01
0.000000000000000000e+00 7.114476113081472652e-01 1.964902588995121047e-01
0.000000000000000000e+00 7.108168645258827745e-01 1.947845324273174139e-01
0.000000000000000000e+00 7.101366881053303715e-01 1.931148055464755597e-01
0.000000000000000000e+00 7.094076102496629233e-01 1.914826663049707944e-01
0.000000000000000000e+00 7.086302086530803512e-01 1.898896637650996089e-01
0.000000000000000000e+00 7.078051104903844148e-01 1.883373067180854343e-01
0.000000000000000000e+00 7.069329923506536550e-01 1.868270624449393236e-01
0.000000000000000000e+00 7.060145801129061871e-01 1.853603555238036160e-01
0.000000000000000000e+00 7.050506487617221874e-01 1.839385666839475353e-01
0.000000000000000000e+00 7.040420221409151580e-01 1.825630317065201347e-01
0.000000000000000000e+00 7.029895726434451930e-01 1.812350403721067205e-01
0.000000000000000000e+00 7.018942208358965873e-01 1.799558354550766792e-01
0.000000000000000000e+00 7.007569350159731369e-01 1.787266117646624519e-01
0.000000000000000000e+00 6.995787307016115841e-01 1.775485152326591598e-01
0.000000000000000000e+00 6.983606700504586540e-01 1.764226420475922263e-01
0.000000000000000000e+00 6.971038612086249975e-01 1.753500378351612876e-01
0.000000000000000000e+00 6.958094575877871169e-01 1.743316968847348769e-01
0.000000000000000000e+00 6.944786570698920913e-01 1.733685614216384507e-01
0.000000000000000000e+00 6.931127011388926729e-01 1.724615209249541481e-01
0.000000000000000000e+00 6.917128739391334991e-01 1.716114114905279986e-01
0.000000000000000000e+00 6.902805012601976875e-01 1.708190152388620597e-01
0.000000000000000000e+00 6.888169494482196953e-01 1.700850597675573617e-01
0.000000000000000000e+00 6.873236242438727217e-01 1.694102176479623523e-01
0.000000000000000000e+00 6.858019695474424360e-01 1.687951059656755404e-01
0.000000000000000000e+00 6.842534661116009831e-01 1.682402859045508403e-01
0.000000000000000000e+00 6.826796301627123809e-01 1.677462623738542047e-01
0.000000000000000000e+00 6.810820119516983739e-01 1.673134836782244061e-01
0.000000000000000000e+00 6.794621942357119693e-01 1.669423412301011822e-01
0.000000000000000000e+00 6.778217906920696034e-01 1.666331693042918394e-01
0.000000000000000000e+00 6.761624442661035017e-01 1.663862448343638722e-01
0.000000000000000000e+00 6.744858254547988485e-01 1.662017872505659466e-01
0.000000000000000000e+00 6.727936305282845586e-01 1.660799583589971373e-01
0.000000000000000000e+00 6.710875796914490543e-01 1.660208622617680152e-01
0.000000000000000000e+00 6.693694151881360854e-01 1.660245453179151620e-01
0.000000000000000000e+00 6.676408993505829059e-01 1.660909961448575334e-01
0.000000000000000000e+00 6.659038125969313215e-01 1.662201456602072358e-01
0.000000000000000000e+00 6.641599513798306376e-01 1.664118671637718483e-01
0.000000000000000000e+00 6.624111260893157382e-01 1.666659764596133686e-01
0.000000000000000000e+00 6.606591589133130604e-01 1.669822320180549824e-01
0.000000000000000000e+00 6.589058816592754386e-01 1.673603351775541370e-01
0.000000000000000000e+00 6.571531335405949026e-01 1.677999303863857983e-01
0.000000000000000000e+00 6.554027589315860602e-01 1.683006054841076071e-01
0.000000000000000000e+00 6.536566050949418338e-01 1.688618920228031617e-01
0.000000000000000000e+00 6.519165198856989862e-01 1.694832656281232697e-01
0.000000000000000000e+00 6.501843494358435782e-01 1.701641464001683313e-01
0.000000000000000000e+00 6.484619358237750930e-01 1.709038993542782991e-01
0.000000000000000000e+00 6.467511147329506604e-01 1.717018349018113177e-01
0.000000000000000000e+00 6.450537131040704475e-01 1.725572093710144861e-01
0.000000000000000000e+00 6.433715467852501035e-01 1.734692255681021811e-01
0.000000000000000000e+00 6.417064181846480198e-01 1.744370333786700034e-01
0.000000000000000000e+00 6.400601139300619025e-01 1.754597304095824595e-01
0.000000000000000000e+00 6.384344025400184863e-01 1.765363626714789580e-01
0.000000000000000000e+00 6.368310321108867633e-01 1.776659253020450857e-01
0.000000000000000000e+00 6.352517280245386644e-01 1.788473633301967680e-01
0.000000000000000000e+00 6.336981906810564835e-01 1.800795724813213372e-01
0.000000000000000000e+00 6.321720932609550259e-01 1.813614000237108725e-01
0.000000000000000000e+00 6.306750795213321714e-01 1.826916456563138780e-01
0.000000000000000000e+00 6.292087616303062569e-01 1.840690624379149321e-01
0.000000000000000000e+00 6.277747180440224062e-01 1.854923577578323213e-01
0.000000000000000000e+00 6.263744914304192335e-01 1.869601943482029349e-01
0.000000000000000000e+00 6.250095866438544201e-01 1.884711913378933901e-01
0.000000000000000000e+00 6.236814687545715330e-01 1.900239253480469903e-01
0.000000000000000000e+00 6.223915611368684431e-01 1.916169316292399560e-01
0.000000000000000000e+00 6.211412436196929177e-01 1.932487052401800631e-01
0.000000000000000000e+00 6.199318507032464121e-01 1.949177022678381110e-01
0.000000000000000000e+00 6.187646698450200988e-01 1.966223410888539025e-01
0.000000000000000000e+00 6.176409398185191968e-01 1.983610036720066805e-01
0.000000000000000000e+00 6.165618491477620200e-01 2.001320369214850958e-01
0.000000000000000000e+00 6.155285346204492081e-01 2.019337540606303827e-01
0.000000000000000000e+00 6.145420798825110831e-01 2.037644360557661072e-01
0.000000000000000000e+00 6.136035141165375739e-01 2.056223330796587978e-01
0.000000000000000000e+00 6.127138108063926447e-01 2.075056660140845999e-01
0.000000000000000000e+00 6.118738865900964496e-01 2.094126279909049870e-01
0.000000000000000000e+00 6.110846002028453849e-01 2.113413859709780962e-01
0.000000000000000000e+00 6.103467515118131681e-01 2.132900823601524831e-01
0.000000000000000000e+00 6.096610806441504771e-01 2.152568366615111861e-01
0.000000000000000000e+00 6.090282672093698668e-01 2.172397471629495813e-01
0.000000000000000000e+00 6.084489296170696448e-01 2.192368926590854417e-01
0.000000000000000000e+00 6.079236244907152420e-01 2.212463342064127370e-01
0.000000000000000000e+00 6.074528461779626909e-01 2.232661169105235599e-01
0.000000000000000000e+00 6.070370263577709036e-01 2.252942717441319687e-01
0.000000000000000000e+00 6.066765337443165151e-01 2.273288173945454127e-01
0.000000000000000000e+00 6.063716738874899148e-01 2.293677621391375654e-01
0.000000000000000000e+00 6.061226890695211589e-01 2.314091057472869584e-01
0.000000000000000000e+00 6.059297582970565310e-01 2.334508414071559679e-01
0.000000000000000000e+00 6.057929973877792529e-01 2.354909576755943590e-01
0.000000000000000000e+00 6.057124591504510214e-01 2.375274404493647185e-01
0.000000000000000000e+00 6.056881336570358876e-01 2.395582749557976787e-01
0.000000000000000000e+00 6.057199486053560511e-01 2.415814477609017352e-01
0.000000000000000000e+00 6.058077697705315234e-01 2.435949487928672774e-01
0.000000000000000000e+00 6.059514015432559964e-01 2.455967733788242680e-01
0.000000000000000000e+00 6.061505875527781750e-01 2.475849242926336791e-01
0.000000000000000000e+00 6.064050113722752045e-01 2.495574138114182439e-01
0.000000000000000000e+00 6.067142973041381726e-01 2.515122657784649718e-01
0.000000000000000000e+00 6.070780112425263608e-01 2.534475176700648480e-01
0.000000000000000000e+00 6.074956616104001395e-01 2.553612226637885230e-01
0.000000000000000000e+00 6.079667003680994108e-01 2.572514517056391781e-01
0.000000000000000000e+00 6.084905240904052715e-01 2.591162955734660489e-01
0.000000000000000000e+00 6.090664751089085449e-01 2.609538669339720451e-01
0.000000000000000000e+00 6.096938427163971497e-01 2.627623023906039412e-01
0.000000000000000000e+00 6.103718644298828933e-01 2.645397645195724512e-01
0.000000000000000000e+00 6.110997273088054627e-01 2.662844438912146394e-01
0.000000000000000000e+00 6.118765693248774395e-01 2.679945610738837525e-01
0.000000000000000000e+00 6.127014807799829876e-01 2.696683686175267436e-01
0.000000000000000000e+00 6.135735057684873484e-01 2.713041530140951618e-01
0.000000000000000000e+00 6.144916436802904114e-01 2.729002366319221995e-01
0.000000000000000000e+00 6.154548507409292046e-01 2.744549796211986359e-01
0.000000000000000000e+00 6.164620415850300406e-01 2.759667817876790830e-01
0.000000000000000000e+00 6.175120908594121660e-01 2.774340844317632060e-01
0.000000000000000000e+00 6.186038348521628594e-01 2.788553721501095817e-01
0.000000000000000000e+00 6.197360731440272330e-01 2.802291745969671122e-01
0.000000000000000000e+00 6.209075702785020745e-01 2.815540682024348373e-01
0.000000000000000000e+00 6.221170574470654691e-01 2.828286778449000671e-01
0.000000000000000000e+00 6.233632341860437798e-01 2.840516784749497203e-01
0.000000000000000000e+00 6.246447700816830650e-01 2.852217966880983280e-01
0.000000000000000000e+00 6.259603064800824956e-01 2.863378122437339468e-01
0.000000000000000000e+00 6.273084581987293795e-01 2.873985595277491201e-01
0.000000000000000000e+00 6.286878152364900885e-01 2.884029289563934673e-01
0.000000000000000000e+00 6.300969444790113227e-01 2.893498683189606457e-01
0.000000000000000000e+00 6.315343913966117162e-01 2.902383840570092466e-01
0.000000000000000000e+00 6.329986817318685732e-01 2.910675424779028408e-01
0.000000000000000000e+00 6.344883231742399765e-01 2.918364709005534796e-01
0.000000000000000000e+00 6.360018070192002826e-01 2.925443587313514837e-01
0.000000000000000000e+00 6.375376098095197896e-01 2.931904584683733828e-01
0.000000000000000000e+00 6.390941949564628022e-01 2.937740866320701638e-01
0.000000000000000000e+00 6.406700143388438518e-01 2.942946246207563954e-01
0.000000000000000000e+00 6.422635098780354879e-01 2.947515194893406965e-01
0.000000000000000000e+00 6.438731150871866982e-01 2.951442846498665840e-01
0.000000000000000000e+00 6.454972565930797712e-01 2.954725004925591314e-01
0.000000000000000000e+00 6.471343556292167287e-01 2.957358149262113156e-01
0.000000000000000000e+00 6.487828294988959854e-01 2.959339438368756015e-01
0.000000000000000000e+00 6.504410930072140884e-01 2.960666714639714758e-01
0.000000000000000000e+00 6.521075598610893698e-01 2.961338506930584757e-01
0.000000000000000000e+00 6.537806440365743210e-01 2.961354032646714707e-01
0.000000000000000000e+00 6.554587611128904756e-01 2.960713198987605654e-01
0.000000000000000000e+00 6.571403295727816785e-01 2.959416603344265928e-01
0.000000000000000000e+00 6.588237720689400501e-01 2.957465532847922129e-01
0.000000000000000000e+00 6.605075166564197131e-01 2.954861963069992381e-01
0.000000000000000000e+00 6.621899979910962353e-01 2.951608555874705719e-01
0.000000000000000000e+00 6.638696584943882817e-01 2.947708656427292517e-01
0.000000000000000000e+00 6.655449494845854241e-01 2.943166289362110222e-01
0.000000000000000000e+00 6.672143322752736028e-01 2.937986154116604687e-01
0.000000000000000000e+00 6.688762792414645331e-01 2.932173619438435130e-01
0.000000000000000000e+00 6.705292748541684666e-01 2.925734717074566782e-01
0.000000000000000000e+00 6.721718166842503006e-01 2.918676134652554155e-01
0.000000000000000000e+00 6.738024163765243824e-01 2.911005207765633429e-01
0.000000000000000000e+00 6.754196005951300652e-01 2.902729911274644636e-01
0.000000000000000000e+00 6.770219119413224407e-01 2.893858849841102754e-01
0.000000000000000000e+00 6.786079098448895008e-01 2.884401247707074067e-01
0.000000000000000000e+00 6.801761714304727091e-01 2.874366937738765393e-01
0.000000000000000000e+00 6.817252923601281323e-01 2.863766349751946105e-01
0.000000000000000000e+00 6.832538876535134698e-01 2.852610498138505868e-01
0.000000000000000000e+00 6.847605924871255079e-01 2.840910968814572835e-01
0.000000000000000000e+00 6.862440629740358400e-01 2.828679905511672921e-01
0.000000000000000000e+00 6.877029769255960101e-01 2.815929995433456012e-01
0.000000000000000000e+00 6.891360345965903411e-01 2.802674454301432583e-01
0.000000000000000000e+00 6.905419594153050511e-01 2.788927010814098439e-01
0.000000000000000000e+00 6.919194986999777086e-01 2.774701890544640226e-01
0.000000000000000000e+00 6.932674243630633226e-01 2.760013799303186466e-01
0.000000000000000000e+00 6.945845336047230534e-01 2.744877905990290023e-01
0.000000000000000000e+00 6.958696495968932361e-01 2.729309824968943476e-01
0.000000000000000000e+00 6.971216221592501094e-01 2.713325597983031190e-01
0.000000000000000000e+00 6.983393284283130331e-01 2.696941675650592063e-01
0.000000000000000000e+00 6.995216735208720227e-01 2.680174898560727104e-01
0.000000000000000000e+00 7.006675911928319511e-01 2.663042478003330160e-01
0.000000000000000000e+00 7.017760444944926013e-01 2.645561976361126000e-01
0.000000000000000000e+00 7.028460264231845001e-01 2.627751287193709206e-01
0.000000000000000000e+00 7.038765605740758824e-01 2.609628615043447231e-01
0.000000000000000000e+00 7.048667017898669895e-01 2.591212454993165326e-01
0.000000000000000000e+00 7.058155368099641169e-01 2.572521572005582735e-01
0.000000000000000000e+00 7.067221849196164696e-01 2.553574980074380107e-01
0.000000000000000000e+00 7.075857985993678767e-01 2.534391921216662680e-01
0.000000000000000000e+00 7.084055641750504062e-01 2.514991844336428306e-01
0.000000000000000000e+00 7.091807024684125826e-01 2.495394383988346065e-01
0.000000000000000000e+00 7.099104694483432398e-01 2.475619339070881386e-01
0.000000000000000000e+00 7.105941568825134835e-01 2.455686651477399507e-01
0.000000000000000000e+00 7.112310929891165756e-01 2.435616384733469697e-01
0.000000000000000000e+00 7.118206430882518809e-01 2.415428702648084736e-01
0.000000000000000000e+00 7.123622102523552435e-01 2.395143848005979181e-01
0.000000000000000000e+00 7.128552359549371609e-01 2.374782121327629059e-01
0.000000000000000000e+00 7.132992007167545667e-01 2.354363859722881647e-01
0.000000000000000000e+00 7.136936247484050311e-01 2.333909415863475723e-01
0.000000000000000000e+00 7.140380685881919653e-01 2.313439137098975418e-01
0.000000000000000000e+00 7.145754632676901696e-01 2.272532313530876424e-01
