4.702406722246058046e-01 0.000000000000000000e+00 -1.186264128681918661e-01
4.843599509527902747e-01 0.000000000000000000e+00 -1.285163620324946687e-01
4.999713259102030460e-01 0.000000000000000000e+00 -1.393069950580220207e-01
5.174029625438502089e-01 0.000000000000000000e+00 -1.512967098019066814e-01
5.363106437983030661e-01 0.000000000000000000e+00 -1.643691483747559967e-01
5.558670590929652988e-01 0.000000000000000000e+00 -1.781242742368419618e-01
5.751458697880681425e-01 0.000000000000000000e+00 -1.921193294290764464e-01
5.935030987987580664e-01 0.000000000000000000e+00 -2.060978063509823210e-01
6.107722748335374652e-01 0.000000000000000000e+00 -2.200997471828891883e-01
6.271973769389630471e-01 0.000000000000000000e+00 -2.344142351451130590e-01
6.431677019902281023e-01 0.000000000000000000e+00 -2.494168294844631151e-01
6.589152299326749285e-01 0.000000000000000000e+00 -2.653875414233493601e-01
6.743391606008671824e-01 0.000000000000000000e+00 -2.824035252565306187e-01
6.890381358381937327e-01 0.000000000000000000e+00 -3.003503568192081863e-01
7.025102260831854739e-01 0.000000000000000000e+00 -3.190277000061747525e-01
7.143925609815425792e-01 0.000000000000000000e+00 -3.382774957115941006e-01
7.246025490061613894e-01 0.000000000000000000e+00 -3.580594480032317506e-01
7.333102392606102304e-01 0.000000000000000000e+00 -3.784371173162643376e-01
7.407725100482094316e-01 0.000000000000000000e+00 -3.994930039563853730e-01
7.471348446676043809e-01 0.000000000000000000e+00 -4.212302141028895219e-01
7.523151800115200905e-01 0.000000000000000000e+00 -4.435208737619173447e-01
7.560272615494660897e-01 0.000000000000000000e+00 -4.661290267314553426e-01
7.579162690384710910e-01 0.000000000000000000e+00 -4.887897018601621291e-01
7.577182175228083238e-01 0.000000000000000000e+00 -5.112936652977039254e-01
7.553502076807397936e-01 0.000000000000000000e+00 -5.335266258012497653e-01
7.508886922269961683e-01 0.000000000000000000e+00 -5.554406874440417363e-01
7.444635315973349154e-01 0.000000000000000000e+00 -5.769761737373314547e-01
7.361433661311457266e-01 0.000000000000000000e+00 -5.979800235258192487e-01
7.258862925967737301e-01 0.000000000000000000e+00 -6.181678420675991159e-01
7.135838877882892950e-01 0.000000000000000000e+00 -6.371517758521917374e-01
6.991672497233908379e-01 0.000000000000000000e+00 -6.545212393589530109e-01
6.827075648155933596e-01 0.000000000000000000e+00 -6.699379476793084764e-01
6.644506832868671831e-01 0.000000000000000000e+00 -6.832033129198621380e-01
6.447677778487848066e-01 0.000000000000000000e+00 -6.942742486678835645e-01
6.240540027677868862e-01 0.000000000000000000e+00 -7.032305576926640711e-01
6.026336849136685325e-01 0.000000000000000000e+00 -7.102178553436784281e-01
5.807200529946737744e-01 0.000000000000000000e+00 -7.153946850821001346e-01
5.584396958739976657e-01 0.000000000000000000e+00 -7.189017821014668241e-01
5.358925303187999090e-01 0.000000000000000000e+00 -7.208544441787853030e-01
5.132014607326101929e-01 0.000000000000000000e+00 -7.213466611259433670e-01
4.905201449382753376e-01 0.000000000000000000e+00 -7.204541632318540723e-01
4.680001852366656445e-01 0.000000000000000000e+00 -7.182312602518896583e-01
4.457475214085047654e-01 0.000000000000000000e+00 -7.147061062876740589e-01
4.238033175079378712e-01 0.000000000000000000e+00 -7.098834736536498990e-01
4.021650343586754550e-01 0.000000000000000000e+00 -7.037604337835907664e-01
3.808333294315152107e-01 0.000000000000000000e+00 -6.963515814780543156e-01
3.598509715055782099e-01 0.000000000000000000e+00 -6.877129541348614428e-01
3.393043375255168081e-01 0.000000000000000000e+00 -6.779528038965145775e-01
3.192831396089520490e-01 0.000000000000000000e+00 -6.672236438385781288e-01
2.998227592301213607e-01 0.000000000000000000e+00 -6.556996315477934267e-01
2.808665330682885708e-01 0.000000000000000000e+00 -6.435505987030055719e-01
2.622736725812924163e-01 0.000000000000000000e+00 -6.309248948757200104e-01
2.438696688491010234e-01 0.000000000000000000e+00 -6.179477223700263755e-01
2.255088434371935457e-01 0.000000000000000000e+00 -6.047334102721076965e-01
2.071109474838105369e-01 0.000000000000000000e+00 -5.914037599048748151e-01
1.886505485886114386e-01 0.000000000000000000e+00 -5.781030618381857167e-01
1.701085763508864424e-01 0.000000000000000000e+00 -5.650034095097402620e-01
1.514200801481790648e-01 0.000000000000000000e+00 -5.522989510763937071e-01
1.324550662216169850e-01 0.000000000000000000e+00 -5.401918383799180212e-01
1.130483548220655166e-01 0.000000000000000000e+00 -5.288743876774342212e-01
9.306305354846121369e-02 0.000000000000000000e+00 -5.185117287708170819e-01
7.245039817269877114e-02 0.000000000000000000e+00 -5.092282451606465754e-01
5.127014612162025115e-02 0.000000000000000000e+00 -5.011002304377851768e-01
2.965936553267838061e-02 0.000000000000000000e+00 -4.941562235063149400e-01
7.768300899183859867e-03 0.000000000000000000e+00 -4.883847708417414779e-01
-1.429929727450618415e-02 0.000000000000000000e+00 -4.837468243838028981e-01
-3.650872067477856087e-02 0.000000000000000000e+00 -4.801877279291557610e-01
-5.887155435117911312e-02 0.000000000000000000e+00 -4.776435166322071102e-01
-8.139769791616899286e-02 0.000000000000000000e+00 -4.760390422721423320e-01
-1.040563574766473209e-01 0.000000000000000000e+00 -4.752803138899204805e-01
-1.267718956518697482e-01 0.000000000000000000e+00 -4.752476787262432389e-01
-1.494559101812580337e-01 0.000000000000000000e+00 -4.757970984713912332e-01
-1.720526160633188695e-01 0.000000000000000000e+00 -4.767726966900271424e-01
-1.945662974360358455e-01 0.000000000000000000e+00 -4.780268580159319214e-01
-2.170522052409484259e-01 0.000000000000000000e+00 -4.794385362756338753e-01
-2.395769532190892004e-01 0.000000000000000000e+00 -4.809199079579015157e-01
-2.621746346822927398e-01 0.000000000000000000e+00 -4.824070616216287188e-01
-2.848272473534704807e-01 0.000000000000000000e+00 -4.838391812096967115e-01
-3.074812473468084284e-01 0.000000000000000000e+00 -4.851374543457089294e-01
-3.300875417034692672e-01 0.000000000000000000e+00 -4.861953471978779362e-01
-3.526364325134788702e-01 0.000000000000000000e+00 -4.868853045741016183e-01
-3.751625315386191151e-01 0.000000000000000000e+00 -4.870771273413425084e-01
-3.977151413062315899e-01 0.000000000000000000e+00 -4.866562508050273905e-01
-4.203133051689919020e-01 0.000000000000000000e+00 -4.855303798093519307e-01
-4.429156074461042536e-01 0.000000000000000000e+00 -4.836204349804349434e-01
-4.654252042888837315e-01 0.000000000000000000e+00 -4.808418826121195200e-01
-4.877265140413801769e-01 0.000000000000000000e+00 -4.770888142619073014e-01
-5.097274610477500190e-01 0.000000000000000000e+00 -4.722315168645508376e-01
-5.313756310699642160e-01 0.000000000000000000e+00 -4.661297403199511358e-01
-5.526327940225140845e-01 0.000000000000000000e+00 -4.586540206819745280e-01
-5.734203029019391273e-01 0.000000000000000000e+00 -4.497028383439006793e-01
-5.935697743951732219e-01 0.000000000000000000e+00 -4.392072573912127464e-01
-6.128142589293681386e-01 0.000000000000000000e+00 -4.271244722578043662e-01
-6.308329659873449513e-01 0.000000000000000000e+00 -4.134305985965064378e-01
-6.473304853197519027e-01 0.000000000000000000e+00 -3.981244903500843479e-01
-6.621093002739436573e-01 0.000000000000000000e+00 -3.812465268253676376e-01
-6.750966346596579681e-01 0.000000000000000000e+00 -3.629038071237132290e-01
-6.863127963706345813e-01 0.000000000000000000e+00 -3.432844547976258154e-01
-6.958026362493480166e-01 0.000000000000000000e+00 -3.226456135698716476e-01
-7.035733821800497223e-01 0.000000000000000000e+00 -3.012726263947494987e-01
-7.095773562878677776e-01 0.000000000000000000e+00 -2.794238840403708291e-01
-7.137495767199479868e-01 0.000000000000000000e+00 -2.572864339988134019e-01
-7.160754437753887869e-01 0.000000000000000000e+00 -2.349641628049356223e-01
-7.166441811784324267e-01 0.000000000000000000e+00 -2.125037990254670939e-01
-7.156517176970779159e-01 0.000000000000000000e+00 -1.899431181722737727e-01
-7.133474998630814357e-01 0.000000000000000000e+00 -1.673529151888273614e-01
-7.099543839465252137e-01 0.000000000000000000e+00 -1.448477506396497472e-01
-7.056078292684888620e-01 0.000000000000000000e+00 -1.225588662190434525e-01
-7.003494654712569822e-01 0.000000000000000000e+00 -1.005854734387632426e-01
-6.941775037050752495e-01 0.000000000000000000e+00 -7.895416012204102552e-02
-6.871224027855137306e-01 0.000000000000000000e+00 -5.761191156480333087e-02
-6.793015387364808033e-01 0.000000000000000000e+00 -3.645831745922013117e-02
-6.709202101291005249e-01 0.000000000000000000e+00 -1.539874793852597130e-02
-6.622196179063205568e-01 0.000000000000000000e+00 5.612835480193645310e-03
-6.534049733834074170e-01 0.000000000000000000e+00 2.656687801113026548e-02
-6.445988222571688020e-01 0.000000000000000000e+00 4.743077931267695307e-02
-6.358490625678748787e-01 0.000000000000000000e+00 6.820026499693825073e-02
-6.271878763227433096e-01 0.000000000000000000e+00 8.893667976359807825e-02
-6.187072567808208357e-01 0.000000000000000000e+00 1.097651703276823626e-01
-6.106071790037892466e-01 0.000000000000000000e+00 1.308321300594201264e-01
-6.031887400183219006e-01 0.000000000000000000e+00 1.522450011617703935e-01
-5.967960372718633666e-01 0.000000000000000000e+00 1.740283477771157328e-01
-5.917378116949373323e-01 0.000000000000000000e+00 1.961202824716681559e-01
-5.882271700808127113e-01 0.000000000000000000e+00 2.184089477818532410e-01
-5.863622519884532647e-01 0.000000000000000000e+00 2.407851121783724513e-01
-5.861437419281071426e-01 0.000000000000000000e+00 2.631789668930998860e-01
-5.875041070167623669e-01 0.000000000000000000e+00 2.855619375824006712e-01
-5.903208156534657247e-01 0.000000000000000000e+00 3.079194155469615612e-01
-5.944015272687798168e-01 0.000000000000000000e+00 3.302210736070917974e-01
-5.994516634458767479e-01 0.000000000000000000e+00 3.524174022995570921e-01
-6.050488152877677717e-01 0.000000000000000000e+00 3.744716705568866266e-01
-6.106456373350629407e-01 0.000000000000000000e+00 3.964073544087455825e-01
-6.156064610345635124e-01 0.000000000000000000e+00 4.183314974478202219e-01
-6.192648730550225356e-01 0.000000000000000000e+00 4.403994304294982509e-01
-6.209821014067672396e-01 0.000000000000000000e+00 4.627163679618009895e-01
-6.201930739626925204e-01 0.000000000000000000e+00 4.852111593898672526e-01
-6.164415748739121570e-01 0.000000000000000000e+00 5.075436201420482352e-01
-6.094156344395181835e-01 0.000000000000000000e+00 5.291018976838023358e-01
-5.989904553486089522e-01 0.000000000000000000e+00 5.491094356834876899e-01
-5.852705666004283103e-01 0.000000000000000000e+00 5.668097883068127230e-01
-5.686071664693294059e-01 0.000000000000000000e+00 5.816584849263354284e-01
-5.495645114562558442e-01 0.000000000000000000e+00 5.934454418335035619e-01
-5.288265868295174421e-01 0.000000000000000000e+00 6.023026146640525491e-01
-5.070648424587657077e-01 0.000000000000000000e+00 6.086035657421959844e-01
-4.848124116889293012e-01 0.000000000000000000e+00 6.128075544905818850e-01
-4.623935114670785218e-01 0.000000000000000000e+00 6.153179723313355609e-01
-4.399337822152479260e-01 0.000000000000000000e+00 6.164071116865085243e-01
-4.174390949455662470e-01 0.000000000000000000e+00 6.162190209710948219e-01
-3.948978727217285489e-01 0.000000000000000000e+00 6.148230045468965344e-01
-3.723539227304584198e-01 0.000000000000000000e+00 6.122726395976086922e-01
-3.499178652717956362e-01 0.000000000000000000e+00 6.086352612977304899e-01
-3.277229125921413133e-01 0.000000000000000000e+00 6.039845361972050464e-01
-3.058625246375882845e-01 0.000000000000000000e+00 5.983749127641700971e-01
-2.843546685588270728e-01 0.000000000000000000e+00 5.918256261585189693e-01
-2.631566531382359964e-01 0.000000000000000000e+00 5.843303339931041895e-01
-2.422197502222313836e-01 0.000000000000000000e+00 5.758865844548205493e-01
-2.215464803673913297e-01 0.000000000000000000e+00 5.665232047960394590e-01
-2.012121954179851013e-01 0.000000000000000000e+00 5.563043886789225123e-01
-1.813367500700329427e-01 0.000000000000000000e+00 5.453057831698828739e-01
-1.620254439693654125e-01 0.000000000000000000e+00 5.335783727661579379e-01
-1.433188767794303653e-01 0.000000000000000000e+00 5.211259546720584668e-01
-1.251852065468196940e-01 0.000000000000000000e+00 5.079142330107074832e-01
-1.075594026505828221e-01 0.000000000000000000e+00 4.939088776620358945e-01
-9.040154747521481071e-02 0.000000000000000000e+00 4.791200470296489433e-01
-7.373202867852306219e-02 0.000000000000000000e+00 4.636253486118013800e-01
-5.761584001237025909e-02 0.000000000000000000e+00 4.475561550861337778e-01
-4.210254131489451351e-02 0.000000000000000000e+00 4.310554581748408109e-01
-2.716030381156910381e-02 0.000000000000000000e+00 4.142337713103101393e-01
-1.265012524051588316e-02 0.000000000000000000e+00 3.971506494152412525e-01
1.636817431263431046e-03 0.000000000000000000e+00 3.798320808561934103e-01
1.589589916017519755e-02 0.000000000000000000e+00 3.623095107016976457e-01
3.022853001285234764e-02 0.000000000000000000e+00 3.446509477628403317e-01
4.461437125420650296e-02 0.000000000000000000e+00 3.269592570502345419e-01
5.895486999683312301e-02 0.000000000000000000e+00 3.093350602881287381e-01
7.316151374328630497e-02 0.000000000000000000e+00 2.918272826633679373e-01
8.723228189840101510e-02 0.000000000000000000e+00 2.744058865091640320e-01
1.012656628074464910e-01 0.000000000000000000e+00 2.569798075425568928e-01
1.154013478290639716e-01 0.000000000000000000e+00 2.394546132153121676e-01
1.297258397741820057e-01 0.000000000000000000e+00 2.217968627926593661e-01
1.442075615299382718e-01 0.000000000000000000e+00 2.040642089548453109e-01
1.587105153312849126e-01 0.000000000000000000e+00 1.863789685922778439e-01
1.730855258242245398e-01 0.000000000000000000e+00 1.688581172209992487e-01
1.872844419752193734e-01 0.000000000000000000e+00 1.515425729697838786e-01
2.014210212231149488e-01 0.000000000000000000e+00 1.343730303034443851e-01
2.157299414054032471e-01 0.000000000000000000e+00 1.172332505008827352e-01
2.304387204854185800e-01 0.000000000000000000e+00 1.000389760043002563e-01
2.456278014093308537e-01 0.000000000000000000e+00 8.281780719809937741e-02
2.611714323766565760e-01 0.000000000000000000e+00 6.572480067656968905e-02
2.768101385111256252e-01 0.000000000000000000e+00 4.897397077472558091e-02
2.923251463567777542e-01 0.000000000000000000e+00 3.271845283808371557e-02
3.077136170165453710e-01 0.000000000000000000e+00 1.695024439177327674e-02
3.232477677218739132e-01 0.000000000000000000e+00 1.488487646915856964e-03
3.393574798829219197e-01 0.000000000000000000e+00 -1.392018047717119393e-02
3.563780203376407107e-01 0.000000000000000000e+00 -2.943164579391058938e-02
3.742945028621588177e-01 0.000000000000000000e+00 -4.495601405488613977e-02
3.926367979193811641e-01 0.000000000000000000e+00 -6.012319200075214726e-02
4.106123646895356583e-01 0.000000000000000000e+00 -7.440209585608506537e-02
4.274399935758655955e-01 0.000000000000000000e+00 -8.733256989007874560e-02
4.427312049023776064e-01 0.000000000000000000e+00 -9.876337288847494844e-02
4.702406722246058046e-01 0.000000000000000000e+00 -1.186264128681918661e-01
