4.817012606612903483e+02 0.000000000000000000e+00 -5.935446577625395292e+01
4.839369890552215452e+02 0.000000000000000000e+00 -6.666629985966062577e+01
4.859627686863335612e+02 0.000000000000000000e+00 -7.407472812066336587e+01
4.877820024949363074e+02 0.000000000000000000e+00 -8.159449560298018866e+01
4.893966013288907106e+02 0.000000000000000000e+00 -8.923712936048625011e+01
4.908064262074819908e+02 0.000000000000000000e+00 -9.701009007303724729e+01
4.920088901619986359e+02 0.000000000000000000e+00 -1.049161616719865151e+02
4.929987603644611340e+02 0.000000000000000000e+00 -1.129531118000485748e+02
4.937681860735286250e+02 0.000000000000000000e+00 -1.211136382310950808e+02
4.943069602410199650e+02 0.000000000000000000e+00 -1.293855980999895792e+02
4.946030038365570931e+02 0.000000000000000000e+00 -1.377524991760022886e+02
4.946430435803515024e+02 0.000000000000000000e+00 -1.461942166159110172e+02
4.944134373363844475e+02 0.000000000000000000e+00 -1.546878856607370949e+02
4.939010882895975101e+02 0.000000000000000000e+00 -1.632089113790436272e+02
4.930943803435031327e+02 0.000000000000000000e+00 -1.717320313264346794e+02
4.919840637177337044e+02 0.000000000000000000e+00 -1.802323661040229581e+02
4.905640218743315586e+02 0.000000000000000000e+00 -1.886863961721917633e+02
4.888318585833157499e+02 0.000000000000000000e+00 -1.970728105344476262e+02
4.867892566284804161e+02 0.000000000000000000e+00 -2.053731834196712214e+02
4.844420764160098543e+02 0.000000000000000000e+00 -2.135724480278235546e+02
4.818001823005008646e+02 0.000000000000000000e+00 -2.216591507954431393e+02
4.788770052605010505e+02 0.000000000000000000e+00 -2.296254844503891093e+02
4.756888709899441778e+02 0.000000000000000000e+00 -2.374671123384920861e+02
4.722541408822125959e+02 0.000000000000000000e+00 -2.451828091790042947e+02
4.685922282700425967e+02 0.000000000000000000e+00 -2.527739537477849296e+02
4.647225624110423041e+02 0.000000000000000000e+00 -2.602439164001073095e+02
4.606635772061578677e+02 0.000000000000000000e+00 -2.675973884626259860e+02
4.564318000797882178e+02 0.000000000000000000e+00 -2.748397012272654365e+02
4.520411088900692107e+02 0.000000000000000000e+00 -2.819761796944170555e+02
4.475022117143457194e+02 0.000000000000000000e+00 -2.890115706897886412e+02
4.428223868524897853e+02 0.000000000000000000e+00 -2.959495770591904034e+02
4.380054997665803285e+02 0.000000000000000000e+00 -3.027925200111836261e+02
4.330522915546457057e+02 0.000000000000000000e+00 -3.095411410976404341e+02
4.279609117045128528e+02 0.000000000000000000e+00 -3.161945445920928250e+02
4.227276480575989126e+02 0.000000000000000000e+00 -3.227502709080684440e+02
4.173477907565642226e+02 0.000000000000000000e+00 -3.292044828712872686e+02
4.118165558061467095e+02 0.000000000000000000e+00 -3.355522396669901468e+02
4.061299887084126112e+02 0.000000000000000000e+00 -3.417878285102217433e+02
4.002857699389226127e+02 0.000000000000000000e+00 -3.479051217343859435e+02
3.942838517913917826e+02 0.000000000000000000e+00 -3.538979270780281468e+02
3.881268697977697002e+02 0.000000000000000000e+00 -3.597603013123196547e+02
3.818202905067935831e+02 0.000000000000000000e+00 -3.654868016802244597e+02
3.753722794463695323e+02 0.000000000000000000e+00 -3.710726554813321059e+02
3.687932968725228307e+02 0.000000000000000000e+00 -3.765138350228187392e+02
3.620954525223042992e+02 0.000000000000000000e+00 -3.818070325200091588e+02
3.552916721242289100e+02 0.000000000000000000e+00 -3.869495368301381859e+02
3.483947460960043259e+02 0.000000000000000000e+00 -3.919390206480900929e+02
3.414163431716594914e+02 0.000000000000000000e+00 -3.967732525716771192e+02
3.343660775458423586e+02 0.000000000000000000e+00 -4.014497529499629991e+02
3.272507168934957349e+02 0.000000000000000000e+00 -4.059654154738101397e+02
3.200736102595253101e+02 0.000000000000000000e+00 -4.103161179881529392e+02
3.128343998193718107e+02 0.000000000000000000e+00 -4.144963460506398292e+02
3.055290599229671784e+02 0.000000000000000000e+00 -4.184988514806021840e+02
2.981502821451418868e+02 0.000000000000000000e+00 -4.223143657612778270e+02
2.906881981170636209e+02 0.000000000000000000e+00 -4.259313849509917986e+02
2.831314047573083599e+02 0.000000000000000000e+00 -4.293360390191800775e+02
2.754682312621597475e+02 0.000000000000000000e+00 -4.325120545359096695e+02
2.676881658475035124e+02 0.000000000000000000e+00 -4.354408156612748826e+02
2.597833444882373897e+02 0.000000000000000000e+00 -4.381015246048718268e+02
2.517499951015831243e+02 0.000000000000000000e+00 -4.404714592940475200e+02
2.435897295837014269e+02 0.000000000000000000e+00 -4.425263229753724659e+02
2.353105830706512336e+02 0.000000000000000000e+00 -4.442406778877143552e+02
2.269277143861781383e+02 0.000000000000000000e+00 -4.455884529478069567e+02
2.184637029076051817e+02 0.000000000000000000e+00 -4.465435135066063026e+02
2.099484035572827736e+02 0.000000000000000000e+00 -4.470802795789191464e+02
2.014183514297141642e+02 0.000000000000000000e+00 -4.471743774377476370e+02
1.929157385407095262e+02 0.000000000000000000e+00 -4.468033080416153666e+02
1.844870150706031779e+02 0.000000000000000000e+00 -4.459471144112433763e+02
1.761811940639514660e+02 0.000000000000000000e+00 -4.445890288246932869e+02
1.680479598649581874e+02 0.000000000000000000e+00 -4.427160796436263013e+02
1.601356950103132988e+02 0.000000000000000000e+00 -4.403196368518472354e+02
1.524895467688396593e+02 0.000000000000000000e+00 -4.373958751513886796e+02
1.451496524959418366e+02 0.000000000000000000e+00 -4.339461339098768349e+02
1.381496325733547508e+02 0.000000000000000000e+00 -4.299771545704626874e+02
1.315154416652468967e+02 0.000000000000000000e+00 -4.255011784776989998e+02
1.252646446422538702e+02 0.000000000000000000e+00 -4.205358915410703844e+02
1.194061545784168459e+02 0.000000000000000000e+00 -4.151042067783630500e+02
1.139404388235599015e+02 0.000000000000000000e+00 -4.092338814872747434e+02
1.088601675863385765e+02 0.000000000000000000e+00 -4.029569724175581769e+02
1.041512500293545003e+02 0.000000000000000000e+00 -3.963091395876642764e+02
9.979417770995223691e+01 0.000000000000000000e+00 -3.893288169467291482e+02
9.576557610505230400e+01 0.000000000000000000e+00 -3.820562754885759205e+02
9.203985328046341863e+01 0.000000000000000000e+00 -3.745326111964790243e+02
8.859083128756306280e+01 0.000000000000000000e+00 -3.667986958408521332e+02
8.539325075697171030e+01 0.000000000000000000e+00 -3.588941326977834478e+02
8.242405194486489961e+01 0.000000000000000000e+00 -3.508562613009236770e+02
7.966335511704336625e+01 0.000000000000000000e+00 -3.427192550817364349e+02
7.709508806535322378e+01 0.000000000000000000e+00 -3.345133530271206155e+02
7.470723679125271133e+01 0.000000000000000000e+00 -3.262642612803235806e+02
7.249172477805986148e+01 0.000000000000000000e+00 -3.179927530925542101e+02
7.044395455601089395e+01 0.000000000000000000e+00 -3.097144860306706846e+02
6.856207029839461597e+01 0.000000000000000000e+00 -3.014400443495587183e+02
6.684602009874052442e+01 0.000000000000000000e+00 -2.931752025658541356e+02
6.529650990718121761e+01 0.000000000000000000e+00 -2.849213942351535707e+02
6.391394691037815790e+01 0.000000000000000000e+00 -2.766763584969775138e+02
6.269746807745087125e+01 0.000000000000000000e+00 -2.684349268637234900e+02
6.164413993285823068e+01 0.000000000000000000e+00 -2.601899046846927490e+02
6.074839921510220364e+01 0.000000000000000000e+00 -2.519329962944674719e+02
6.000178231630646053e+01 0.000000000000000000e+00 -2.436557204786029729e+02
5.939296606038592330e+01 0.000000000000000000e+00 -2.353502637866185410e+02
5.890811552240071336e+01 0.000000000000000000e+00 -2.270102234034279718e+02
5.853150837982838084e+01 0.000000000000000000e+00 -2.186311985419512496e+02
5.824638181453759245e+01 0.000000000000000000e+00 -2.102111992123505217e+02
5.803592912028798878e+01 0.000000000000000000e+00 -2.017508531371761364e+02
5.788436040843203045e+01 0.000000000000000000e+00 -1.932534047458266571e+02
5.777793614763965024e+01 0.000000000000000000e+00 -1.847245137261459149e+02
5.770588415775404911e+01 0.000000000000000000e+00 -1.761718736269093313e+02
5.766111993868983632e+01 0.000000000000000000e+00 -1.676046826091744890e+02
5.764070610187921773e+01 0.000000000000000000e+00 -1.590330078431193783e+02
5.764600790741048542e+01 0.000000000000000000e+00 -1.504670915938867779e+02
5.768252679312626441e+01 0.000000000000000000e+00 -1.419166502849791698e+02
5.775942032043997187e+01 0.000000000000000000e+00 -1.333902175515044064e+02
5.788874302960840623e+01 0.000000000000000000e+00 -1.248945785274235050e+02
5.808446620211448419e+01 0.000000000000000000e+00 -1.164343356288786566e+02
5.836135357475212260e+01 0.000000000000000000e+00 -1.080116364077248647e+02
5.873378309043013701e+01 0.000000000000000000e+00 -9.962608235772070486e+01
5.921461072411825910e+01 0.000000000000000000e+00 -9.127482470618792831e+01
5.981417076130753685e+01 0.000000000000000000e+00 -8.295284014374595927e+01
6.053949769847470463e+01 0.000000000000000000e+00 -7.465336707481165490e+01
6.139383883863475688e+01 0.000000000000000000e+00 -6.636847219638805484e+01
6.237650486888838230e+01 0.000000000000000000e+00 -5.808970879438465573e+01
6.348307987794618867e+01 0.000000000000000000e+00 -4.980882266813171810e+01
6.470598436831262745e+01 0.000000000000000000e+00 -4.151845941464351597e+01
6.603535697823539863e+01 0.000000000000000000e+00 -3.321282803435472886e+01
6.746019499569405298e+01 0.000000000000000000e+00 -2.488828031134580954e+01
6.896967230367387458e+01 0.000000000000000000e+00 -1.654377277909429012e+01
7.055453781335879171e+01 0.000000000000000000e+00 -8.181187697543208515e+00
7.220848894959122788e+01 0.000000000000000000e+00 1.944994395120858144e-01
7.392941404612606959e+01 0.000000000000000000e+00 8.575206662152030646e+00
7.572040469417783015e+01 0.000000000000000000e+00 1.694987598958634933e+01
7.759045367834066553e+01 0.000000000000000000e+00 2.530472691634516735e+01
7.955477508319457058e+01 0.000000000000000000e+00 3.362360411597521193e+01
8.163470893838389486e+01 0.000000000000000000e+00 4.188838507684815937e+01
8.385720150519547644e+01 0.000000000000000000e+00 5.007941094551206618e+01
8.625388189158014995e+01 0.000000000000000000e+00 5.817590461701710325e+01
8.885978395472103841e+01 0.000000000000000000e+00 6.615634397826339352e+01
9.171178735473783661e+01 0.000000000000000000e+00 7.399876482532690147e+01
9.484687136241143435e+01 0.000000000000000000e+00 8.168097675807653957e+01
9.830028819201557155e+01 0.000000000000000000e+00 8.918068554332059250e+01
1.021037683156283293e+02 0.000000000000000000e+00 9.647552614849522001e+01
1.062838680640753779e+02 0.000000000000000000e+00 1.035430209483414643e+02
1.108605600577228500e+02 0.000000000000000000e+00 1.103604865885687616e+02
1.158461504199592724e+02 0.000000000000000000e+00 1.169049198432043539e+02
1.212445845811256078e+02 0.000000000000000000e+00 1.231528968817970480e+02
1.270511774446208619e+02 0.000000000000000000e+00 1.290805212447187671e+02
1.332527756837325512e+02 0.000000000000000000e+00 1.346634533434406933e+02
1.398283320033583266e+02 0.000000000000000000e+00 1.398770485678115847e+02
1.467498453287329596e+02 0.000000000000000000e+00 1.446966224763108642e+02
1.539835988757305643e+02 0.000000000000000000e+00 1.490978506971921433e+02
1.614916113929481298e+02 0.000000000000000000e+00 1.530572989092422915e+02
1.692332065944917474e+02 0.000000000000000000e+00 1.565530655710478527e+02
1.771666024746301673e+02 0.000000000000000000e+00 1.595655079632483648e+02
1.852504258311120964e+02 0.000000000000000000e+00 1.620780116202751628e+02
1.934450674225032571e+02 0.000000000000000000e+00 1.640777552815524132e+02
2.017138087757431606e+02 0.000000000000000000e+00 1.655564188411257760e+02
2.100236713879682782e+02 0.000000000000000000e+00 1.665107809390806324e+02
2.183459613052164343e+02 0.000000000000000000e+00 1.669431560574118976e+02
2.266565050449854368e+02 0.000000000000000000e+00 1.668616281907302437e+02
2.349355947965926532e+02 0.000000000000000000e+00 1.662800489833909410e+02
2.431676801586625345e+02 0.000000000000000000e+00 1.652177819968976280e+02
2.513408589948879523e+02 0.000000000000000000e+00 1.636991905883176059e+02
2.594462303075731029e+02 0.000000000000000000e+00 1.617528836541421242e+02
2.674771767743972077e+02 0.000000000000000000e+00 1.594107500331172957e+02
2.754286436623044665e+02 0.000000000000000000e+00 1.567068274578296041e+02
2.832964745774198718e+02 0.000000000000000000e+00 1.536760644630564911e+02
2.910768537028220067e+02 0.000000000000000000e+00 1.503530426226734846e+02
2.987658899312357903e+02 0.000000000000000000e+00 1.467707311541081765e+02
3.063593619740357212e+02 0.000000000000000000e+00 1.429593458513781457e+02
3.138526266024110214e+02 0.000000000000000000e+00 1.389453793680794149e+02
3.212406761307534566e+02 0.000000000000000000e+00 1.347508603002756047e+02
3.285183174413976417e+02 0.000000000000000000e+00 1.303928848818340214e+02
3.356804343942933428e+02 0.000000000000000000e+00 1.258834482672805422e+02
3.427222891623333112e+02 0.000000000000000000e+00 1.212295834478363332e+02
3.496398162971299257e+02 0.000000000000000000e+00 1.164337960988482621e+02
3.564298661653664908e+02 0.000000000000000000e+00 1.114947644416934338e+02
3.630903614050497481e+02 0.000000000000000000e+00 1.064082558513974419e+02
3.696203404767309166e+02 0.000000000000000000e+00 1.011681976688712723e+02
3.760198751815692617e+02 0.000000000000000000e+00 9.576782949738240802e+01
3.822898629474621544e+02 0.000000000000000000e+00 9.020085891349182816e+01
3.884317084252667769e+02 0.000000000000000000e+00 8.446254240876346842e+01
3.944469212018883582e+02 0.000000000000000000e+00 7.855061854319326642e+01
4.003366660840650297e+02 0.000000000000000000e+00 7.246603040985807809e+01
4.061013085388598824e+02 0.000000000000000000e+00 6.621338891136716143e+01
4.117399999185618071e+02 0.000000000000000000e+00 5.980114606008722689e+01
4.172503448436962117e+02 0.000000000000000000e+00 5.324146733030147516e+01
4.226281867501549527e+02 0.000000000000000000e+00 4.654981265700143922e+01
4.278675376777343899e+02 0.000000000000000000e+00 3.974425558450860763e+01
4.329606657624402715e+02 0.000000000000000000e+00 3.284458795524962227e+01
4.378983397145639742e+02 0.000000000000000000e+00 2.587127217210927199e+01
4.426702150881861826e+02 0.000000000000000000e+00 1.884431347047282657e+01
4.472653336831025399e+02 0.000000000000000000e+00 1.178213009753690699e+01
4.516726961992592919e+02 0.000000000000000000e+00 4.700499459603691754e+00
4.558818603352377181e+02 0.000000000000000000e+00 -2.388346826904026443e+00
4.598835126586239426e+02 0.000000000000000000e+00 -9.476416083082348507e+00
4.636699632041223822e+02 0.000000000000000000e+00 -1.656038725601863604e+01
4.672355169158751664e+02 0.000000000000000000e+00 -2.364175193581530721e+01
4.705766853906385450e+02 0.000000000000000000e+00 -3.072665193135325268e+01
4.736922151771878475e+02 0.000000000000000000e+00 -3.782542173883541636e+01
4.765829241125243811e+02 0.000000000000000000e+00 -4.495186363438012478e+01
4.817012606612903483e+02 0.000000000000000000e+00 -5.935446577625395292e+01
