0.000000000000000000e+00 -3.977300505678301068e+00 7.997985064834607556e+02
0.000000000000000000e+00 2.104697382986984167e+01 7.859904483195214198e+02
0.000000000000000000e+00 5.637062998050311791e+01 7.658973541008314214e+02
0.000000000000000000e+00 9.646431097261924492e+01 7.427122411011537224e+02
0.000000000000000000e+00 1.333311648139388126e+02 7.200563507011861475e+02
0.000000000000000000e+00 1.665688804603521476e+02 6.988084949952409488e+02
0.000000000000000000e+00 2.017554241164498592e+02 6.787874564573040743e+02
0.000000000000000000e+00 2.416979951800866218e+02 6.618092542235539213e+02
0.000000000000000000e+00 2.836338438930073949e+02 6.511966383145529562e+02
0.000000000000000000e+00 3.245160169237306036e+02 6.486414478975177644e+02
0.000000000000000000e+00 3.648782506618784964e+02 6.529322540843976412e+02
0.000000000000000000e+00 4.062279982430414975e+02 6.616690954618771912e+02
0.000000000000000000e+00 4.477572274869218063e+02 6.729562482025283998e+02
0.000000000000000000e+00 4.878750157949202730e+02 6.852918827435710227e+02
0.000000000000000000e+00 5.271913228802346794e+02 6.972011687262898931e+02
0.000000000000000000e+00 5.676269411644658476e+02 7.078147622906510605e+02
0.000000000000000000e+00 6.094161797883322151e+02 7.170446652214478718e+02
0.000000000000000000e+00 6.511075924771096197e+02 7.243935306519792903e+02
0.000000000000000000e+00 6.921738924454048174e+02 7.281229101948092648e+02
0.000000000000000000e+00 7.335655603281370531e+02 7.264182755511278629e+02
0.000000000000000000e+00 7.754597037675450792e+02 7.190249591551497588e+02
0.000000000000000000e+00 8.162239679596225415e+02 7.068640582763085831e+02
0.000000000000000000e+00 8.541913071958654200e+02 6.902044253145251105e+02
0.000000000000000000e+00 8.890005068787978644e+02 6.681884629012832875e+02
0.000000000000000000e+00 9.204212997224669834e+02 6.403431721087453070e+02
0.000000000000000000e+00 9.472458011804174021e+02 6.077028720399010808e+02
0.000000000000000000e+00 9.686236454077271674e+02 5.719921122775945150e+02
0.000000000000000000e+00 9.856698114895393701e+02 5.343048318930964342e+02
0.000000000000000000e+00 1.000384988738927063e+03 4.950771968805285042e+02
0.000000000000000000e+00 1.013321469900420880e+03 4.548123647528480546e+02
0.000000000000000000e+00 1.023506770780405986e+03 4.140894003910399874e+02
0.000000000000000000e+00 1.030496986585314744e+03 3.730343169430882426e+02
0.000000000000000000e+00 1.035258425467678535e+03 3.314337765299958960e+02
0.000000000000000000e+00 1.038845276625989072e+03 2.893900816168410870e+02
0.000000000000000000e+00 1.041316365838557431e+03 2.473664687995178042e+02
0.000000000000000000e+00 1.042398498981970761e+03 2.055509667697388636e+02
0.000000000000000000e+00 1.042321506090705725e+03 1.636690590771020481e+02
0.000000000000000000e+00 1.041386789527443852e+03 1.215588274576896595e+02
0.000000000000000000e+00 1.039347885096212167e+03 7.949373797617923287e+01
0.000000000000000000e+00 1.035846262922598726e+03 3.773651785898028521e+01
0.000000000000000000e+00 1.031007162030349264e+03 -3.835750752325157720e+00
0.000000000000000000e+00 1.025045061910122513e+03 -4.539555122838481083e+01
0.000000000000000000e+00 1.017719231885477029e+03 -8.678334507993511693e+01
0.000000000000000000e+00 1.008804146301919332e+03 -1.277754619790190418e+02
0.000000000000000000e+00 9.987124327439375975e+02 -1.684621069673201816e+02
0.000000000000000000e+00 9.879296920526932126e+02 -2.090003196315414584e+02
0.000000000000000000e+00 9.761395394104296201e+02 -2.492132979476461401e+02
0.000000000000000000e+00 9.628003309474420348e+02 -2.888736461707351850e+02
0.000000000000000000e+00 9.485363337748013919e+02 -3.282787873970846704e+02
0.000000000000000000e+00 9.350581914870141418e+02 -3.680860677581238178e+02
0.000000000000000000e+00 9.235206353547264371e+02 -4.085628848663538406e+02
0.000000000000000000e+00 9.137241889552751672e+02 -4.494143803169761782e+02
0.000000000000000000e+00 9.051232136167174076e+02 -4.903989965955840944e+02
0.000000000000000000e+00 8.976635506798589859e+02 -5.316501714820194593e+02
0.000000000000000000e+00 8.910174247283424620e+02 -5.732070878092133626e+02
0.000000000000000000e+00 8.837173892415330556e+02 -6.146429860299523398e+02
0.000000000000000000e+00 8.738539609391037857e+02 -6.554078032560702241e+02
0.000000000000000000e+00 8.602344747279404373e+02 -6.951089064361076453e+02
0.000000000000000000e+00 8.422077619170336220e+02 -7.330378828755590348e+02
0.000000000000000000e+00 8.189315012156228022e+02 -7.677838202639414931e+02
0.000000000000000000e+00 7.899381434341288468e+02 -7.979750290477711587e+02
0.000000000000000000e+00 7.563186598675604273e+02 -8.234152721677685349e+02
0.000000000000000000e+00 7.202268888823667794e+02 -8.450107029541102293e+02
0.000000000000000000e+00 6.829329953239277984e+02 -8.635506045109483466e+02
0.000000000000000000e+00 6.442092699384287471e+02 -8.790748582679209449e+02
0.000000000000000000e+00 6.038625698577989169e+02 -8.915904293829405560e+02
0.000000000000000000e+00 5.628270102732153646e+02 -9.018557756766831517e+02
0.000000000000000000e+00 5.220971382511021375e+02 -9.110116143365582957e+02
0.000000000000000000e+00 4.814480210033613616e+02 -9.196858101066940208e+02
0.000000000000000000e+00 4.401468156628637303e+02 -9.278327148288052513e+02
0.000000000000000000e+00 3.983785148774841218e+02 -9.352661688257817332e+02
0.000000000000000000e+00 3.569364490710487985e+02 -9.419583953412189885e+02
0.000000000000000000e+00 3.158154073225678076e+02 -9.479157461771153521e+02
0.000000000000000000e+00 2.742416348516325115e+02 -9.531707678020301273e+02
0.000000000000000000e+00 2.320888401510554786e+02 -9.579262781486710310e+02
0.000000000000000000e+00 1.901516476622049652e+02 -9.623859526054125126e+02
0.000000000000000000e+00 1.487599793196779103e+02 -9.664033383068083367e+02
0.000000000000000000e+00 1.071791399945175556e+02 -9.696013943576682550e+02
0.000000000000000000e+00 6.489517058077289846e+01 -9.718952266726096241e+02
0.000000000000000000e+00 2.254757408907835270e+01 -9.735898619274746579e+02
0.000000000000000000e+00 -1.916211518741151920e+01 -9.748830217602770745e+02
0.000000000000000000e+00 -6.070042437644030286e+01 -9.756157551967821746e+02
0.000000000000000000e+00 -1.028848085474764957e+02 -9.756660774662559561e+02
0.000000000000000000e+00 -1.454137213317287660e+02 -9.752238926906310326e+02
0.000000000000000000e+00 -1.873474447100657869e+02 -9.744120247663952341e+02
0.000000000000000000e+00 -2.287540771792502028e+02 -9.729696172688843490e+02
0.000000000000000000e+00 -2.706213964802583405e+02 -9.706849913251375028e+02
0.000000000000000000e+00 -3.131118828925719981e+02 -9.678726080652381825e+02
0.000000000000000000e+00 -3.552102883622572449e+02 -9.649446858064237631e+02
0.000000000000000000e+00 -3.964764220432688830e+02 -9.616863393834836415e+02
0.000000000000000000e+00 -4.378753306748949967e+02 -9.575320267090039579e+02
0.000000000000000000e+00 -4.801201386542848581e+02 -9.525141950122970229e+02
0.000000000000000000e+00 -5.223303799968558678e+02 -9.472463105578860905e+02
0.000000000000000000e+00 -5.634590365754216919e+02 -9.417702085910462984e+02
0.000000000000000000e+00 -6.041508829978926087e+02 -9.351424122812848054e+02
0.000000000000000000e+00 -6.456851270436308141e+02 -9.266840608544279121e+02
0.000000000000000000e+00 -6.875833060434241588e+02 -9.170275450942825728e+02
0.000000000000000000e+00 -7.280720968311153456e+02 -9.069480967052426195e+02
0.000000000000000000e+00 -7.668529631577682721e+02 -8.951398793911386065e+02
0.000000000000000000e+00 -8.049852817403360632e+02 -8.780262176819197748e+02
0.000000000000000000e+00 -8.405236115831082770e+02 -8.524438221009252175e+02
0.000000000000000000e+00 -8.658856209475775358e+02 -8.186571894503750855e+02
0.000000000000000000e+00 -8.721603984944101740e+02 -7.809614475265830151e+02
0.000000000000000000e+00 -8.566121741592261287e+02 -7.456995411190135883e+02
0.000000000000000000e+00 -8.249157826886189468e+02 -7.183296189799424383e+02
0.000000000000000000e+00 -7.859124076471788385e+02 -7.010545720977718247e+02
0.000000000000000000e+00 -7.452682736744666272e+02 -6.920235033742770838e+02
0.000000000000000000e+00 -7.042608057472098153e+02 -6.867269438202929450e+02
0.000000000000000000e+00 -6.627141019266484818e+02 -6.809148315700476815e+02
0.000000000000000000e+00 -6.211475495254059069e+02 -6.728106209628232364e+02
0.000000000000000000e+00 -5.802707756163699742e+02 -6.628876079444924017e+02
0.000000000000000000e+00 -5.400030856897693639e+02 -6.520216204664262705e+02
0.000000000000000000e+00 -4.998430760012872156e+02 -6.402898715568790067e+02
0.000000000000000000e+00 -4.597594271582119632e+02 -6.272760610988017334e+02
0.000000000000000000e+00 -4.202100000361000411e+02 -6.127606648714886433e+02
0.000000000000000000e+00 -3.814711571273598452e+02 -5.968112909534265782e+02
0.000000000000000000e+00 -3.433122148456318996e+02 -5.796359906214678404e+02
0.000000000000000000e+00 -3.053028802656015159e+02 -5.616950861068141876e+02
0.000000000000000000e+00 -2.672137393350180332e+02 -5.436891221953976583e+02
0.000000000000000000e+00 -2.290506582749101483e+02 -5.261281338530915264e+02
0.000000000000000000e+00 -1.907786270950166738e+02 -5.091301178446122435e+02
0.000000000000000000e+00 -1.521052093789080857e+02 -4.929468043115840032e+02
0.000000000000000000e+00 -1.126243245748647865e+02 -4.784710744283957524e+02
0.000000000000000000e+00 -7.219470930470306769e+01 -4.668411010401702015e+02
0.000000000000000000e+00 -3.106008501748128481e+01 -4.586596618938355618e+02
0.000000000000000000e+00 1.047979246718416135e+01 -4.539410794568159986e+02
0.000000000000000000e+00 5.234955750690252785e+01 -4.526028895101331386e+02
0.000000000000000000e+00 9.448131109736245037e+01 -4.543923868460432800e+02
0.000000000000000000e+00 1.365281151174192473e+02 -4.582990353022109389e+02
0.000000000000000000e+00 1.781712391269487910e+02 -4.627280125236991921e+02
0.000000000000000000e+00 2.196572011810926597e+02 -4.666074269873989806e+02
0.000000000000000000e+00 2.615684942645745537e+02 -4.698239448961454627e+02
0.000000000000000000e+00 3.039324359904705943e+02 -4.721403810591168053e+02
0.000000000000000000e+00 3.460099785599924758e+02 -4.721763380286077449e+02
0.000000000000000000e+00 3.872363520410166871e+02 -4.681375406277918501e+02
0.000000000000000000e+00 4.278479798981169893e+02 -4.592470612726048103e+02
0.000000000000000000e+00 4.678421781714606595e+02 -4.455544139484325683e+02
0.000000000000000000e+00 5.052955983163431029e+02 -4.263148044446006111e+02
0.000000000000000000e+00 5.363256858584388738e+02 -3.996913015862634211e+02
0.000000000000000000e+00 5.571688687605833366e+02 -3.649002253882227933e+02
0.000000000000000000e+00 5.663970992331605885e+02 -3.241927385579850238e+02
0.000000000000000000e+00 5.653329318233770664e+02 -2.818066312049189150e+02
0.000000000000000000e+00 5.567650029188653207e+02 -2.408617825821008012e+02
0.000000000000000000e+00 5.433740637911904514e+02 -2.017615417127348962e+02
0.000000000000000000e+00 5.268876247947702041e+02 -1.635177174091373047e+02
0.000000000000000000e+00 5.080971445343017763e+02 -1.257689149705422125e+02
0.000000000000000000e+00 4.873736163896083440e+02 -8.902797296787576897e+01
0.000000000000000000e+00 4.650972034187104214e+02 -5.357269145683432043e+01
0.000000000000000000e+00 4.415895298297743352e+02 -1.901159901861738888e+01
0.000000000000000000e+00 4.168220794045444109e+02 1.495126371356448658e+01
0.000000000000000000e+00 3.905017130565721573e+02 4.791005933287841856e+01
0.000000000000000000e+00 3.624198981666696682e+02 7.915635967297004072e+01
0.000000000000000000e+00 3.323425063655201939e+02 1.081471357431628348e+02
0.000000000000000000e+00 2.995367005120671706e+02 1.339458423484126115e+02
0.000000000000000000e+00 2.630640752427508460e+02 1.543044762511353838e+02
0.000000000000000000e+00 2.230685004108665623e+02 1.660998129756238484e+02
0.000000000000000000e+00 1.814206835429850457e+02 1.674054193817468956e+02
0.000000000000000000e+00 1.404412907625589639e+02 1.592533149144358902e+02
0.000000000000000000e+00 1.010310184399441624e+02 1.451137782973998469e+02
0.000000000000000000e+00 6.248394834744606641e+01 1.285990415976810368e+02
0.000000000000000000e+00 2.387804354931077455e+01 1.118613121653623779e+02
0.000000000000000000e+00 -1.512910624602938015e+01 9.609928727684062721e+01
0.000000000000000000e+00 -5.483508906208015787e+01 8.289637584227834566e+01
0.000000000000000000e+00 -9.575985722686618828e+01 7.431700536350066955e+01
0.000000000000000000e+00 -1.378104678157872343e+02 7.167748946420086043e+01
0.000000000000000000e+00 -1.798662803956327139e+02 7.476441446579779893e+01
0.000000000000000000e+00 -2.208751951657059465e+02 8.248573970935150612e+01
0.000000000000000000e+00 -2.608980788586990229e+02 9.392777560922282021e+01
0.000000000000000000e+00 -3.004189058407540642e+02 1.085412875738170442e+02
0.000000000000000000e+00 -3.391419673905168679e+02 1.257279638154018500e+02
0.000000000000000000e+00 -3.764032230274429480e+02 1.448289901089383704e+02
0.000000000000000000e+00 -4.124469354876504212e+02 1.655055149255620393e+02
0.000000000000000000e+00 -4.481375327163478346e+02 1.877453704603387905e+02
0.000000000000000000e+00 -4.833689457845047741e+02 2.115137750213003187e+02
0.000000000000000000e+00 -5.168970365914448166e+02 2.368163641798236654e+02
0.000000000000000000e+00 -5.479364583314026049e+02 2.641812391235041559e+02
0.000000000000000000e+00 -5.765311394024182619e+02 2.946285847120013841e+02
0.000000000000000000e+00 -6.015803114410945227e+02 3.288617308469818568e+02
0.000000000000000000e+00 -6.197929963711956134e+02 3.666388364279069378e+02
0.000000000000000000e+00 -6.280453977788191651e+02 4.069658742517605106e+02
0.000000000000000000e+00 -6.262569691572659849e+02 4.484968763692422726e+02
0.000000000000000000e+00 -6.167521253413475506e+02 4.895946397132436800e+02
0.000000000000000000e+00 -6.013868337557621544e+02 5.286354828951292575e+02
0.000000000000000000e+00 -5.808671091304463516e+02 5.649305638942757923e+02
0.000000000000000000e+00 -5.565033730169387809e+02 5.991433949280393563e+02
0.000000000000000000e+00 -5.304266209648430959e+02 6.322158310080462797e+02
0.000000000000000000e+00 -5.033964595160027784e+02 6.640361149375349896e+02
0.000000000000000000e+00 -4.741938223731710877e+02 6.937834982503135279e+02
0.000000000000000000e+00 -4.421935327095724801e+02 7.213549692161038820e+02
0.000000000000000000e+00 -4.088470310544062158e+02 7.474008329167883176e+02
0.000000000000000000e+00 -3.751995461070873716e+02 7.717220810932494715e+02
0.000000000000000000e+00 -3.396617784052540401e+02 7.927611935768701414e+02
0.000000000000000000e+00 -3.005274848860184420e+02 8.093903177523937984e+02
0.000000000000000000e+00 -2.594763433008085372e+02 8.221839481103747858e+02
0.000000000000000000e+00 -2.195173217891339448e+02 8.317345028545224750e+02
0.000000000000000000e+00 -1.798874911664692604e+02 8.365277914016081695e+02
0.000000000000000000e+00 -1.369849336412976868e+02 8.344242179202108218e+02
0.000000000000000000e+00 -9.175664009405063837e+01 8.263962076137252097e+02
0.000000000000000000e+00 -5.216033278637582526e+01 8.167816160170945068e+02
0.000000000000000000e+00 -3.977300505678301068e+00 7.997985064834607556e+02
