-2.193871555338567134e+02 -5.075291759900784996e+02 0.000000000000000000e+00
-2.110125873407332051e+02 -5.152879030077465359e+02 0.000000000000000000e+00
-2.028498315152311022e+02 -5.235662802394440405e+02 0.000000000000000000e+00
-1.949057112026460175e+02 -5.324676489961525476e+02 0.000000000000000000e+00
-1.872143404842500161e+02 -5.420553662970037294e+02 0.000000000000000000e+00
-1.798363437779221670e+02 -5.523476101044915367e+02 0.000000000000000000e+00
-1.728542688506879301e+02 -5.633181345248244725e+02 0.000000000000000000e+00
-1.663650274198763839e+02 -5.749025032127836994e+02 0.000000000000000000e+00
-1.604706201866655135e+02 -5.870084892955603664e+02 0.000000000000000000e+00
-1.552686014227575413e+02 -5.995287474360544593e+02 0.000000000000000000e+00
-1.508436892756686518e+02 -6.123536275115878880e+02 0.000000000000000000e+00
-1.472616522076623653e+02 -6.253821350811690536e+02 0.000000000000000000e+00
-1.445661576917198374e+02 -6.385295102405237913e+02 0.000000000000000000e+00
-1.427787408343243669e+02 -6.517305957623908625e+02 0.000000000000000000e+00
-1.419015326541904471e+02 -6.649389625993883328e+02 0.000000000000000000e+00
-1.419219682782891709e+02 -6.781225094614615045e+02 0.000000000000000000e+00
-1.428184404439435014e+02 -6.912568223165544623e+02 0.000000000000000000e+00
-1.445658070954296477e+02 -7.043178769758837916e+02 0.000000000000000000e+00
-1.471398003970408013e+02 -7.172756549746259225e+02 0.000000000000000000e+00
-1.505196806027759635e+02 -7.300899399948618793e+02 0.000000000000000000e+00
-1.546888684379999859e+02 -7.427090418344566842e+02 0.000000000000000000e+00
-1.596336972928062039e+02 -7.550715669189821710e+02 0.000000000000000000e+00
-1.653407763039002702e+02 -7.671107429159085314e+02 0.000000000000000000e+00
-1.717936870045730871e+02 -7.787603253720012617e+02 0.000000000000000000e+00
-1.789698145686676014e+02 -7.899608512645579594e+02 0.000000000000000000e+00
-1.868380350263935270e+02 -8.006649975211960282e+02 0.000000000000000000e+00
-1.953577670742126031e+02 -8.108410405890163020e+02 0.000000000000000000e+00
-2.044795995765628902e+02 -8.204738379604226566e+02 0.000000000000000000e+00
-2.141473851109365683e+02 -8.295632723613985036e+02 0.000000000000000000e+00
-2.243014084660200922e+02 -8.381206074704277853e+02 0.000000000000000000e+00
-2.348820485309059904e+02 -8.461636003658720711e+02 0.000000000000000000e+00
-2.458332840744043040e+02 -8.537114258738538410e+02 0.000000000000000000e+00
-2.571054549549726858e+02 -8.607804564423569218e+02 0.000000000000000000e+00
-2.686568616463436570e+02 -8.673817179166815095e+02 0.000000000000000000e+00
-2.804540285941408229e+02 -8.735204581372056509e+02 0.000000000000000000e+00
-2.924707199480211557e+02 -8.791978034697719977e+02 0.000000000000000000e+00
-3.046860272721341971e+02 -8.844140334419918190e+02 0.000000000000000000e+00
-3.170820043002035504e+02 -8.891726650637722287e+02 0.000000000000000000e+00
-3.296413769012263515e+02 -8.934843723257670263e+02 0.000000000000000000e+00
-3.423458017443167023e+02 -8.973698031180414318e+02 0.000000000000000000e+00
-3.551750007960844755e+02 -9.008605846574179168e+02 0.000000000000000000e+00
-3.681068943063311849e+02 -9.039981806397057653e+02 0.000000000000000000e+00
-3.811186360211976307e+02 -9.068307022569424589e+02 0.000000000000000000e+00
-3.941882657702392407e+02 -9.094081924337574492e+02 0.000000000000000000e+00
-4.072965732125634304e+02 -9.117772153242493687e+02 0.000000000000000000e+00
-4.204287343814359019e+02 -9.139757303977445417e+02 0.000000000000000000e+00
-4.335753429317433643e+02 -9.160291850288999740e+02 0.000000000000000000e+00
-4.467325950753937036e+02 -9.179485324770132593e+02 0.000000000000000000e+00
-4.599015704477153008e+02 -9.197305201170265718e+02 0.000000000000000000e+00
-4.730867415407479371e+02 -9.213601681523952038e+02 0.000000000000000000e+00
-4.862940025486265085e+02 -9.228149552464565204e+02 0.000000000000000000e+00
-4.995286028557301847e+02 -9.240699224599129593e+02 0.000000000000000000e+00
-5.127933831921055798e+02 -9.251027577170033283e+02 0.000000000000000000e+00
-5.260876430260019561e+02 -9.258979552598761984e+02 0.000000000000000000e+00
-5.394068322187712283e+02 -9.264493476688056717e+02 0.000000000000000000e+00
-5.527430876185550233e+02 -9.267606382525000299e+02 0.000000000000000000e+00
-5.660864622659230463e+02 -9.268439512418844970e+02 0.000000000000000000e+00
-5.794265567206737160e+02 -9.267167885084121508e+02 0.000000000000000000e+00
-5.927541862992810593e+02 -9.263980623287277467e+02 0.000000000000000000e+00
-6.060627189659609257e+02 -9.259040117228187228e+02 0.000000000000000000e+00
-6.193487944397541014e+02 -9.252447826532543331e+02 0.000000000000000000e+00
-6.326122685811302517e+02 -9.244222711664624512e+02 0.000000000000000000e+00
-6.458553895366929964e+02 -9.234295354166559946e+02 0.000000000000000000e+00
-6.590813692090752056e+02 -9.222517411112168020e+02 0.000000000000000000e+00
-6.722926328194300822e+02 -9.208682872169767961e+02 0.000000000000000000e+00
-6.854890864796072947e+02 -9.192555301943165205e+02 0.000000000000000000e+00
-6.986667269468241557e+02 -9.173894311649551128e+02 0.000000000000000000e+00
-7.118168336993414869e+02 -9.152475079243200753e+02 0.000000000000000000e+00
-7.249258501199710736e+02 -9.128096672314777607e+02 0.000000000000000000e+00
-7.379759072010947420e+02 -9.100577785152836441e+02 0.000000000000000000e+00
-7.509458032395563123e+02 -9.069741650562584709e+02 0.000000000000000000e+00
-7.638121570525314610e+02 -9.035394639746874645e+02 0.000000000000000000e+00
-7.765504215939816959e+02 -8.997304816191235659e+02 0.000000000000000000e+00
-7.891354869362868385e+02 -8.955187069737406773e+02 0.000000000000000000e+00
-8.015417083423400300e+02 -8.908700326285219262e+02 0.000000000000000000e+00
-8.137423445282928469e+02 -8.857459923821346592e+02 0.000000000000000000e+00
-8.257085515566535605e+02 -8.801065055961520329e+02 0.000000000000000000e+00
-8.374082142987917905e+02 -8.739137871533077941e+02 0.000000000000000000e+00
-8.488049792633661355e+02 -8.671368080852259936e+02 0.000000000000000000e+00
-8.598578594411802669e+02 -8.597555345910423057e+02 0.000000000000000000e+00
-8.705217081522473563e+02 -8.517641680503294310e+02 0.000000000000000000e+00
-8.807487154959487725e+02 -8.431727606455916657e+02 0.000000000000000000e+00
-8.904908932168658566e+02 -8.340068629498356358e+02 0.000000000000000000e+00
-8.997033167109198075e+02 -8.243052167913988342e+02 0.000000000000000000e+00
-9.083477246482237888e+02 -8.141158680781842349e+02 0.000000000000000000e+00
-9.163959710073139604e+02 -8.034913672445909469e+02 0.000000000000000000e+00
-9.238328038387247716e+02 -7.924838896592024184e+02 0.000000000000000000e+00
-9.306575167750834225e+02 -7.811411101085378732e+02 0.000000000000000000e+00
-9.368841729147235355e+02 -7.695035025148673640e+02 0.000000000000000000e+00
-9.425403104909389640e+02 -7.576034401020677933e+02 0.000000000000000000e+00
-9.476642692615938586e+02 -7.454661015964342141e+02 0.000000000000000000e+00
-9.523014855185155056e+02 -7.331118208410167654e+02 0.000000000000000000e+00
-9.565002554583244319e+02 -7.205592261369461085e+02 0.000000000000000000e+00
-9.603075353955882747e+02 -7.078283625017863869e+02 0.000000000000000000e+00
-9.637653223256429555e+02 -6.949430079710958807e+02 0.000000000000000000e+00
-9.669080462181631219e+02 -6.819315821975762901e+02 0.000000000000000000e+00
-9.697612283567901841e+02 -6.688263648077802372e+02 0.000000000000000000e+00
-9.723414513955776783e+02 -6.556611268714749485e+02 0.000000000000000000e+00
-9.746574845094049806e+02 -6.424676506962388203e+02 0.000000000000000000e+00
-9.767122462394747799e+02 -6.292718912943898886e+02 0.000000000000000000e+00
-9.785051941528973884e+02 -6.160906551971525005e+02 0.000000000000000000e+00
-9.800347160146114902e+02 -6.029296076893289182e+02 0.000000000000000000e+00
-9.813001578479008913e+02 -5.897831751940627782e+02 0.000000000000000000e+00
-9.823032418150888816e+02 -5.766365306278656817e+02 0.000000000000000000e+00
-9.830487731112344818e+02 -5.634694110959782165e+02 0.000000000000000000e+00
-9.835446781243847454e+02 -5.502611096545699638e+02 0.000000000000000000e+00
-9.838015271403937732e+02 -5.369956935493322590e+02 0.000000000000000000e+00
-9.838317540615319103e+02 -5.236663968489092440e+02 0.000000000000000000e+00
-9.836487860911081498e+02 -5.102782466603958937e+02 0.000000000000000000e+00
-9.832662451519576052e+02 -4.968482966913647942e+02 0.000000000000000000e+00
-9.826972988212318114e+02 -4.834033046953616122e+02 0.000000000000000000e+00
-9.819541477578436570e+02 -4.699752129624608870e+02 0.000000000000000000e+00
-9.810475657616847229e+02 -4.565952684840763709e+02 0.000000000000000000e+00
-9.799863788191975118e+02 -4.432879506940189458e+02 0.000000000000000000e+00
-9.787767908621416382e+02 -4.300659834289179457e+02 0.000000000000000000e+00
-9.774215327979750327e+02 -4.169275590010468022e+02 0.000000000000000000e+00
-9.759189104992024113e+02 -4.038565115797907197e+02 0.000000000000000000e+00
-9.742619297735600412e+02 -3.908256099266171191e+02 0.000000000000000000e+00
-9.724377509276347382e+02 -3.778025008182888200e+02 0.000000000000000000e+00
-9.704277449446065020e+02 -3.647572496422437212e+02 0.000000000000000000e+00
-9.682083706763540931e+02 -3.516700157298295153e+02 0.000000000000000000e+00
-9.657529667450181705e+02 -3.385372613449891332e+02 0.000000000000000000e+00
-9.630343698247612565e+02 -3.253750712996015295e+02 0.000000000000000000e+00
-9.600280654104550422e+02 -3.122186416162302294e+02 0.000000000000000000e+00
-9.567153913275469677e+02 -2.991177066427797513e+02 0.000000000000000000e+00
-9.530861934438969456e+02 -2.861284909792302642e+02 0.000000000000000000e+00
-9.491403151028574712e+02 -2.733035432191269365e+02 0.000000000000000000e+00
-9.448874079480792716e+02 -2.606813793807701813e+02 0.000000000000000000e+00
-9.403447803253699249e+02 -2.482781095566328986e+02 0.000000000000000000e+00
-9.355333233214756774e+02 -2.360830696643784847e+02 0.000000000000000000e+00
-9.304719240689245225e+02 -2.240599291215789322e+02 0.000000000000000000e+00
-9.251711262913247538e+02 -2.121538669706683606e+02 0.000000000000000000e+00
-9.196270601242567864e+02 -2.003043406777082680e+02 0.000000000000000000e+00
-9.138167767451004693e+02 -1.884618940916435861e+02 0.000000000000000000e+00
-9.076960491459134346e+02 -1.766065571516164994e+02 0.000000000000000000e+00
-9.012004298699883975e+02 -1.647648515105090041e+02 0.000000000000000000e+00
-8.942499159894039167e+02 -1.530223514335565085e+02 0.000000000000000000e+00
-8.867570204246079584e+02 -1.415291991967702927e+02 0.000000000000000000e+00
-8.786374713614849270e+02 -1.304968920750914378e+02 0.000000000000000000e+00
-8.698222543189758653e+02 -1.201859140105702721e+02 0.000000000000000000e+00
-8.602693662443624589e+02 -1.108851855805225739e+02 0.000000000000000000e+00
-8.499735387735620407e+02 -1.028856249090357267e+02 0.000000000000000000e+00
-8.389723446085279193e+02 -9.645112916041256312e+01 0.000000000000000000e+00
-8.273475197122660347e+02 -9.179082423897919796e+01 0.000000000000000000e+00
-8.152209630616812319e+02 -8.903638726093042521e+01 0.000000000000000000e+00
-8.027456253286944730e+02 -8.822761429067490724e+01 0.000000000000000000e+00
-7.900922537397909764e+02 -8.930827408724501026e+01 0.000000000000000000e+00
-7.774336018143307001e+02 -9.213283037282927523e+01 0.000000000000000000e+00
-7.649281328462810734e+02 -9.648305937952716249e+01 0.000000000000000000e+00
-7.527053703914115204e+02 -1.020921829291222309e+02 0.000000000000000000e+00
-7.408548491886190277e+02 -1.086731032904124703e+02 0.000000000000000000e+00
-7.294201196265895533e+02 -1.159468266539536216e+02 0.000000000000000000e+00
-7.183985314663935924e+02 -1.236672710004753100e+02 0.000000000000000000e+00
-7.077466800013116881e+02 -1.316393446131002634e+02 0.000000000000000000e+00
-6.973905727514886621e+02 -1.397283312267797157e+02 0.000000000000000000e+00
-6.872388985322176040e+02 -1.478600305106968165e+02 0.000000000000000000e+00
-6.771973614840661639e+02 -1.560125418953633698e+02 0.000000000000000000e+00
-6.671819470116660113e+02 -1.642018099240122524e+02 0.000000000000000000e+00
-6.571292280278505586e+02 -1.724638752579906225e+02 0.000000000000000000e+00
-6.470023562064354792e+02 -1.808370754137667973e+02 0.000000000000000000e+00
-6.367921230563555355e+02 -1.893471841940185527e+02 0.000000000000000000e+00
-6.265132949635395789e+02 -1.979977352658615075e+02 0.000000000000000000e+00
-6.161971879165477048e+02 -2.067666920676873588e+02 0.000000000000000000e+00
-6.058820253545609376e+02 -2.156094058885416587e+02 0.000000000000000000e+00
-5.956029227538678015e+02 -2.244666664177333359e+02 0.000000000000000000e+00
-5.853833197929022845e+02 -2.332757920992688696e+02 0.000000000000000000e+00
-5.752293456296346221e+02 -2.419822724439513593e+02 0.000000000000000000e+00
-5.651280190953976899e+02 -2.505495219238889035e+02 0.000000000000000000e+00
-5.550494597706633613e+02 -2.589648068946542594e+02 0.000000000000000000e+00
-5.449525476890394202e+02 -2.672402530598653811e+02 0.000000000000000000e+00
-5.347928491413740630e+02 -2.754088614420369936e+02 0.000000000000000000e+00
-5.245312318178667965e+02 -2.835164584559190644e+02 0.000000000000000000e+00
-5.141414913723792779e+02 -2.916112927784758995e+02 0.000000000000000000e+00
-5.036155178862917978e+02 -2.997334244288715581e+02 0.000000000000000000e+00
-4.929650043448189649e+02 -3.079060555800399470e+02 0.000000000000000000e+00
-4.822193525242773262e+02 -3.161305359951250011e+02 0.000000000000000000e+00
-4.714201455548434865e+02 -3.243860257412964643e+02 0.000000000000000000e+00
-4.606132016359937893e+02 -3.326338628746483437e+02 0.000000000000000000e+00
-4.498396835638852735e+02 -3.408257460819125413e+02 0.000000000000000000e+00
-4.391279310044730551e+02 -3.489140823662360162e+02 0.000000000000000000e+00
-4.284875720514708064e+02 -3.568624130853443148e+02 0.000000000000000000e+00
-4.179070769165901993e+02 -3.646538011095520915e+02 0.000000000000000000e+00
-4.073553095074358339e+02 -3.722954433603069901e+02 0.000000000000000000e+00
-3.967869200207372273e+02 -3.798184943643510678e+02 0.000000000000000000e+00
-3.861507301123801312e+02 -3.872730114831098831e+02 0.000000000000000000e+00
-3.753997145564605376e+02 -3.947188865299855820e+02 0.000000000000000000e+00
-3.645008769725588991e+02 -4.022144312252234499e+02 0.000000000000000000e+00
-3.534433070114218935e+02 -4.098047828546421556e+02 0.000000000000000000e+00
-3.422429950847980535e+02 -4.175123951902372141e+02 0.000000000000000000e+00
-3.309435186758253167e+02 -4.253315556733770109e+02 0.000000000000000000e+00
-3.196124084080586272e+02 -4.332281785076975211e+02 0.000000000000000000e+00
-3.083337323932033200e+02 -4.411451878352036715e+02 0.000000000000000000e+00
-2.971980781110622729e+02 -4.490127938485535992e+02 0.000000000000000000e+00
-2.862915525249349571e+02 -4.567620601234964965e+02 0.000000000000000000e+00
-2.756855886866484298e+02 -4.643395263322264555e+02 0.000000000000000000e+00
-2.654292137911503460e+02 -4.717204020092098631e+02 0.000000000000000000e+00
-2.555450243755538224e+02 -4.789180302599536958e+02 0.000000000000000000e+00
-2.460295008924196054e+02 -4.859879042470851118e+02 0.000000000000000000e+00
-2.368575818765348799e+02 -4.930254019604533937e+02 0.000000000000000000e+00
-2.193871555338567134e+02 -5.075291759900784996e+02 0.000000000000000000e+00
