-1.193575756621241372e-02 0.000000000000000000e+00 -8.696619592604584725e-02
-1.197734057139812625e-02 0.000000000000000000e+00 -9.694849772066266302e-02
-1.203767066408975225e-02 0.000000000000000000e+00 -1.070803629586069838e-01
-1.212727146199532591e-02 0.000000000000000000e+00 -1.174439802148495443e-01
-1.225414227753918693e-02 0.000000000000000000e+00 -1.280959342090359221e-01
-1.242328426305132176e-02 0.000000000000000000e+00 -1.390614321468454095e-01
-1.263718798777789531e-02 0.000000000000000000e+00 -1.503325976487054072e-01
-1.289703772307174146e-02 0.000000000000000000e+00 -1.618710047826228682e-01
-1.320424495486299983e-02 0.000000000000000000e+00 -1.736140318065847177e-01
-1.356186456381361372e-02 0.000000000000000000e+00 -1.854840840722010997e-01
-1.397548142148025314e-02 0.000000000000000000e+00 -1.973993460532308397e-01
-1.445327543560392947e-02 0.000000000000000000e+00 -2.092845306820720619e-01
-1.500515629499762568e-02 0.000000000000000000e+00 -2.210801275223527318e-01
-1.564107079089129687e-02 0.000000000000000000e+00 -2.327489033015716358e-01
-1.636878572496189982e-02 0.000000000000000000e+00 -2.442788395205834906e-01
-1.719159977418701149e-02 0.000000000000000000e+00 -2.556822358046335619e-01
-1.810650832175549757e-02 0.000000000000000000e+00 -2.669912811023790744e-01
-1.910331985763114027e-02 0.000000000000000000e+00 -2.782509104847575854e-01
-2.016510138199999191e-02 0.000000000000000000e+00 -2.895101452631713701e-01
-2.127013036474662347e-02 0.000000000000000000e+00 -3.008133019612707071e-01
-2.239528338681253880e-02 0.000000000000000000e+00 -3.121924249551462638e-01
-2.352053682198171347e-02 0.000000000000000000e+00 -3.236620560687227810e-01
-2.463403544455628619e-02 0.000000000000000000e+00 -3.352170426118640800e-01
-2.573703865523474868e-02 0.000000000000000000e+00 -3.468335702135824650e-01
-2.684800807925794355e-02 0.000000000000000000e+00 -3.584730711285248339e-01
-2.800516597508018179e-02 0.000000000000000000e+00 -3.700881881211310342e-01
-2.926702488740610258e-02 0.000000000000000000e+00 -3.816296435761532546e-01
-3.071064209444895193e-02 0.000000000000000000e+00 -3.930527257399456520e-01
-3.242765110631401493e-02 0.000000000000000000e+00 -4.043221808459177558e-01
-3.451842261080716179e-02 0.000000000000000000e+00 -4.154145790213976119e-01
-3.708496399597935311e-02 0.000000000000000000e+00 -4.263176587332795919e-01
-4.022334144933054079e-02 0.000000000000000000e+00 -4.370266792240970477e-01
-4.401647560440379719e-02 0.000000000000000000e+00 -4.475383386979219780e-01
-4.852811119836387271e-02 0.000000000000000000e+00 -4.578432626157599161e-01
-5.379860150654555695e-02 0.000000000000000000e+00 -4.679183583702541949e-01
-5.984290414894625348e-02 0.000000000000000000e+00 -4.777204207193518903e-01
-6.665089334107181240e-02 0.000000000000000000e+00 -4.871822392525201884e-01
-7.418979837108828634e-02 0.000000000000000000e+00 -4.962121220042342018e-01
-8.240832218558706568e-02 0.000000000000000000e+00 -5.046972573526118389e-01
-9.124181347766466277e-02 0.000000000000000000e+00 -5.125107633444087041e-01
-1.006177840108225391e-01 0.000000000000000000e+00 -5.195217065940290757e-01
-1.104610875398887027e-01 0.000000000000000000e+00 -5.256068987586641761e-01
-1.206981983677744286e-01 0.000000000000000000e+00 -5.306629705797137886e-01
-1.312602223188874262e-01 0.000000000000000000e+00 -5.346171300441294738e-01
-1.420845062575479267e-01 0.000000000000000000e+00 -5.374351485126928063e-01
-1.531149451602307476e-01 0.000000000000000000e+00 -5.391254680886783390e-01
-1.643012809364988724e-01 0.000000000000000000e+00 -5.397388345882533356e-01
-1.755978152926270797e-01 0.000000000000000000e+00 -5.393634586239249851e-01
-1.869620029338459610e-01 0.000000000000000000e+00 -5.381163051912036810e-01
-1.983533490635768781e-01 0.000000000000000000e+00 -5.361316229515632470e-01
-2.097329188617386431e-01 0.000000000000000000e+00 -5.335481749294900267e-01
-2.210636008902647498e-01 0.000000000000000000e+00 -5.304967738667153432e-01
-2.323110832206581877e-01 0.000000000000000000e+00 -5.270896407959643204e-01
-2.434453344144066056e-01 0.000000000000000000e+00 -5.234128109692754993e-01
-2.544422612196222677e-01 0.000000000000000000e+00 -5.195223542292082275e-01
-2.652851618198103778e-01 0.000000000000000000e+00 -5.154446274214437018e-01
-2.759656160535818858e-01 0.000000000000000000e+00 -5.111802167431711563e-01
-2.864835469106284394e-01 0.000000000000000000e+00 -5.067107396532268826e-01
-2.968463329886606994e-01 0.000000000000000000e+00 -5.020073279157640789e-01
-3.070670224698846540e-01 0.000000000000000000e+00 -4.970394513490964394e-01
-3.171618642220938589e-01 0.000000000000000000e+00 -4.917827824738110198e-01
-3.271475007617749009e-01 0.000000000000000000e+00 -4.862250310999162162e-01
-3.370382374727877717e-01 0.000000000000000000e+00 -4.803690526957678508e-01
-3.468437997282134977e-01 0.000000000000000000e+00 -4.742329923198404518e-01
-3.565679143568892262e-01 0.000000000000000000e+00 -4.678476938769217108e-01
-3.662079170182490073e-01 0.000000000000000000e+00 -4.612520107048563300e-01
-3.757554158729954352e-01 0.000000000000000000e+00 -4.544869385896712632e-01
-3.851978643207061848e-01 0.000000000000000000e+00 -4.475896179829908506e-01
-3.945207426332881795e-01 0.000000000000000000e+00 -4.405882065662770075e-01
-4.037099469686457054e-01 0.000000000000000000e+00 -4.334984217758796610e-01
-4.127539525089642392e-01 0.000000000000000000e+00 -4.263222347648304988e-01
-4.216453612382560223e-01 0.000000000000000000e+00 -4.190488186438986462e-01
-4.303815568684008497e-01 0.000000000000000000e+00 -4.116574781338192546e-01
-4.389643503627463916e-01 0.000000000000000000e+00 -4.041219753267936698e-01
-4.473986814074478180e-01 0.000000000000000000e+00 -3.964154648398796610e-01
-4.556906121736027937e-01 0.000000000000000000e+00 -3.885151891544936231e-01
-4.638449795691720889e-01 0.000000000000000000e+00 -3.804061656512810474e-01
-4.718631375946288342e-01 0.000000000000000000e+00 -3.720833015480881634e-01
-4.797412101391255179e-01 0.000000000000000000e+00 -3.635516628519622762e-01
-4.874691876388165257e-01 0.000000000000000000e+00 -3.548249472004381677e-01
-4.950310527976646835e-01 0.000000000000000000e+00 -3.459225130122510761e-01
-5.024059363297260772e-01 0.000000000000000000e+00 -3.368655490477660552e-01
-5.095701154181908610e-01 0.000000000000000000e+00 -3.276730930930776275e-01
-5.164995085555151855e-01 0.000000000000000000e+00 -3.183586088342688636e-01
-5.231722193999640558e-01 0.000000000000000000e+00 -3.089277101618714272e-01
-5.295706584869739331e-01 0.000000000000000000e+00 -2.993774061870987935e-01
-5.356828312704950967e-01 0.000000000000000000e+00 -2.896969675874629391e-01
-5.415025159021636947e-01 0.000000000000000000e+00 -2.798702333180321800e-01
-5.470282430291486531e-01 0.000000000000000000e+00 -2.698789341482907833e-01
-5.522612015268447694e-01 0.000000000000000000e+00 -2.597064459296921091e-01
-5.572023926058108367e-01 0.000000000000000000e+00 -2.493413265563007297e-01
-5.618495055845851294e-01 0.000000000000000000e+00 -2.387800434699834107e-01
-5.661940644522234223e-01 0.000000000000000000e+00 -2.280284513612472475e-01
-5.702193797977305190e-01 0.000000000000000000e+00 -2.171018038318269228e-01
-5.738997352334626045e-01 0.000000000000000000e+00 -2.060233381677147868e-01
-5.772010557977809153e-01 0.000000000000000000e+00 -1.948217145644405845e-01
-5.800830757923333136e-01 0.000000000000000000e+00 -1.835277789277972305e-01
-5.825027816184369378e-01 0.000000000000000000e+00 -1.721712207014524931e-01
-5.844186907800626996e-01 0.000000000000000000e+00 -1.607776982758452600e-01
-5.857953770391790549e-01 0.000000000000000000e+00 -1.493669063119596463e-01
-5.866075898691098800e-01 0.000000000000000000e+00 -1.379518807030446215e-01
-5.868433559201489125e-01 0.000000000000000000e+00 -1.265396103353629842e-01
-5.865055869872111138e-01 0.000000000000000000e+00 -1.151327904652923451e-01
-5.856119329206579405e-01 0.000000000000000000e+00 -1.037323513016501081e-01
-5.841928762344538173e-01 0.000000000000000000e+00 -9.234026186469888875e-02
-5.822883274242254270e-01 0.000000000000000000e+00 -8.096206582318486722e-02
-5.799432046777563965e-01 0.000000000000000000e+00 -6.960865935839759266e-02
-5.772026328256431027e-01 0.000000000000000000e+00 -5.829696092469793811e-02
-5.741074496225229140e-01 0.000000000000000000e+00 -4.704932394630950004e-02
-5.706906539043025139e-01 0.000000000000000000e+00 -3.589177047293887202e-02
-5.669752780686641014e-01 0.000000000000000000e+00 -2.485133686331936556e-02
-5.629739407761087389e-01 0.000000000000000000e+00 -1.395298458581651323e-02
-5.586900709056054071e-01 0.000000000000000000e+00 -3.216612145779151975e-03
-5.541205329833124305e-01 0.000000000000000000e+00 7.345306317156108898e-03
-5.492591692587934782e-01 0.000000000000000000e+00 1.772903219713832523e-02
-5.441006386339656276e-01 0.000000000000000000e+00 2.793957564624086759e-02
-5.386438990429499585e-01 0.000000000000000000e+00 3.798938257636194638e-02
-5.328947524235904121e-01 0.000000000000000000e+00 4.789589244240701621e-02
-5.268670376101954878e-01 0.000000000000000000e+00 5.767835627929063236e-02
-5.205822885590069005e-01 0.000000000000000000e+00 6.735443113499381407e-02
-5.140679348385597258e-01 0.000000000000000000e+00 7.693710622330383886e-02
-5.073543654357686172e-01 0.000000000000000000e+00 8.643246109388455500e-02
-5.004713654654089350e-01 0.000000000000000000e+00 9.583861624382625233e-02
-4.934445374267575901e-01 0.000000000000000000e+00 1.051460356795169276e-01
-4.862923177071546421e-01 0.000000000000000000e+00 1.143391131461804905e-01
-4.790240956794474259e-01 0.000000000000000000e+00 1.233987577643478467e-01
-4.716397545846791606e-01 0.000000000000000000e+00 1.323055272736344268e-01
-4.641307121382092227e-01 0.000000000000000000e+00 1.410427663274868293e-01
-4.564822849896941759e-01 0.000000000000000000e+00 1.495992085728755361e-01
-4.486769774429864022e-01 0.000000000000000000e+00 1.579705942099897120e-01
-4.406981388241000275e-01 0.000000000000000000e+00 1.661600234387924646e-01
-4.325333718854300069e-01 0.000000000000000000e+00 1.741769819308682521e-01
-4.241771172199200191e-01 0.000000000000000000e+00 1.820352005715651089e-01
-4.156319788326070519e-01 0.000000000000000000e+00 1.897497098653340986e-01
-4.069085703243119911e-01 0.000000000000000000e+00 1.973335860578765699e-01
-3.980239135386831606e-01 0.000000000000000000e+00 2.047949381412717540e-01
-3.889986693733861745e-01 0.000000000000000000e+00 2.121346437538948193e-01
-3.798536816729752297e-01 0.000000000000000000e+00 2.193452146256309465e-01
-3.706064352671715190e-01 0.000000000000000000e+00 2.264109802530759330e-01
-3.612680473720730756e-01 0.000000000000000000e+00 2.333095543735326793e-01
-3.518413239713524265e-01 0.000000000000000000e+00 2.400143303363014291e-01
-3.423202336283678315e-01 0.000000000000000000e+00 2.464975753907511780e-01
-3.326909103635705689e-01 0.000000000000000000e+00 2.527335897330028613e-01
-3.229340355097345405e-01 0.000000000000000000e+00 2.587013812171504723e-01
-3.130282106254644869e-01 0.000000000000000000e+00 2.643863832612410869e-01
-3.029537609008440269e-01 0.000000000000000000e+00 2.697808986611274773e-01
-2.926963317599156067e-01 0.000000000000000000e+00 2.748831597378750269e-01
-2.822496753314219786e-01 0.000000000000000000e+00 2.796951209094237223e-01
-2.716171641582457719e-01 0.000000000000000000e+00 2.842193061596683945e-01
-2.608117945601709509e-01 0.000000000000000000e+00 2.884551873754528373e-01
-2.498547140669827304e-01 0.000000000000000000e+00 2.923956457789610441e-01
-2.387725799225110801e-01 0.000000000000000000e+00 2.960240565774921451e-01
-2.275942810998714261e-01 0.000000000000000000e+00 2.993124402821506491e-01
-2.163476935234840415e-01 0.000000000000000000e+00 3.022209607448705926e-01
-2.050571600079506562e-01 0.000000000000000000e+00 3.046988484167746369e-01
-1.937422842956901536e-01 0.000000000000000000e+00 3.066866218879948924e-01
-1.824184147354884489e-01 0.000000000000000000e+00 3.081193053301815032e-01
-1.710988991538179294e-01 0.000000000000000000e+00 3.089302217117620430e-01
-1.597988645946222808e-01 0.000000000000000000e+00 3.090548983548271345e-01
-1.485399676474911945e-01 0.000000000000000000e+00 3.084346556714229748e-01
-1.373553258109531106e-01 0.000000000000000000e+00 3.070195509683807944e-01
-1.262937208200262396e-01 0.000000000000000000e+00 3.047704945755737027e-01
-1.154221871818755379e-01 0.000000000000000000e+00 3.016605154022462543e-01
-1.048262676282752520e-01 0.000000000000000000e+00 2.976752958006131933e-01
-9.460751296746944261e-02 0.000000000000000000e+00 2.928131939637197978e-01
-8.487818715607624298e-02 0.000000000000000000e+00 2.870850080262719040e-01
-7.575355428891729359e-02 0.000000000000000000e+00 2.805137044123661716e-01
-6.734251048060371780e-02 0.000000000000000000e+00 2.731342425205244839e-01
-5.973762049361533433e-02 0.000000000000000000e+00 2.649934996691118982e-01
-5.300577830029652021e-02 0.000000000000000000e+00 2.561501639462069879e-01
-4.718070370511082134e-02 0.000000000000000000e+00 2.466743507099062038e-01
-4.225830898101440303e-02 0.000000000000000000e+00 2.366466400327378317e-01
-3.819564078706566557e-02 0.000000000000000000e+00 2.261562471139682007e-01
-3.491366667300857540e-02 0.000000000000000000e+00 2.152981316180427040e-01
-3.230369196557420636e-02 0.000000000000000000e+00 2.041690153286485621e-01
-3.023672925888179833e-02 0.000000000000000000e+00 1.928624858169818157e-01
-2.857476438488888021e-02 0.000000000000000000e+00 1.814635811029796097e-01
-2.718262302085111895e-02 0.000000000000000000e+00 1.700434352469415711e-01
-2.593907459157225939e-02 0.000000000000000000e+00 1.586546779983424305e-01
-2.474592367769650608e-02 0.000000000000000000e+00 1.473282927838798217e-01
-2.353411659564265748e-02 0.000000000000000000e+00 1.360725315112857048e-01
-2.226629170969102872e-02 0.000000000000000000e+00 1.248742661452044433e-01
-2.093566875474220379e-02 0.000000000000000000e+00 1.137028499233441875e-01
-1.956163888171158147e-02 0.000000000000000000e+00 1.025162068101937163e-01
-1.818281853018078112e-02 0.000000000000000000e+00 9.126851918372090589e-02
-1.684861268487853822e-02 0.000000000000000000e+00 7.991859707920465072e-02
-1.561046126323194748e-02 0.000000000000000000e+00 6.843783814503823226e-02
-1.451390435676913268e-02 0.000000000000000000e+00 5.681666200784505488e-02
-1.359241038819526161e-02 0.000000000000000000e+00 4.506844106432364438e-02
-1.286360048837107035e-02 0.000000000000000000e+00 3.323024204985557811e-02
-1.232812320193861673e-02 0.000000000000000000e+00 2.136010463602648624e-02
-1.197104462811697870e-02 0.000000000000000000e+00 9.531059795344739433e-03
-1.176527775663931477e-02 0.000000000000000000e+00 -2.177436170517204131e-03
-1.167632866645934749e-02 0.000000000000000000e+00 -1.368957704115040044e-02
-1.166751724540155549e-02 0.000000000000000000e+00 -2.494345463573562766e-02
-1.170484613938867907e-02 0.000000000000000000e+00 -3.590006224910425453e-02
-1.176083218569203871e-02 0.000000000000000000e+00 -4.654975726836060174e-02
-1.181684924068072441e-02 0.000000000000000000e+00 -5.691519798986890283e-02
-1.186381648126250306e-02 0.000000000000000000e+00 -6.705023214939836995e-02
-1.193575756621241372e-02 0.000000000000000000e+00 -8.696619592604584725e-02
