8.523261411985349696e+02 -3.785088693766884376e+02 0.000000000000000000e+00
8.541285398761903025e+02 -3.869358626526107514e+02 0.000000000000000000e+00
8.557948169738701836e+02 -3.954707685662725680e+02 0.000000000000000000e+00
8.573307203752493706e+02 -4.041304330121539010e+02 0.000000000000000000e+00
8.587409940243816209e+02 -4.129255203350183479e+02 0.000000000000000000e+00
8.600295060495166126e+02 -4.218602809280298516e+02 0.000000000000000000e+00
8.611993070529824763e+02 -4.309327742577829667e+02 0.000000000000000000e+00
8.622526283746514082e+02 -4.401354803413214540e+02 0.000000000000000000e+00
8.631908377171860138e+02 -4.494562125395454473e+02 0.000000000000000000e+00
8.640143741536660400e+02 -4.588792326872601848e+02 0.000000000000000000e+00
8.647226859428341186e+02 -4.683864662412478310e+02 0.000000000000000000e+00
8.653141928301420194e+02 -4.779587197790231698e+02 0.000000000000000000e+00
8.657862900196864757e+02 -4.875768146951011204e+02 0.000000000000000000e+00
8.661354044406924686e+02 -4.972225677186372081e+02 0.000000000000000000e+00
8.663571061701012468e+02 -5.068795690159626588e+02 0.000000000000000000e+00
8.664462698698031318e+02 -5.165337301314531260e+02 0.000000000000000000e+00
8.663972738018443351e+02 -5.261735949221954343e+02 0.000000000000000000e+00
8.662042182368498970e+02 -5.357904252592132934e+02 0.000000000000000000e+00
8.658611415162175717e+02 -5.453780882791550084e+02 0.000000000000000000e+00
8.653622110590918055e+02 -5.549327825192681303e+02 0.000000000000000000e+00
8.647018683244662043e+02 -5.644526460047526371e+02 0.000000000000000000e+00
8.638749109591482238e+02 -5.739372904255164940e+02 0.000000000000000000e+00
8.628765016307881979e+02 -5.833873025204518399e+02 0.000000000000000000e+00
8.617021006959149645e+02 -5.928037476035996178e+02 0.000000000000000000e+00
8.603473280800602652e+02 -6.021877019569925551e+02 0.000000000000000000e+00
8.588077676894801016e+02 -6.115398317984695495e+02 0.000000000000000000e+00
8.570787345041343315e+02 -6.208600278722576604e+02 0.000000000000000000e+00
8.551550295084373374e+02 -6.301470973913828857e+02 0.000000000000000000e+00
8.530307102752708488e+02 -6.393985097979440297e+02 0.000000000000000000e+00
8.506989050410968503e+02 -6.486101899822656378e+02 0.000000000000000000e+00
8.481516954680914750e+02 -6.577763522455145448e+02 0.000000000000000000e+00
8.453800882149832887e+02 -6.668893701009759525e+02 0.000000000000000000e+00
8.423740883965255080e+02 -6.759396804091303466e+02 0.000000000000000000e+00
8.391228796506193248e+02 -6.849157245616867158e+02 0.000000000000000000e+00
8.356151066180131011e+02 -6.938039336122008081e+02 0.000000000000000000e+00
8.318392469799127866e+02 -7.025887675599578870e+02 0.000000000000000000e+00
8.277840525651238295e+02 -7.112528207197854044e+02 0.000000000000000000e+00
8.234390330931756807e+02 -7.197770047578011372e+02 0.000000000000000000e+00
8.187949523573623765e+02 -7.281408183219945158e+02 0.000000000000000000e+00
8.138443053555275810e+02 -7.363227073322025262e+02 0.000000000000000000e+00
8.085817461000173125e+02 -7.443005133006488450e+02 0.000000000000000000e+00
8.030044394070331464e+02 -7.520519991747615904e+02 0.000000000000000000e+00
7.971123155020311515e+02 -7.595554339601997071e+02 0.000000000000000000e+00
7.909082132443141973e+02 -7.667902097227794229e+02 0.000000000000000000e+00
7.843979055302065717e+02 -7.737374584054097113e+02 0.000000000000000000e+00
7.775900083014776101e+02 -7.803806320413616504e+02 0.000000000000000000e+00
7.704957819124292655e+02 -7.867060090044044500e+02 0.000000000000000000e+00
7.631288398304781140e+02 -7.927030912376006881e+02 0.000000000000000000e+00
7.555047843315086311e+02 -7.983648629511458239e+02 0.000000000000000000e+00
7.476407917406160095e+02 -8.036878897468330933e+02 0.000000000000000000e+00
7.395551707807765069e+02 -8.086722478735766799e+02 0.000000000000000000e+00
7.312669168230177092e+02 -8.133212854523203532e+02 0.000000000000000000e+00
7.227952825330132782e+02 -8.176412299670362245e+02 0.000000000000000000e+00
7.141593819497486493e+02 -8.216406679715363452e+02 0.000000000000000000e+00
7.053778408525969326e+02 -8.253299327234964267e+02 0.000000000000000000e+00
6.964685018348835683e+02 -8.287204423937258753e+02 0.000000000000000000e+00
6.874481882370273524e+02 -8.318240349236357360e+02 0.000000000000000000e+00
6.783325273607038071e+02 -8.346523451488425280e+02 0.000000000000000000e+00
6.691358304432947079e+02 -8.372162654627506981e+02 0.000000000000000000e+00
6.598710248528340117e+02 -8.395255234166183982e+02 0.000000000000000000e+00
6.505496328762587837e+02 -8.415883989326680421e+02 0.000000000000000000e+00
6.411817912130225068e+02 -8.434115912070330978e+02 0.000000000000000000e+00
6.317763056581781029e+02 -8.450002320445324813e+02 0.000000000000000000e+00
6.223407362148687980e+02 -8.463580295165944563e+02 0.000000000000000000e+00
6.128815087501443486e+02 -8.474875146447021734e+02 0.000000000000000000e+00
6.034040500563332898e+02 -8.483903553088396166e+02 0.000000000000000000e+00
5.939129436144581859e+02 -8.490676965370978451e+02 0.000000000000000000e+00
5.844121033680783057e+02 -8.495204851983066874e+02 0.000000000000000000e+00
5.749049623902792518e+02 -8.497497399774101723e+02 0.000000000000000000e+00
5.653946725406580072e+02 -8.497567340730680598e+02 0.000000000000000000e+00
5.558843102198065935e+02 -8.495430676836826933e+02 0.000000000000000000e+00
5.463770823471909353e+02 -8.491106191234725884e+02 0.000000000000000000e+00
5.368765259475886751e+02 -8.484613762209867218e+02 0.000000000000000000e+00
5.273866944496726319e+02 -8.475971622962197216e+02 0.000000000000000000e+00
5.179123241458037228e+02 -8.465192823116917680e+02 0.000000000000000000e+00
5.084589753218409101e+02 -8.452281237051814742e+02 0.000000000000000000e+00
4.990331443261019899e+02 -8.437227521265550649e+02 0.000000000000000000e+00
4.896423451852090238e+02 -8.420005443125470492e+02 0.000000000000000000e+00
4.802951620672927220e+02 -8.400568984839491122e+02 0.000000000000000000e+00
4.710012766347820161e+02 -8.378850571398504599e+02 0.000000000000000000e+00
4.617714767669406228e+02 -8.354760684871482681e+02 0.000000000000000000e+00
4.526176549078780909e+02 -8.328189017917335377e+02 0.000000000000000000e+00
4.435528050911124183e+02 -8.299007196779992910e+02 0.000000000000000000e+00
4.345910272745541079e+02 -8.267072979408235369e+02 0.000000000000000000e+00
4.257475458818873904e+02 -8.232235718663462194e+02 0.000000000000000000e+00
4.170387464299446947e+02 -8.194342783716114127e+02 0.000000000000000000e+00
4.084822300305526142e+02 -8.153246562557083053e+02 0.000000000000000000e+00
4.000968807471849118e+02 -8.108811630257334855e+02 0.000000000000000000e+00
3.919029357476777022e+02 -8.060921663310718941e+02 0.000000000000000000e+00
3.839220434958543251e+02 -8.009485709030949465e+02 0.000000000000000000e+00
3.761772914683424460e+02 -7.954443476527807206e+02 0.000000000000000000e+00
3.686931826347888546e+02 -7.895769395787981466e+02 0.000000000000000000e+00
3.614955396666828165e+02 -7.833475285627606581e+02 0.000000000000000000e+00
3.546113178484071682e+02 -7.767611570699513095e+02 0.000000000000000000e+00
3.480683120524089418e+02 -7.698267083321157997e+02 0.000000000000000000e+00
3.418947497694293247e+02 -7.625567569574616300e+02 0.000000000000000000e+00
3.361187706711814371e+02 -7.549673084548104498e+02 0.000000000000000000e+00
3.307678029168469607e+02 -7.470774504613654017e+02 0.000000000000000000e+00
3.258678566025172927e+02 -7.389089403680799251e+02 0.000000000000000000e+00
3.214427644806820012e+02 -7.304857536402303140e+02 0.000000000000000000e+00
3.175134083927035817e+02 -7.218336147609945783e+02 0.000000000000000000e+00
3.140969758597921100e+02 -7.129795288917824791e+02 0.000000000000000000e+00
3.112062942086990915e+02 -7.039513276689420991e+02 0.000000000000000000e+00
3.088492889340765828e+02 -6.947772377051088597e+02 0.000000000000000000e+00
3.070286084788061203e+02 -6.854854759582320867e+02 0.000000000000000000e+00
3.057414493390967323e+02 -6.761038726856268113e+02 0.000000000000000000e+00
3.049796038115200645e+02 -6.666595205617719557e+02 0.000000000000000000e+00
3.047297385595712171e+02 -6.571784478538579606e+02 0.000000000000000000e+00
3.049738965274712541e+02 -6.476853142539492865e+02 0.000000000000000000e+00
3.056901988023624313e+02 -6.382031298004681048e+02 0.000000000000000000e+00
3.068537081475669197e+02 -6.287529998657557826e+02 0.000000000000000000e+00
3.084374033988344195e+02 -6.193539019207206593e+02 0.000000000000000000e+00
3.104132048877428929e+02 -6.100225021596518218e+02 0.000000000000000000e+00
3.127529864312539871e+02 -6.007730215663356148e+02 0.000000000000000000e+00
3.154295097555724965e+02 -5.916171612237768613e+02 0.000000000000000000e+00
3.184172226457509396e+02 -5.825640953759192371e+02 0.000000000000000000e+00
3.216928723293510188e+02 -5.736205379038987076e+02 0.000000000000000000e+00
3.252358998827938308e+02 -5.647908836585708059e+02 0.000000000000000000e+00
3.290285986837682231e+02 -5.560774208731323824e+02 0.000000000000000000e+00
3.330560387213523654e+02 -5.474806052052124414e+02 0.000000000000000000e+00
3.373057773414127496e+02 -5.389993804711435814e+02 0.000000000000000000e+00
3.417673941336595362e+02 -5.306315265105214394e+02 0.000000000000000000e+00
3.464319016492996184e+02 -5.223740114802144490e+02 0.000000000000000000e+00
3.512910932094636109e+02 -5.142233247186122753e+02 0.000000000000000000e+00
3.563368933241187619e+02 -5.061757674425512050e+02 0.000000000000000000e+00
3.615607747436174577e+02 -4.982276819978450817e+02 0.000000000000000000e+00
3.669532989713456459e+02 -4.903756059724049692e+02 0.000000000000000000e+00
3.725038247497740826e+02 -4.826163447347929605e+02 0.000000000000000000e+00
3.782004126396689117e+02 -4.749469641977702281e+02 0.000000000000000000e+00
3.840299347773633940e+02 -4.673647139878909229e+02 0.000000000000000000e+00
3.899783789180052622e+02 -4.598668988200732315e+02 0.000000000000000000e+00
3.960313167708007995e+02 -4.524507218491708045e+02 0.000000000000000000e+00
4.021744901765814006e+02 -4.451131273445304828e+02 0.000000000000000000e+00
4.083944564308359304e+02 -4.378506706723313187e+02 0.000000000000000000e+00
4.146792272230936760e+02 -4.306594410289624193e+02 0.000000000000000000e+00
4.210188349787848097e+02 -4.235350567375234050e+02 0.000000000000000000e+00
4.274057660341048859e+02 -4.164727446365647552e+02 0.000000000000000000e+00
4.338352116502308604e+02 -4.094675049148412427e+02 0.000000000000000000e+00
4.403051044272177137e+02 -4.025143516976110618e+02 0.000000000000000000e+00
4.468159277762775332e+02 -3.956086089554946739e+02 0.000000000000000000e+00
4.533703079581725888e+02 -3.887462321236928346e+02 0.000000000000000000e+00
4.599724197972050206e+02 -3.819241193473118301e+02 0.000000000000000000e+00
4.666272565103343481e+02 -3.751403734615239500e+02 0.000000000000000000e+00
4.733398292822146232e+02 -3.683944773063267348e+02 0.000000000000000000e+00
4.801143717330909340e+02 -3.616873509882067310e+02 0.000000000000000000e+00
4.869536272089567319e+02 -3.550212699967727303e+02 0.000000000000000000e+00
4.938582923983862543e+02 -3.483996369550101235e+02 0.000000000000000000e+00
5.008266793153252934e+02 -3.418266160874583761e+02 0.000000000000000000e+00
5.078546399902618305e+02 -3.353066567447996817e+02 0.000000000000000000e+00
5.149357756753896638e+02 -3.288439488171584344e+02 0.000000000000000000e+00
5.220619268570235363e+02 -3.224418668248810036e+02 0.000000000000000000e+00
5.292239140622825744e+02 -3.161024692201841617e+02 0.000000000000000000e+00
5.364124746597125295e+02 -3.098261235648700449e+02 0.000000000000000000e+00
5.436193198274899032e+02 -3.036113257961131353e+02 0.000000000000000000e+00
5.508382205716272892e+02 -2.974547723341212873e+02 0.000000000000000000e+00
5.580660236462301782e+02 -2.913517275328268852e+02 0.000000000000000000e+00
5.653034983949322623e+02 -2.852967067923813715e+02 0.000000000000000000e+00
5.725559241514995392e+02 -2.792844690226592661e+02 0.000000000000000000e+00
5.798333444456109191e+02 -2.733112830750644093e+02 0.000000000000000000e+00
5.871504377045195042e+02 -2.673764036237692494e+02 0.000000000000000000e+00
5.945259826674263195e+02 -2.614836653374178468e+02 0.000000000000000000e+00
6.019819281190286802e+02 -2.556430825630384049e+02 0.000000000000000000e+00
6.095421083027375744e+02 -2.498723274089359734e+02 0.000000000000000000e+00
6.172306749193297719e+02 -2.441979538512759973e+02 0.000000000000000000e+00
6.250703415215026553e+02 -2.386562404315740764e+02 0.000000000000000000e+00
6.330805542932411072e+02 -2.332935396014864295e+02 0.000000000000000000e+00
6.412757130922416309e+02 -2.281660472897564773e+02 0.000000000000000000e+00
6.496635673269912559e+02 -2.233389404387225738e+02 0.000000000000000000e+00
6.582439025649759969e+02 -2.188848709268728783e+02 0.000000000000000000e+00
6.670076163032446175e+02 -2.148818486647752195e+02 0.000000000000000000e+00
6.759362563600526528e+02 -2.114105914971253242e+02 0.000000000000000000e+00
6.850020647485847576e+02 -2.085514614522534202e+02 0.000000000000000000e+00
6.941685359968118973e+02 -2.063811425285475707e+02 0.000000000000000000e+00
7.033914642601197329e+02 -2.049692416317844845e+02 0.000000000000000000e+00
7.126204208556644062e+02 -2.043750091264905677e+02 0.000000000000000000e+00
7.218005754783322345e+02 -2.046443772042204330e+02 0.000000000000000000e+00
7.308747524188459010e+02 -2.058075023304975275e+02 0.000000000000000000e+00
7.397855991447354427e+02 -2.078769728694583705e+02 0.000000000000000000e+00
7.484777395258709021e+02 -2.108468060772772787e+02 0.000000000000000000e+00
7.568997879793013226e+02 -2.146923123983600590e+02 0.000000000000000000e+00
7.650061133529571862e+02 -2.193708525351786705e+02 0.000000000000000000e+00
7.727582612902050414e+02 -2.248234577479581162e+02 0.000000000000000000e+00
7.801259693999786577e+02 -2.309772301611790510e+02 0.000000000000000000e+00
7.870877386932340869e+02 -2.377483913293109765e+02 0.000000000000000000e+00
7.936309551212508495e+02 -2.450458073999182602e+02 0.000000000000000000e+00
7.997515843371560322e+02 -2.527747907318577631e+02 0.000000000000000000e+00
8.054534888485353576e+02 -2.608409627535240247e+02 0.000000000000000000e+00
8.107474377321085512e+02 -2.691539621550790571e+02 0.000000000000000000e+00
8.156498937187745923e+02 -2.776307961041387671e+02 0.000000000000000000e+00
8.201816699773850132e+02 -2.861986589078205725e+02 0.000000000000000000e+00
8.243665491862097952e+02 -2.947970803129549040e+02 0.000000000000000000e+00
8.282299509338105281e+02 -3.033793115587391185e+02 0.000000000000000000e+00
8.317977211162244657e+02 -3.119129079450605673e+02 0.000000000000000000e+00
8.350951001955384072e+02 -3.203795183567451090e+02 0.000000000000000000e+00
8.381459076372681238e+02 -3.287739412101569769e+02 0.000000000000000000e+00
8.409719593538100071e+02 -3.371025492877554370e+02 0.000000000000000000e+00
8.435927153125007862e+02 -3.453812200778834836e+02 0.000000000000000000e+00
8.460251371929539346e+02 -3.536329314783718019e+02 0.000000000000000000e+00
8.482837223553723334e+02 -3.618851938842636287e+02 0.000000000000000000e+00
8.523261411985349696e+02 -3.785088693766884376e+02 0.000000000000000000e+00
