0.000000000000000000e+00 1.503476972450707716e-01 4.389323968887474670e-01
0.000000000000000000e+00 1.544367170106999143e-01 4.313648122448315858e-01
0.000000000000000000e+00 1.583467685415839987e-01 4.235840353311737805e-01
0.000000000000000000e+00 1.620057056449324129e-01 4.155544303262875827e-01
0.000000000000000000e+00 1.653257014274217285e-01 4.072571722103089376e-01
0.000000000000000000e+00 1.682077268800954706e-01 3.986930353371914704e-01
0.000000000000000000e+00 1.705473434793561560e-01 3.898835746103817002e-01
0.000000000000000000e+00 1.722413545906304189e-01 3.808705669117382064e-01
0.000000000000000000e+00 1.731947648193747635e-01 3.717137432008111309e-01
0.000000000000000000e+00 1.733274525559334589e-01 3.624870023837005739e-01
0.000000000000000000e+00 1.725799739715751790e-01 3.532734404919108395e-01
0.000000000000000000e+00 1.709179860122745920e-01 3.441596386106836603e-01
0.000000000000000000e+00 1.683348951047542175e-01 3.352297194073741160e-01
0.000000000000000000e+00 1.648524958067519031e-01 3.265596985861302093e-01
0.000000000000000000e+00 1.605195440277182584e-01 3.182126228485228636e-01
0.000000000000000000e+00 1.554083949065140080e-01 3.102349039547457887e-01
0.000000000000000000e+00 1.496100076634932496e-01 3.026541380595342834e-01
0.000000000000000000e+00 1.432277618660785790e-01 2.954785533006387688e-01
0.000000000000000000e+00 1.363706278414746065e-01 2.886980717948345876e-01
0.000000000000000000e+00 1.291462792838234397e-01 2.822868207654878336e-01
0.000000000000000000e+00 1.216547247582127761e-01 2.762067966767550176e-01
0.000000000000000000e+00 1.139829689246808914e-01 2.704122887546779319e-01
0.000000000000000000e+00 1.062011015269048453e-01 2.648546131779169754e-01
0.000000000000000000e+00 9.836006478804690256e-02 2.594867009421470971e-01
0.000000000000000000e+00 9.049118339445680337e-02 2.542671203590615714e-01
0.000000000000000000e+00 8.260737289788984417e-02 2.491631939182681887e-01
0.000000000000000000e+00 7.470578908030600651e-02 2.441529792330338622e-01
0.000000000000000000e+00 6.677155756114681873e-02 2.392260123843175657e-01
0.000000000000000000e+00 5.878214112257665325e-02 2.343828449367002797e-01
0.000000000000000000e+00 5.071186867581085889e-02 2.296335289549596703e-01
0.000000000000000000e+00 4.253616603561474058e-02 2.249953047440766685e-01
0.000000000000000000e+00 3.423509098025766945e-02 2.204898138729777246e-01
0.000000000000000000e+00 2.579587498860394165e-02 2.161401892945868375e-01
0.000000000000000000e+00 1.721429941156307417e-02 2.119683634366180680e-01
0.000000000000000000e+00 8.494870223418894348e-03 2.079928868824603705e-01
0.000000000000000000e+00 -3.501121666469120069e-04 2.042274715990126666e-01
0.000000000000000000e+00 -9.302377349476788349e-03 2.006803736628831880e-01
0.000000000000000000e+00 -1.834010837134808850e-02 1.973546230951956637e-01
0.000000000000000000e+00 -2.744062199630708035e-02 1.942490052878070306e-01
0.000000000000000000e+00 -3.658295754512651266e-02 1.913596112540461303e-01
0.000000000000000000e+00 -4.575005979021994074e-02 1.886817120502668477e-01
0.000000000000000000e+00 -5.493030920073629225e-02 1.862116824807654447e-01
0.000000000000000000e+00 -6.411824552830268364e-02 1.839487030836853554e-01
0.000000000000000000e+00 -7.331443662958302132e-02 1.818960058607875518e-01
0.000000000000000000e+00 -8.252455081363627154e-02 1.800614929971239841e-01
0.000000000000000000e+00 -9.175778557967621818e-02 1.784576406311851327e-01
0.000000000000000000e+00 -1.010248778808656017e-01 1.771006913007948658e-01
0.000000000000000000e+00 -1.103359634642692988e-01 1.760092279637968937e-01
0.000000000000000000e+00 -1.196985615636511902e-01 1.752022989687370969e-01
0.000000000000000000e+00 -1.291159364668248710e-01 1.746973182609649622e-01
0.000000000000000000e+00 -1.385860333388739540e-01 1.745079924008297589e-01
0.000000000000000000e+00 -1.481011095502200725e-01 1.746425229473664020e-01
0.000000000000000000e+00 -1.576480943688169656e-01 1.751023003250296306e-01
0.000000000000000000e+00 -1.672096201034960483e-01 1.758812477607162028e-01
0.000000000000000000e+00 -1.767655873449802406e-01 1.769658984140544400e-01
0.000000000000000000e+00 -1.862950651485157649e-01 1.783362045374250471e-01
0.000000000000000000e+00 -1.957782906844666160e-01 1.799669943566886698e-01
0.000000000000000000e+00 -2.051985257011276764e-01 1.818299199981271430e-01
0.000000000000000000e+00 -2.145435492064592387e-01 1.838956864020778459e-01
0.000000000000000000e+00 -2.238066137277709144e-01 1.861363225966062018e-01
0.000000000000000000e+00 -2.329867600142385975e-01 1.885272557991776454e-01
0.000000000000000000e+00 -2.420884636086013675e-01 1.910489751514043710e-01
0.000000000000000000e+00 -2.511206667266223658e-01 1.936881219051335978e-01
0.000000000000000000e+00 -2.600953207940658873e-01 1.964379103340810340e-01
0.000000000000000000e+00 -2.690256204291550102e-01 1.992978604243608454e-01
0.000000000000000000e+00 -2.779241423936323341e-01 2.022729004786175400e-01
0.000000000000000000e+00 -2.868011096670617932e-01 2.053719662980420801e-01
0.000000000000000000e+00 -2.956629810939943592e-01 2.086062759237903297e-01
0.000000000000000000e+00 -3.045115239037087806e-01 2.119874894214648087e-01
0.000000000000000000e+00 -3.133434654122367324e-01 2.155259689391585409e-01
0.000000000000000000e+00 -3.221507489815182423e-01 2.192293352629156311e-01
0.000000000000000000e+00 -3.309213464743044342e-01 2.231014762056743039e-01
0.000000000000000000e+00 -3.396405136525305624e-01 2.271421047329661713e-01
0.000000000000000000e+00 -3.482923238488589424e-01 2.313468978643935248e-01
0.000000000000000000e+00 -3.568612845255984545e-01 2.357081791060812170e-01
0.000000000000000000e+00 -3.653338342198140798e-01 2.402160454125097933e-01
0.000000000000000000e+00 -3.736995342038562651e-01 2.448597913958971695e-01
0.000000000000000000e+00 -3.819518074863421653e-01 2.496294538592662982e-01
0.000000000000000000e+00 -3.900881325936352284e-01 2.545172915408845382e-01
0.000000000000000000e+00 -3.981096641387803503e-01 2.595190284265216918e-01
0.000000000000000000e+00 -4.060203187607960840e-01 2.646347217565413468e-01
0.000000000000000000e+00 -4.138254258245927519e-01 2.698691633695698977e-01
0.000000000000000000e+00 -4.215300904199462129e-01 2.752317791346310383e-01
0.000000000000000000e+00 -4.291374464754639795e-01 2.807360489750731491e-01
0.000000000000000000e+00 -4.366469872493832227e-01 2.863985224824163733e-01
0.000000000000000000e+00 -4.440531486494214142e-01 2.922375463459746525e-01
0.000000000000000000e+00 -4.513442898565115380e-01 2.982718453626766464e-01
0.000000000000000000e+00 -4.585021698545515001e-01 3.045191062953291894e-01
0.000000000000000000e+00 -4.655019635763997798e-01 3.109947032683134660e-01
0.000000000000000000e+00 -4.723128041862527660e-01 3.177106769086346927e-01
0.000000000000000000e+00 -4.788987852570379400e-01 3.246750411269509473e-01
0.000000000000000000e+00 -4.852203141858455471e-01 3.318914466788671080e-01
0.000000000000000000e+00 -4.912356805365679646e-01 3.393591854468935853e-01
0.000000000000000000e+00 -4.969026925348394852e-01 3.470734795624016988e-01
0.000000000000000000e+00 -5.021802418800692669e-01 3.550259699621161613e-01
0.000000000000000000e+00 -5.070296794387977313e-01 3.632053031509915875e-01
0.000000000000000000e+00 -5.114159184649323953e-01 3.715977143169516550e-01
0.000000000000000000e+00 -5.153082226893491713e-01 3.801875189472213035e-01
0.000000000000000000e+00 -5.186806782723555331e-01 3.889574512235596249e-01
0.000000000000000000e+00 -5.215123857105447014e-01 3.978888216417072465e-01
0.000000000000000000e+00 -5.237874356921892183e-01 4.069615034144961063e-01
0.000000000000000000e+00 -5.254947484054414142e-01 4.161537918606607045e-01
0.000000000000000000e+00 -5.266278575487087776e-01 4.254422081342794648e-01
0.000000000000000000e+00 -5.271847088571720574e-01 4.348013343594125391e-01
0.000000000000000000e+00 -5.271675207576649314e-01 4.442037691340824379e-01
0.000000000000000000e+00 -5.265827256722803718e-01 4.536202799907190775e-01
0.000000000000000000e+00 -5.254409792909764398e-01 4.630202042451059263e-01
0.000000000000000000e+00 -5.237571968414093115e-01 4.723721150051956030e-01
0.000000000000000000e+00 -5.215505545539622645e-01 4.816447295685148400e-01
0.000000000000000000e+00 -5.188443846114167979e-01 4.908079983867438822e-01
0.000000000000000000e+00 -5.156658947695396122e-01 4.998342796425413459e-01
0.000000000000000000e+00 -5.120456595734198535e-01 5.086994820278682994e-01
0.000000000000000000e+00 -5.080168568408376384e-01 5.173840499995898679e-01
0.000000000000000000e+00 -5.036142573626015695e-01 5.258736733129233398e-01
0.000000000000000000e+00 -4.988730129143016390e-01 5.341596256731444559e-01
0.000000000000000000e+00 -4.938273224434989728e-01 5.422386735637548805e-01
0.000000000000000000e+00 -4.885090835775214857e-01 5.501125416164249771e-01
0.000000000000000000e+00 -4.829466521000351786e-01 5.577869699327715480e-01
0.000000000000000000e+00 -4.771638329033801029e-01 5.652704455908196257e-01
0.000000000000000000e+00 -4.711792111198359057e-01 5.725727293431746023e-01
0.000000000000000000e+00 -4.650059026879430069e-01 5.797033242801212793e-01
0.000000000000000000e+00 -4.586517625050041680e-01 5.866700425324752333e-01
0.000000000000000000e+00 -4.521200401759354337e-01 5.934778174285001429e-01
0.000000000000000000e+00 -4.454104239016812850e-01 6.001278825758084023e-01
0.000000000000000000e+00 -4.385203683535058850e-01 6.066173989187195748e-01
0.000000000000000000e+00 -4.314465681665625163e-01 6.129395605413940906e-01
0.000000000000000000e+00 -4.241864195510888225e-01 6.190841557324094913e-01
0.000000000000000000e+00 -4.167393113227509938e-01 6.250385080433210616e-01
0.000000000000000000e+00 -4.091076041134138475e-01 6.307886789841261610e-01
0.000000000000000000e+00 -4.012971910679493659e-01 6.363207848342542494e-01
0.000000000000000000e+00 -3.933175812355098611e-01 6.416222683977972352e-01
0.000000000000000000e+00 -3.851815026538337738e-01 6.466829738854629195e-01
0.000000000000000000e+00 -3.769040792228557368e-01 6.514958986492888071e-01
0.000000000000000000e+00 -3.685016869694645592e-01 6.560575361909360970e-01
0.000000000000000000e+00 -3.599906348449670168e-01 6.603677758000918718e-01
0.000000000000000000e+00 -3.513858377216675377e-01 6.644293791613707922e-01
0.000000000000000000e+00 -3.426996516926115732e-01 6.682471065677849653e-01
0.000000000000000000e+00 -3.339410234542263267e-01 6.718266085586865888e-01
0.000000000000000000e+00 -3.251150683220702109e-01 6.751732275090852609e-01
0.000000000000000000e+00 -3.162231395076899321e-01 6.782908643409183425e-01
0.000000000000000000e+00 -3.072633907685689003e-01 6.811810567265393912e-01
0.000000000000000000e+00 -2.982317727076697067e-01 6.838423879374886383e-01
0.000000000000000000e+00 -2.891233474241532431e-01 6.862703031846839608e-01
0.000000000000000000e+00 -2.799337638637503511e-01 6.884573581349928695e-01
0.000000000000000000e+00 -2.706607125615462794e-01 6.903938687849151545e-01
0.000000000000000000e+00 -2.613051767997353614e-01 6.920688800137156926e-01
0.000000000000000000e+00 -2.518723181714448978e-01 6.934713285254473503e-01
0.000000000000000000e+00 -2.423718760338818001e-01 6.945912499031021703e-01
0.000000000000000000e+00 -2.328180176692068448e-01 6.954208726127689699e-01
0.000000000000000000e+00 -2.232286424246082701e-01 6.959554551175634041e-01
0.000000000000000000e+00 -2.136242106860138934e-01 6.961937543564681308e-01
0.000000000000000000e+00 -2.040262289536532159e-01 6.961380608794409675e-01
0.000000000000000000e+00 -1.944555679314221019e-01 6.957937921182110186e-01
0.000000000000000000e+00 -1.849308154580751318e-01 6.951686935604017847e-01
0.000000000000000000e+00 -1.754668667463945009e-01 6.942717505318848348e-01
0.000000000000000000e+00 -1.660739301005246527e-01 6.931119539567264232e-01
0.000000000000000000e+00 -1.567570794341027751e-01 6.916970863439495520e-01
0.000000000000000000e+00 -1.475164207115171044e-01 6.900326959664657700e-01
0.000000000000000000e+00 -1.383478653271026093e-01 6.881214069759183927e-01
0.000000000000000000e+00 -1.292444282592040139e-01 6.859626730274627215e-01
0.000000000000000000e+00 -1.201979017727823201e-01 6.835530264429615643e-01
0.000000000000000000e+00 -1.112007049196813285e-01 6.808868106683775290e-01
0.000000000000000000e+00 -1.022476817209486966e-01 6.779573187308212123e-01
0.000000000000000000e+00 -9.333762068114515031e-02 6.747582028666839760e-01
0.000000000000000000e+00 -8.447429595312561101e-02 6.712849780890911555e-01
0.000000000000000000e+00 -7.566688344482085105e-02 6.675364211584444707e-01
0.000000000000000000e+00 -6.692967769632858499e-02 6.635156697438567841e-01
0.000000000000000000e+00 -5.828111918640267036e-02 6.592308550934687927e-01
0.000000000000000000e+00 -4.974222698597990239e-02 6.546951527261174464e-01
0.000000000000000000e+00 -4.133460804747540046e-02 6.499262040634700144e-01
0.000000000000000000e+00 -3.307827236781712976e-02 6.449449397481689106e-01
0.000000000000000000e+00 -2.498951520437510052e-02 6.397739133793630684e-01
0.000000000000000000e+00 -1.707912878190379416e-02 6.344353228907655406e-01
0.000000000000000000e+00 -9.351175384045156552e-03 6.289489469137943267e-01
0.000000000000000000e+00 -1.802494040046553935e-03 6.233302481949182239e-01
0.000000000000000000e+00 5.576969563075255890e-03 6.175888912408989961e-01
0.000000000000000000e+00 1.280301661568479694e-02 6.117278860106796223e-01
0.000000000000000000e+00 1.989533776363652459e-02 6.057435064399224744e-01
0.000000000000000000e+00 2.687514009900244388e-02 5.996260480780353230e-01
0.000000000000000000e+00 3.376252349782157824e-02 5.933613921570327632e-01
0.000000000000000000e+00 4.057391157099651813e-02 5.869332448715693928e-01
0.000000000000000000e+00 4.731984773145578305e-02 5.803258320524256053e-01
0.000000000000000000e+00 5.400343510873900632e-02 5.735267616092799559e-01
0.000000000000000000e+00 6.061963264005388458e-02 5.665297279895915583e-01
0.000000000000000000e+00 6.715552516085721013e-02 5.593367302751851566e-01
0.000000000000000000e+00 7.359157274986216635e-02 5.519595104024144216e-01
0.000000000000000000e+00 7.990372645332574630e-02 5.444199881278073416e-01
0.000000000000000000e+00 8.606618740992143246e-02 5.367495684553462709e-01
0.000000000000000000e+00 9.205449746373990660e-02 5.289873154627268148e-01
0.000000000000000000e+00 9.784859276311091980e-02 5.211771114572808505e-01
0.000000000000000000e+00 1.034354354621965372e-01 5.133640385872864087e-01
0.000000000000000000e+00 1.088108660286279811e-01 5.055903181257406231e-01
0.000000000000000000e+00 1.139803885295836844e-01 4.978912090813102376e-01
0.000000000000000000e+00 1.189587074935122557e-01 4.902912941129403679e-01
0.000000000000000000e+00 1.237679671011192167e-01 4.828015625775824438e-01
0.000000000000000000e+00 1.284347878687756850e-01 4.754176382707611115e-01
0.000000000000000000e+00 1.329863371496971536e-01 4.681193981557719153e-01
0.000000000000000000e+00 1.374457920404092981e-01 4.608720975884206261e-01
0.000000000000000000e+00 1.418276425620817738e-01 4.536289701128178864e-01
0.000000000000000000e+00 1.503476972450707716e-01 4.389323968887474670e-01
