-4.454014473221021841e-01 -5.951896239492433516e-01 0.000000000000000000e+00
-4.459880888504889618e-01 -5.971350853018563276e-01 0.000000000000000000e+00
-4.466500319586007572e-01 -5.990378092359811557e-01 0.000000000000000000e+00
-4.473864833048925016e-01 -6.008962160979587352e-01 0.000000000000000000e+00
-4.481965625992255231e-01 -6.027087630365749460e-01 0.000000000000000000e+00
-4.490793040774080924e-01 -6.044739443765448916e-01 0.000000000000000000e+00
-4.500336581106518241e-01 -6.061902919872078632e-01 0.000000000000000000e+00
-4.510584929457666648e-01 -6.078563756504747895e-01 0.000000000000000000e+00
-4.521525965715960660e-01 -6.094708034319333834e-01 0.000000000000000000e+00
-4.533146787068926264e-01 -6.110322220588506603e-01 0.000000000000000000e+00
-4.545433729045471605e-01 -6.125393173086267629e-01 0.000000000000000000e+00
-4.558372387668175874e-01 -6.139908144110570731e-01 0.000000000000000000e+00
-4.571947642659475175e-01 -6.153854784675359957e-01 0.000000000000000000e+00
-4.586143681643391479e-01 -6.167221148900973171e-01 0.000000000000000000e+00
-4.600944025282281413e-01 -6.179995698629376921e-01 0.000000000000000000e+00
-4.616331553286182610e-01 -6.192167308287971350e-01 0.000000000000000000e+00
-4.632288531230622786e-01 -6.203725270022917293e-01 0.000000000000000000e+00
-4.648796638117276836e-01 -6.214659299119974500e-01 0.000000000000000000e+00
-4.665836994610562116e-01 -6.224959539727845659e-01 0.000000000000000000e+00
-4.683390191882239040e-01 -6.234616570895811227e-01 0.000000000000000000e+00
-4.701436320995229234e-01 -6.243621412934279302e-01 0.000000000000000000e+00
-4.719955002757293960e-01 -6.251965534103555155e-01 0.000000000000000000e+00
-4.738925417974828025e-01 -6.259640857632797761e-01 0.000000000000000000e+00
-4.758326338036885095e-01 -6.266639769067791077e-01 0.000000000000000000e+00
-4.778136155759636350e-01 -6.272955123942689504e-01 0.000000000000000000e+00
-4.798332916421778616e-01 -6.278580255767614027e-01 0.000000000000000000e+00
-4.818894348921929915e-01 -6.283508984320445023e-01 0.000000000000000000e+00
-4.839797896989811998e-01 -6.287735624227935860e-01 0.000000000000000000e+00
-4.861020750383981959e-01 -6.291254993817821939e-01 0.000000000000000000e+00
-4.882539876010053570e-01 -6.294062424220456808e-01 0.000000000000000000e+00
-4.904332048894721185e-01 -6.296153768695204045e-01 0.000000000000000000e+00
-4.926373882952507777e-01 -6.297525412153798241e-01 0.000000000000000000e+00
-4.948641861483876747e-01 -6.298174280849802020e-01 0.000000000000000000e+00
-4.971112367345361660e-01 -6.298097852200480462e-01 0.000000000000000000e+00
-4.993761712734437475e-01 -6.297294164704575481e-01 0.000000000000000000e+00
-5.016566168534197789e-01 -6.295761827916890319e-01 0.000000000000000000e+00
-5.039501993165307336e-01 -6.293500032438117398e-01 0.000000000000000000e+00
-5.062545460895325755e-01 -6.290508559876027972e-01 0.000000000000000000e+00
-5.085672889558195964e-01 -6.286787792732054792e-01 0.000000000000000000e+00
-5.108860667639560926e-01 -6.282338724165318355e-01 0.000000000000000000e+00
-5.132085280686513595e-01 -6.277162967584454245e-01 0.000000000000000000e+00
-5.155323337003463458e-01 -6.271262766016051371e-01 0.000000000000000000e+00
-5.178551592598915621e-01 -6.264641001197188697e-01 0.000000000000000000e+00
-5.201746975351213553e-01 -6.257301202338494406e-01 0.000000000000000000e+00
-5.224886608364537333e-01 -6.249247554503241098e-01 0.000000000000000000e+00
-5.247947832489814335e-01 -6.240484906547447697e-01 0.000000000000000000e+00
-5.270908227988514438e-01 -6.231018778565440286e-01 0.000000000000000000e+00
-5.293745635320722398e-01 -6.220855368785339623e-01 0.000000000000000000e+00
-5.316438175042241809e-01 -6.210001559858880915e-01 0.000000000000000000e+00
-5.338964266798872371e-01 -6.198464924490452166e-01 0.000000000000000000e+00
-5.361302647409392774e-01 -6.186253730350741442e-01 0.000000000000000000e+00
-5.383432388032044491e-01 -6.173376944221267149e-01 0.000000000000000000e+00
-5.405332910412691261e-01 -6.159844235317148975e-01 0.000000000000000000e+00
-5.426984002215969882e-01 -6.145665977736800567e-01 0.000000000000000000e+00
-5.448365831443966467e-01 -6.130853251988785946e-01 0.000000000000000000e+00
-5.469458959949995425e-01 -6.115417845547934661e-01 0.000000000000000000e+00
-5.490244356058067154e-01 -6.099372252394776872e-01 0.000000000000000000e+00
-5.510703406301471485e-01 -6.082729671494692125e-01 0.000000000000000000e+00
-5.530817926296710541e-01 -6.065504004175598096e-01 0.000000000000000000e+00
-5.550570170771618184e-01 -6.047709850365706741e-01 0.000000000000000000e+00
-5.569942842769031177e-01 -6.029362503655791850e-01 0.000000000000000000e+00
-5.588919102049688670e-01 -6.010477945153420709e-01 0.000000000000000000e+00
-5.607482572720320357e-01 -5.991072836099944343e-01 0.000000000000000000e+00
-5.625617350114828774e-01 -5.971164509224415884e-01 0.000000000000000000e+00
-5.643308006958440703e-01 -5.950770958812180433e-01 0.000000000000000000e+00
-5.660539598846328069e-01 -5.929910829469658973e-01 0.000000000000000000e+00
-5.677297669069782948e-01 -5.908603403570644730e-01 0.000000000000000000e+00
-5.693568252824324771e-01 -5.886868587373439432e-01 0.000000000000000000e+00
-5.709337880835293477e-01 -5.864726895802212514e-01 0.000000000000000000e+00
-5.724593582437418338e-01 -5.842199435890150783e-01 0.000000000000000000e+00
-5.739322888145658164e-01 -5.819307888886148250e-01 0.000000000000000000e+00
-5.753513831755109331e-01 -5.796074491031140141e-01 0.000000000000000000e+00
-5.767154952008212154e-01 -5.772522013014450559e-01 0.000000000000000000e+00
-5.780235293867647117e-01 -5.748673738124905341e-01 0.000000000000000000e+00
-5.792744409433233654e-01 -5.724553439115828146e-01 0.000000000000000000e+00
-5.804672358541032029e-01 -5.700185353807344368e-01 0.000000000000000000e+00
-5.816009709082345935e-01 -5.675594159453792864e-01 0.000000000000000000e+00
-5.826747537079776107e-01 -5.650804945908295407e-01 0.000000000000000000e+00
-5.836877426556700277e-01 -5.625843187620740427e-01 0.000000000000000000e+00
-5.846391469235552307e-01 -5.600734714509650880e-01 0.000000000000000000e+00
-5.855282264099201939e-01 -5.575505681752378484e-01 0.000000000000000000e+00
-5.863542916848356601e-01 -5.550182538542078881e-01 0.000000000000000000e+00
-5.871167039286540046e-01 -5.524791995863740368e-01 0.000000000000000000e+00
-5.878148748662477274e-01 -5.499360993345222548e-01 0.000000000000000000e+00
-5.884482666998063216e-01 -5.473916665242796187e-01 0.000000000000000000e+00
-5.890163920428100885e-01 -5.448486305624092862e-01 0.000000000000000000e+00
-5.895188138576036296e-01 -5.423097332814527105e-01 0.000000000000000000e+00
-5.899551453987744720e-01 -5.397777253176310186e-01 0.000000000000000000e+00
-5.903250501643181325e-01 -5.372553624291934726e-01 0.000000000000000000e+00
-5.906282418563377767e-01 -5.347454017626666056e-01 0.000000000000000000e+00
-5.908644843527817159e-01 -5.322505980746862209e-01 0.000000000000000000e+00
-5.910335916914732923e-01 -5.297736999173191519e-01 0.000000000000000000e+00
-5.911354280674332440e-01 -5.273174457949600935e-01 0.000000000000000000e+00
-5.911699078442298472e-01 -5.248845603010603433e-01 0.000000000000000000e+00
-5.911369955798319031e-01 -5.224777502430814069e-01 0.000000000000000000e+00
-5.910367060671677386e-01 -5.200997007641801062e-01 0.000000000000000000e+00
-5.908691043893317119e-01 -5.177530714702142101e-01 0.000000000000000000e+00
-5.906343059891049352e-01 -5.154404925707188889e-01 0.000000000000000000e+00
-5.903324767521964667e-01 -5.131645610425343840e-01 0.000000000000000000e+00
-5.899638331033422167e-01 -5.109278368247646140e-01 0.000000000000000000e+00
-5.895286421141437971e-01 -5.087328390537286804e-01 0.000000000000000000e+00
-5.890272216212699696e-01 -5.065820423465031697e-01 0.000000000000000000e+00
-5.884599403534002127e-01 -5.044778731415850981e-01 0.000000000000000000e+00
-5.878272180650425671e-01 -5.024227061050854370e-01 0.000000000000000000e+00
-5.871295256751333236e-01 -5.004188606107363713e-01 0.000000000000000000e+00
-5.863673854080974079e-01 -4.984685973018259664e-01 0.000000000000000000e+00
-5.855413709348402662e-01 -4.965741147429905689e-01 0.000000000000000000e+00
-5.846521075109412102e-01 -4.947375461695774912e-01 0.000000000000000000e+00
-5.837002721091335555e-01 -4.929609563420523366e-01 0.000000000000000000e+00
-5.826865935429806909e-01 -4.912463385126590865e-01 0.000000000000000000e+00
-5.816118525785034521e-01 -4.895956115112596319e-01 0.000000000000000000e+00
-5.804768820303669585e-01 -4.880106169569631280e-01 0.000000000000000000e+00
-5.792825668391154981e-01 -4.864931166018288122e-01 0.000000000000000000e+00
-5.780298441258250319e-01 -4.850447898125748725e-01 0.000000000000000000e+00
-5.767197032204631757e-01 -4.836672311958553072e-01 0.000000000000000000e+00
-5.753531856601623584e-01 -4.823619483722796364e-01 0.000000000000000000e+00
-5.739313851535637889e-01 -4.811303599039454260e-01 0.000000000000000000e+00
-5.724554475073512227e-01 -4.799737933798378653e-01 0.000000000000000000e+00
-5.709265705110759814e-01 -4.788934836630164282e-01 0.000000000000000000e+00
-5.693460037763808934e-01 -4.778905713030635605e-01 0.000000000000000000e+00
-5.677150485267498103e-01 -4.769661011168222498e-01 0.000000000000000000e+00
-5.660350573339522073e-01 -4.761210209399763804e-01 0.000000000000000000e+00
-5.643074337974185450e-01 -4.753561805515684191e-01 0.000000000000000000e+00
-5.625336321628553460e-01 -4.746723307730664754e-01 0.000000000000000000e+00
-5.607151568765195160e-01 -4.740701227431153297e-01 0.000000000000000000e+00
-5.588535620716834629e-01 -4.735501073686269602e-01 0.000000000000000000e+00
-5.569504509839674489e-01 -4.731127349523802095e-01 0.000000000000000000e+00
-5.550074752923679355e-01 -4.727583549968229493e-01 0.000000000000000000e+00
-5.530263343829930900e-01 -4.724872161832904260e-01 0.000000000000000000e+00
-5.510087745326989195e-01 -4.722994665253806290e-01 0.000000000000000000e+00
-5.489565880100402140e-01 -4.721951536947613381e-01 0.000000000000000000e+00
-5.468716120911669698e-01 -4.721742255172260982e-01 0.000000000000000000e+00
-5.447557279885425485e-01 -4.722365306363653370e-01 0.000000000000000000e+00
-5.426108596906124015e-01 -4.723818193417815836e-01 0.000000000000000000e+00
-5.404389727108196428e-01 -4.726097445583526957e-01 0.000000000000000000e+00
-5.382420727446488584e-01 -4.729198629926351649e-01 0.000000000000000000e+00
-5.360222042336639792e-01 -4.733116364321037217e-01 0.000000000000000000e+00
-5.337814488358167964e-01 -4.737844331925435970e-01 0.000000000000000000e+00
-5.315219238016074543e-01 -4.743375297085514197e-01 0.000000000000000000e+00
-5.292457802560013302e-01 -4.749701122617581706e-01 0.000000000000000000e+00
-5.269552013863325612e-01 -4.756812788410670900e-01 0.000000000000000000e+00
-5.246524005367549925e-01 -4.764700411288962378e-01 0.000000000000000000e+00
-5.223396192101390501e-01 -4.773353266071434509e-01 0.000000000000000000e+00
-5.200191249786522141e-01 -4.782759807763291571e-01 0.000000000000000000e+00
-5.176932093045987227e-01 -4.792907694811499031e-01 0.000000000000000000e+00
-5.153641852734405226e-01 -4.803783813354636778e-01 0.000000000000000000e+00
-5.130343852412566630e-01 -4.815374302395518669e-01 0.000000000000000000e+00
-5.107061583992386078e-01 -4.827664579823455759e-01 0.000000000000000000e+00
-5.083818682581539017e-01 -4.840639369211778842e-01 0.000000000000000000e+00
-5.060638900560371356e-01 -4.854282727315200607e-01 0.000000000000000000e+00
-5.037546080926942338e-01 -4.868578072190869466e-01 0.000000000000000000e+00
-5.014564129949157234e-01 -4.883508211866467996e-01 0.000000000000000000e+00
-4.991716989166092855e-01 -4.899055373478518605e-01 0.000000000000000000e+00
-4.969028606783473245e-01 -4.915201232804087828e-01 0.000000000000000000e+00
-4.946522908511238326e-01 -4.931926944109430999e-01 0.000000000000000000e+00
-4.924223767893742276e-01 -4.949213170239686876e-01 0.000000000000000000e+00
-4.902154976185804647e-01 -4.967040112874568925e-01 0.000000000000000000e+00
-4.880340211830243025e-01 -4.985387542876114630e-01 0.000000000000000000e+00
-4.858803009594787059e-01 -5.004234830655875932e-01 0.000000000000000000e+00
-4.837566729428441348e-01 -5.023560976490525354e-01 0.000000000000000000e+00
-4.816654525099257067e-01 -5.043344640716673766e-01 0.000000000000000000e+00
-4.796089312677257466e-01 -5.063564173737706842e-01 0.000000000000000000e+00
-4.775893738927843302e-01 -5.084197645777737140e-01 0.000000000000000000e+00
-4.756090149682321577e-01 -5.105222876320194558e-01 0.000000000000000000e+00
-4.736700558253438276e-01 -5.126617463171221356e-01 0.000000000000000000e+00
-4.717746613964658997e-01 -5.148358811090902876e-01 0.000000000000000000e+00
-4.699249570862749636e-01 -5.170424159938313835e-01 0.000000000000000000e+00
-4.681230256683679425e-01 -5.192790612279536422e-01 0.000000000000000000e+00
-4.663709042142178407e-01 -5.215435160411108217e-01 0.000000000000000000e+00
-4.646705810615325838e-01 -5.238334712754733058e-01 0.000000000000000000e+00
-4.630239928290407203e-01 -5.261466119582679513e-01 0.000000000000000000e+00
-4.614330214846868450e-01 -5.284806198036872127e-01 0.000000000000000000e+00
-4.598994914741566520e-01 -5.308331756408397606e-01 0.000000000000000000e+00
-4.584251669165708143e-01 -5.332019617647969500e-01 0.000000000000000000e+00
-4.570117488740728651e-01 -5.355846642081658615e-01 0.000000000000000000e+00
-4.556608727019147431e-01 -5.379789749310103231e-01 0.000000000000000000e+00
-4.543741054854845141e-01 -5.403825939273287915e-01 0.000000000000000000e+00
-4.531529435705525244e-01 -5.427932312466869913e-01 0.000000000000000000e+00
-4.519988101928180679e-01 -5.452086089299863492e-01 0.000000000000000000e+00
-4.509130532126197632e-01 -5.476264628587416139e-01 0.000000000000000000e+00
-4.498969429604469106e-01 -5.500445445176134207e-01 0.000000000000000000e+00
-4.489516701986259739e-01 -5.524606226703193679e-01 0.000000000000000000e+00
-4.480783442042950981e-01 -5.548724849494134359e-01 0.000000000000000000e+00
-4.472779909784829755e-01 -5.572779393607811826e-01 0.000000000000000000e+00
-4.465515515858095585e-01 -5.596748157040432048e-01 0.000000000000000000e+00
-4.458998806290005446e-01 -5.620609669103995287e-01 0.000000000000000000e+00
-4.453237448620809280e-01 -5.644342702997647843e-01 0.000000000000000000e+00
-4.448238219457554821e-01 -5.667926287593555434e-01 0.000000000000000000e+00
-4.444006993481342538e-01 -5.691339718461825292e-01 0.000000000000000000e+00
-4.440548733935841819e-01 -5.714562568161764000e-01 0.000000000000000000e+00
-4.437867484621136893e-01 -5.737574695829343874e-01 0.000000000000000000e+00
-4.435966363413046953e-01 -5.760356256093124294e-01 0.000000000000000000e+00
-4.434847557324154699e-01 -5.782887707353103757e-01 0.000000000000000000e+00
-4.434512319118759094e-01 -5.805149819458941263e-01 0.000000000000000000e+00
-4.434960965489949669e-01 -5.827123680825775365e-01 0.000000000000000000e+00
-4.436192876802896312e-01 -5.848790705027443471e-01 0.000000000000000000e+00
-4.438206498404395073e-01 -5.870132636908228507e-01 0.000000000000000000e+00
-4.440999343494635432e-01 -5.891131558255344736e-01 0.000000000000000000e+00
-4.444567997553049432e-01 -5.911769893075327076e-01 0.000000000000000000e+00
-4.454014473221021841e-01 -5.951896239492433516e-01 0.000000000000000000e+00
