0.000000000000000000e+00 -1.003644996058046662e-01 -1.924600440086911557e-01
0.000000000000000000e+00 -1.005323085295982133e-01 -1.997667511438594445e-01
0.000000000000000000e+00 -1.016349436132894524e-01 -2.071237226514015539e-01
0.000000000000000000e+00 -1.036341110639124319e-01 -2.145034748264669500e-01
0.000000000000000000e+00 -1.064715667041919445e-01 -2.218780895086730487e-01
0.000000000000000000e+00 -1.100724056748776658e-01 -2.292199073752504423e-01
0.000000000000000000e+00 -1.143492116918611579e-01 -2.365022264485589776e-01
0.000000000000000000e+00 -1.192067747841382419e-01 -2.436999790677635835e-01
0.000000000000000000e+00 -1.245470502458612266e-01 -2.507903593325224167e-01
0.000000000000000000e+00 -1.302740209849336805e-01 -2.577533731191143374e-01
0.000000000000000000e+00 -1.362981411045180447e-01 -2.645722844154676512e-01
0.000000000000000000e+00 -1.425400787893635890e-01 -2.712339350433365381e-01
0.000000000000000000e+00 -1.489335377332954014e-01 -2.777289198313928065e-01
0.000000000000000000e+00 -1.554270130872001388e-01 -2.840516058283291123e-01
0.000000000000000000e+00 -1.619844236579231767e-01 -2.901999919093806724e-01
0.000000000000000000e+00 -1.685846496364019897e-01 -2.961754137048446256e-01
0.000000000000000000e+00 -1.752200872551386013e-01 -3.019821076239224134e-01
0.000000000000000000e+00 -1.818944018584885136e-01 -3.076266562447200204e-01
0.000000000000000000e+00 -1.886197134728880842e-01 -3.131173448473633103e-01
0.000000000000000000e+00 -1.954134802668173465e-01 -3.184634647653142858e-01
0.000000000000000000e+00 -2.022953533899342349e-01 -3.236746029875676167e-01
0.000000000000000000e+00 -2.092842617189999976e-01 -3.287599586658599415e-01
0.000000000000000000e+00 -2.163959491414419734e-01 -3.337277256514414869e-01
0.000000000000000000e+00 -2.236411340529918523e-01 -3.385845759012395262e-01
0.000000000000000000e+00 -2.310243959768268629e-01 -3.433352717726555481e-01
0.000000000000000000e+00 -2.385438237374120918e-01 -3.479824263055241174e-01
0.000000000000000000e+00 -2.461913898525862343e-01 -3.525264201943062448e-01
0.000000000000000000e+00 -2.539539528721846962e-01 -3.569654730531459652e-01
0.000000000000000000e+00 -2.618147385989393339e-01 -3.612958556249658004e-01
0.000000000000000000e+00 -2.697551165099509873e-01 -3.655122196510682264e-01
0.000000000000000000e+00 -2.777564716839949766e-01 -3.696080140069545328e-01
0.000000000000000000e+00 -2.858019757844637576e-01 -3.735759500981397641e-01
0.000000000000000000e+00 -2.938780820210237787e-01 -3.774084768767740905e-01
0.000000000000000000e+00 -3.019756057619629730e-01 -3.810982264241351558e-01
0.000000000000000000e+00 -3.100903005200320028e-01 -3.846383948151075316e-01
0.000000000000000000e+00 -3.182228934106606233e-01 -3.880230296356871333e-01
0.000000000000000000e+00 -3.263785994938056545e-01 -3.912472045086470285e-01
0.000000000000000000e+00 -3.345661853739601010e-01 -3.943070715328216291e-01
0.000000000000000000e+00 -3.427966943577117620e-01 -3.971997937501961506e-01
0.000000000000000000e+00 -3.510819746847492206e-01 -3.999233706471127525e-01
0.000000000000000000e+00 -3.594331665218604144e-01 -4.024763793146098889e-01
0.000000000000000000e+00 -3.678593017224305872e-01 -4.048576613849246830e-01
0.000000000000000000e+00 -3.763661535378353129e-01 -4.070659905545210289e-01
0.000000000000000000e+00 -3.849554436873767194e-01 -4.090997569705266401e-01
0.000000000000000000e+00 -3.936244747997981186e-01 -4.109567028546589618e-01
0.000000000000000000e+00 -4.023662114099101905e-01 -4.126337386261539897e-01
0.000000000000000000e+00 -4.111697870077621886e-01 -4.141268609138918921e-01
0.000000000000000000e+00 -4.200213726215188403e-01 -4.154311839230528935e-01
0.000000000000000000e+00 -4.289053081042137339e-01 -4.165410845417875652e-01
0.000000000000000000e+00 -4.378053738539535167e-01 -4.174504503510839126e-01
0.000000000000000000e+00 -4.467060701358306907e-01 -4.181530093720390862e-01
0.000000000000000000e+00 -4.555937741780317629e-01 -4.186427119140847530e-01
0.000000000000000000e+00 -4.644576611143583778e-01 -4.189141290806869811e-01
0.000000000000000000e+00 -4.732903017139770685e-01 -4.189628299160824132e-01
0.000000000000000000e+00 -4.820878847136508827e-01 -4.187857001183923344e-01
0.000000000000000000e+00 -4.908500507655534362e-01 -4.183811696630509447e-01
0.000000000000000000e+00 -4.995793645136090144e-01 -4.177493242191318013e-01
0.000000000000000000e+00 -5.082804871582987660e-01 -4.168918852533157193e-01
0.000000000000000000e+00 -5.169591405658344740e-01 -4.158120553213811577e-01
0.000000000000000000e+00 -5.256209728178830032e-01 -4.145142372084806848e-01
0.000000000000000000e+00 -5.342704424226923932e-01 -4.130036471970700562e-01
0.000000000000000000e+00 -5.429098337451018219e-01 -4.112858527514917650e-01
0.000000000000000000e+00 -5.515385002984970475e-01 -4.093662723808009773e-01
0.000000000000000000e+00 -5.601524072242594077e-01 -4.072496796660757812e-01
0.000000000000000000e+00 -5.687440123154549054e-01 -4.049397539912156785e-01
0.000000000000000000e+00 -5.773024896839620279e-01 -4.024387173009063012e-01
0.000000000000000000e+00 -5.858142652487204893e-01 -3.997470894692772836e-01
0.000000000000000000e+00 -5.942638021561671424e-01 -3.968635851614819021e-01
0.000000000000000000e+00 -6.026345500941223676e-01 -3.937851632436755178e-01
0.000000000000000000e+00 -6.109099575335789067e-01 -3.905072268788595813e-01
0.000000000000000000e+00 -6.190744415614140017e-01 -3.870239595773976027e-01
0.000000000000000000e+00 -6.271142163930715219e-01 -3.833287707963938806e-01
0.000000000000000000e+00 -6.350178980245393401e-01 -3.794148152468926893e-01
0.000000000000000000e+00 -6.427768269539224644e-01 -3.752755437230870794e-01
0.000000000000000000e+00 -6.503850808439202158e-01 -3.709052405923554674e-01
0.000000000000000000e+00 -6.578391812686829043e-01 -3.662995043321627953e-01
0.000000000000000000e+00 -6.651375299707524835e-01 -3.614556325729043618e-01
0.000000000000000000e+00 -6.722796371819955707e-01 -3.563728815650816228e-01
0.000000000000000000e+00 -6.792652248476674925e-01 -3.510525810909086442e-01
0.000000000000000000e+00 -6.860932990865936665e-01 -3.454980986022650469e-01
0.000000000000000000e+00 -6.927612879014334313e-01 -3.397146596559199039e-01
0.000000000000000000e+00 -6.992643320162981180e-01 -3.337090443510906668e-01
0.000000000000000000e+00 -7.055947997616951461e-01 -3.274891903286841766e-01
0.000000000000000000e+00 -7.117420730315061617e-01 -3.210637409991167757e-01
0.000000000000000000e+00 -7.176926230665274797e-01 -3.144415823047185254e-01
0.000000000000000000e+00 -7.234303651461673201e-01 -3.076314120815769049e-01
0.000000000000000000e+00 -7.289372532652443892e-01 -3.006413828993562132e-01
0.000000000000000000e+00 -7.341940523907196647e-01 -2.934788524136220933e-01
0.000000000000000000e+00 -7.391812092806091528e-01 -2.861502653773269067e-01
0.000000000000000000e+00 -7.438797347096013368e-01 -2.786611794109035700e-01
0.000000000000000000e+00 -7.482720109904368311e-01 -2.710164334994531465e-01
0.000000000000000000e+00 -7.523424486544125767e-01 -2.632204451405711354e-01
0.000000000000000000e+00 -7.560779338830808660e-01 -2.552776102665185176e-01
0.000000000000000000e+00 -7.594680317999344954e-01 -2.471927705544675058e-01
0.000000000000000000e+00 -7.625049374901169408e-01 -2.389717063559408661e-01
0.000000000000000000e+00 -7.651831937631048408e-01 -2.306216107777485369e-01
0.000000000000000000e+00 -7.674992193430814069e-01 -2.221515016587304880e-01
0.000000000000000000e+00 -7.694507107875079299e-01 -2.135725331887199097e-01
0.000000000000000000e+00 -7.710359939732055468e-01 -2.048981772527270762e-01
0.000000000000000000e+00 -7.722534051886537076e-01 -1.961442555067341720e-01
0.000000000000000000e+00 -7.731007773556451967e-01 -1.873288157306802482e-01
0.000000000000000000e+00 -7.735750942180947831e-01 -1.784718590529691118e-01
0.000000000000000000e+00 -7.736723558842716342e-01 -1.695949370572385762e-01
0.000000000000000000e+00 -7.733876750021939639e-01 -1.607206484903180577e-01
0.000000000000000000e+00 -7.727155966809234888e-01 -1.518720733753047836e-01
0.000000000000000000e+00 -7.716506098476462183e-01 -1.430721871208610330e-01
0.000000000000000000e+00 -7.701877957716414258e-01 -1.343432983298533390e-01
0.000000000000000000e+00 -7.683235433418894589e-01 -1.257065513970993254e-01
0.000000000000000000e+00 -7.660562520896551097e-01 -1.171815289241918967e-01
0.000000000000000000e+00 -7.633869438382213657e-01 -1.087859800441200175e-01
0.000000000000000000e+00 -7.603197122804685737e-01 -1.005356897573289471e-01
0.000000000000000000e+00 -7.568619558718900908e-01 -9.244449231799657662e-02
0.000000000000000000e+00 -7.530243615106897437e-01 -8.452441963518986245e-02
0.000000000000000000e+00 -7.488206322481767430e-01 -7.678596461001994944e-02
0.000000000000000000e+00 -7.442669790242602001e-01 -6.923843024814491098e-02
0.000000000000000000e+00 -7.393814213314147121e-01 -6.189032900727436948e-02
0.000000000000000000e+00 -7.341829621326527722e-01 -5.474979364952642369e-02
0.000000000000000000e+00 -7.286907161085770523e-01 -4.782496106609884085e-02
0.000000000000000000e+00 -7.229230758871335594e-01 -4.112429402311917892e-02
0.000000000000000000e+00 -7.168969976669460342e-01 -3.465681215427079270e-02
0.000000000000000000e+00 -7.106274758513895229e-01 -2.843221216619323116e-02
0.000000000000000000e+00 -7.041272571338993425e-01 -2.246086731424963220e-02
0.000000000000000000e+00 -6.974068198647981331e-01 -1.675370683305704364e-02
0.000000000000000000e+00 -6.904746170185930287e-01 -1.132198623311420939e-02
0.000000000000000000e+00 -6.833375535235451936e-01 -6.176968331926459971e-03
0.000000000000000000e+00 -6.760016439951845868e-01 -1.329541845923376542e-03
0.000000000000000000e+00 -6.684727776423416978e-01 3.210191199386596035e-03
0.000000000000000000e+00 -6.607575053513615737e-01 7.433326364423322764e-03
0.000000000000000000e+00 -6.528637609983477530e-01 1.133253433736035320e-02
0.000000000000000000e+00 -6.448014352796224147e-01 1.490237729263673913e-02
0.000000000000000000e+00 -6.365827352198552003e-01 1.813954222361196730e-02
0.000000000000000000e+00 -6.282222845423781621e-01 2.104297692948996906e-02
0.000000000000000000e+00 -6.197369470327748209e-01 2.361392265998624521e-02
0.000000000000000000e+00 -6.111453841247472818e-01 2.585584577244542936e-02
0.000000000000000000e+00 -6.024673861633548233e-01 2.777427839664135117e-02
0.000000000000000000e+00 -5.937230411909398820e-01 2.937658439479085004e-02
0.000000000000000000e+00 -5.849318230596648460e-01 3.067167136681680714e-02
0.000000000000000000e+00 -5.761116902485785563e-01 3.166967179609530419e-02
0.000000000000000000e+00 -5.672782868529847589e-01 3.238161658375366542e-02
0.000000000000000000e+00 -5.584443276983942495e-01 3.281912231480579173e-02
0.000000000000000000e+00 -5.496192312924064183e-01 3.299410995910235372e-02
0.000000000000000000e+00 -5.408090391715354439e-01 3.291856780399179255e-02
0.000000000000000000e+00 -5.320166306807732060e-01 3.260436580875371998e-02
0.000000000000000000e+00 -5.232422113885740744e-01 3.206312286401429013e-02
0.000000000000000000e+00 -5.144840244180562960e-01 3.130612320812327376e-02
0.000000000000000000e+00 -5.057392100437181348e-01 3.034427399141529508e-02
0.000000000000000000e+00 -4.970047225637950761e-01 2.918809305610311697e-02
0.000000000000000000e+00 -4.882782065591164677e-01 2.784771462349279122e-02
0.000000000000000000e+00 -4.795587380775287456e-01 2.633290078768395215e-02
0.000000000000000000e+00 -4.708473498566760895e-01 2.465304837279159653e-02
0.000000000000000000e+00 -4.621472821648769935e-01 2.281718353687117382e-02
0.000000000000000000e+00 -4.534639299874392293e-01 2.083394010388264772e-02
0.000000000000000000e+00 -4.448044901528080963e-01 1.871152151033602870e-02
0.000000000000000000e+00 -4.361773451626404507e-01 1.645764998340632987e-02
0.000000000000000000e+00 -4.275912504363315603e-01 1.407950967410890111e-02
0.000000000000000000e+00 -4.190544151334265055e-01 1.158369258521879837e-02
0.000000000000000000e+00 -4.105735810088120274e-01 8.976157009669192763e-03
0.000000000000000000e+00 -4.021532071123820051e-01 6.262207724119561725e-03
0.000000000000000000e+00 -3.937948598955628987e-01 3.446505408444782217e-03
0.000000000000000000e+00 -3.854968889609327043e-01 5.331098738057682288e-04
0.000000000000000000e+00 -3.772544399961378914e-01 -2.474442008577426837e-03
0.000000000000000000e+00 -3.690598211127603112e-01 -5.573026877915232720e-03
0.000000000000000000e+00 -3.609032003903556718e-01 -8.759801199635220900e-03
0.000000000000000000e+00 -3.527735748736448573e-01 -1.203205412490078278e-02
0.000000000000000000e+00 -3.446599186027888284e-01 -1.538706034938229668e-02
0.000000000000000000e+00 -3.365523931261252266e-01 -1.882194787371606337e-02
0.000000000000000000e+00 -3.284434912562862463e-01 -2.233359560834092053e-02
0.000000000000000000e+00 -3.203289854183660745e-01 -2.591857434023605786e-02
0.000000000000000000e+00 -3.122085663424968294e-01 -2.957314177279702153e-02
0.000000000000000000e+00 -3.040860852174934181e-01 -3.329329838127634278e-02
0.000000000000000000e+00 -2.959693505323824358e-01 -3.707490602581522271e-02
0.000000000000000000e+00 -2.878694762869001833e-01 -4.091386604285251333e-02
0.000000000000000000e+00 -2.797998267576080056e-01 -4.480634834451173443e-02
0.000000000000000000e+00 -2.717746497729217614e-01 -4.874905834259088411e-02
0.000000000000000000e+00 -2.638075306461684644e-01 -5.273952468291568524e-02
0.000000000000000000e+00 -2.559098281418371035e-01 -5.677638815031350872e-02
0.000000000000000000e+00 -2.480892685886029736e-01 -6.085967089931568208e-02
0.000000000000000000e+00 -2.403488722438769654e-01 -6.499100547116505588e-02
0.000000000000000000e+00 -2.326863665248916080e-01 -6.917380483524177004e-02
0.000000000000000000e+00 -2.250942046725305234e-01 -7.341335778359507624e-02
0.000000000000000000e+00 -2.175602583584879957e-01 -7.771683815077960744e-02
0.000000000000000000e+00 -2.100691926852245872e-01 -8.209322119455990385e-02
0.000000000000000000e+00 -2.026044670871860465e-01 -8.655310568387221404e-02
0.000000000000000000e+00 -1.951508416298415871e-01 -9.110844542248194844e-02
0.000000000000000000e+00 -1.876972110938443239e-01 -9.577219874365328067e-02
0.000000000000000000e+00 -1.802395446136906554e-01 -1.005579086548004514e-01
0.000000000000000000e+00 -1.727836811877238032e-01 -1.054792295823300113e-01
0.000000000000000000e+00 -1.653477243888716586e-01 -1.105494189464636401e-01
0.000000000000000000e+00 -1.579637946627752143e-01 -1.157808130551135767e-01
0.000000000000000000e+00 -1.506789343647506885e-01 -1.211843070980164333e-01
0.000000000000000000e+00 -1.435550168788145009e-01 -1.267688584651689709e-01
0.000000000000000000e+00 -1.366675827064906812e-01 -1.325410313671976925e-01
0.000000000000000000e+00 -1.301036067580613742e-01 -1.385045989765859853e-01
0.000000000000000000e+00 -1.239582856500074520e-01 -1.446602172070423353e-01
0.000000000000000000e+00 -1.183310145706682470e-01 -1.510051819445766830e-01
0.000000000000000000e+00 -1.133207933276679930e-01 -1.575332791357592632e-01
0.000000000000000000e+00 -1.090213543943014673e-01 -1.642347346740116176e-01
0.000000000000000000e+00 -1.055163372903847874e-01 -1.710962685034716491e-01
0.000000000000000000e+00 -1.028748403759548735e-01 -1.781012547440538885e-01
0.000000000000000000e+00 -1.003644996058046662e-01 -1.924600440086911557e-01
