0.000000000000000000e+00 -1.229584201038904090e-01 4.183697684085273538e-01
0.000000000000000000e+00 -1.226135650914950415e-01 4.163070828272857904e-01
0.000000000000000000e+00 -1.223444279584748329e-01 4.142402913642282969e-01
0.000000000000000000e+00 -1.221513142441398581e-01 4.121712918856142438e-01
0.000000000000000000e+00 -1.220344491621853655e-01 4.101019886492262012e-01
0.000000000000000000e+00 -1.219939772417494017e-01 4.080342909681230479e-01
0.000000000000000000e+00 -1.220299620695510789e-01 4.059701118506336415e-01
0.000000000000000000e+00 -1.221423861338190309e-01 4.039113666158690163e-01
0.000000000000000000e+00 -1.223311507705319573e-01 4.018599714841291637e-01
0.000000000000000000e+00 -1.225960762123049635e-01 3.998178421417014072e-01
0.000000000000000000e+00 -1.229369017400649133e-01 3.977868922796652384e-01
0.000000000000000000e+00 -1.233532859374660701e-01 3.957690321064529226e-01
0.000000000000000000e+00 -1.238448070478071900e-01 3.937661668340501353e-01
0.000000000000000000e+00 -1.244109634330181346e-01 3.917801951378646064e-01
0.000000000000000000e+00 -1.250511741340949445e-01 3.898130075904412406e-01
0.000000000000000000e+00 -1.257647795321716888e-01 3.878664850693554489e-01
0.000000000000000000e+00 -1.265510421092311266e-01 3.859424971397757420e-01
0.000000000000000000e+00 -1.274091473072694602e-01 3.840429004123509515e-01
0.000000000000000000e+00 -1.283382044845499947e-01 3.821695368772390911e-01
0.000000000000000000e+00 -1.293372479673996212e-01 3.803242322152691757e-01
0.000000000000000000e+00 -1.304052381958289708e-01 3.785087940873899659e-01
0.000000000000000000e+00 -1.315410629610845594e-01 3.767250104037374592e-01
0.000000000000000000e+00 -1.327435387330771210e-01 3.749746475738171547e-01
0.000000000000000000e+00 -1.340114120754688221e-01 3.732594487394721439e-01
0.000000000000000000e+00 -1.353433611460476138e-01 3.715811319924743339e-01
0.000000000000000000e+00 -1.367379972798688503e-01 3.699413885787421474e-01
0.000000000000000000e+00 -1.381938666525019954e-01 3.683418810913538510e-01
0.000000000000000000e+00 -1.397094520205852952e-01 3.667842416546833184e-01
0.000000000000000000e+00 -1.412831745367640890e-01 3.652700701021413532e-01
0.000000000000000000e+00 -1.429133956359679714e-01 3.638009321501560200e-01
0.000000000000000000e+00 -1.445984189898704697e-01 3.623783575711692628e-01
0.000000000000000000e+00 -1.463364925262706506e-01 3.610038383685655883e-01
0.000000000000000000e+00 -1.481258105100410061e-01 3.596788269565775464e-01
0.000000000000000000e+00 -1.499645156821997061e-01 3.584047343483379722e-01
0.000000000000000000e+00 -1.518507014535865063e-01 3.571829283553592527e-01
0.000000000000000000e+00 -1.537824141495542640e-01 3.560147318018288543e-01
0.000000000000000000e+00 -1.557576553020272592e-01 3.549014207572013246e-01
0.000000000000000000e+00 -1.577743839852278063e-01 3.538442227906561377e-01
0.000000000000000000e+00 -1.598305191913320378e-01 3.528443152510614134e-01
0.000000000000000000e+00 -1.619239422422829588e-01 3.519028235761488266e-01
0.000000000000000000e+00 -1.640524992339676968e-01 3.510208196346549236e-01
0.000000000000000000e+00 -1.662140035089529622e-01 3.501993201052260307e-01
0.000000000000000000e+00 -1.684062381539671582e-01 3.494392848959076980e-01
0.000000000000000000e+00 -1.706269585183267934e-01 3.487416156080581087e-01
0.000000000000000000e+00 -1.728738947495146727e-01 3.481071540485231597e-01
0.000000000000000000e+00 -1.751447543421449371e-01 3.475366807939038738e-01
0.000000000000000000e+00 -1.774372246965795485e-01 3.470309138107182112e-01
0.000000000000000000e+00 -1.797489756835023433e-01 3.465905071352265998e-01
0.000000000000000000e+00 -1.820776622108057630e-01 3.462160496166369894e-01
0.000000000000000000e+00 -1.844209267892017168e-01 3.459080637273410641e-01
0.000000000000000000e+00 -1.867764020930333391e-01 3.456670044437607503e-01
0.000000000000000000e+00 -1.891417135128353189e-01 3.454932582012890108e-01
0.000000000000000000e+00 -1.915144816962708330e-01 3.453871419267083853e-01
0.000000000000000000e+00 -1.938923250741575455e-01 3.453489021513586055e-01
0.000000000000000000e+00 -1.962728623683878404e-01 3.453787142081903294e-01
0.000000000000000000e+00 -1.986537150786466532e-01 3.454766815157084836e-01
0.000000000000000000e+00 -2.010325099449328801e-01 3.456428349516544318e-01
0.000000000000000000e+00 -2.034068813829996714e-01 3.458771323191131564e-01
0.000000000000000000e+00 -2.057744738899421610e-01 3.461794579075617717e-01
0.000000000000000000e+00 -2.081329444172769216e-01 3.465496221511841224e-01
0.000000000000000000e+00 -2.104799647089822812e-01 3.469873613865947504e-01
0.000000000000000000e+00 -2.128132236020874313e-01 3.474923377118990797e-01
0.000000000000000000e+00 -2.151304292875320101e-01 3.480641389488166038e-01
0.000000000000000000e+00 -2.174293115291402456e-01 3.487022787093681520e-01
0.000000000000000000e+00 -2.197076238386918290e-01 3.494061965684037152e-01
0.000000000000000000e+00 -2.219631456051986695e-01 3.501752583430138843e-01
0.000000000000000000e+00 -2.241936841766336841e-01 3.510087564796302018e-01
0.000000000000000000e+00 -2.263970768924898069e-01 3.519059105493733131e-01
0.000000000000000000e+00 -2.285711930656820767e-01 3.528658678519617231e-01
0.000000000000000000e+00 -2.307139359124370792e-01 3.538877041282411096e-01
0.000000000000000000e+00 -2.328232444289494718e-01 3.549704243811409587e-01
0.000000000000000000e+00 -2.348970952137114099e-01 3.561129638046056645e-01
0.000000000000000000e+00 -2.369335042345530606e-01 3.573141888197963190e-01
0.000000000000000000e+00 -2.389305285395570688e-01 3.585728982175944712e-01
0.000000000000000000e+00 -2.408862679111333227e-01 3.598878244061897713e-01
0.000000000000000000e+00 -2.427988664626615778e-01 3.612576347622721284e-01
0.000000000000000000e+00 -2.446665141772251806e-01 3.626809330841016532e-01
0.000000000000000000e+00 -2.464874483880739320e-01 3.641562611444771336e-01
0.000000000000000000e+00 -2.482599552005608778e-01 3.656821003413783244e-01
0.000000000000000000e+00 -2.499823708554042567e-01 3.672568734438209637e-01
0.000000000000000000e+00 -2.516530830332230351e-01 3.688789464302231202e-01
0.000000000000000000e+00 -2.532705321003912435e-01 3.705466304163579916e-01
0.000000000000000000e+00 -2.548332122963437585e-01 3.722581836697456681e-01
0.000000000000000000e+00 -2.563396728625506604e-01 3.740118137071237747e-01
0.000000000000000000e+00 -2.577885191134552390e-01 3.758056794714324522e-01
0.000000000000000000e+00 -2.591784134497417957e-01 3.776378935845558504e-01
0.000000000000000000e+00 -2.605080763143679534e-01 3.795065246718756780e-01
0.000000000000000000e+00 -2.617762870918521889e-01 3.814095997545212113e-01
0.000000000000000000e+00 -2.629818849513662626e-01 3.833451067050346883e-01
0.000000000000000000e+00 -2.641237696342252916e-01 3.853109967620224063e-01
0.000000000000000000e+00 -2.652009021864121241e-01 3.873051870992215151e-01
0.000000000000000000e+00 -2.662123056368081442e-01 3.893255634442893132e-01
0.000000000000000000e+00 -2.671570656218295592e-01 3.913699827425051736e-01
0.000000000000000000e+00 -2.680343309571940891e-01 3.934362758604806332e-01
0.000000000000000000e+00 -2.688433141575575225e-01 3.955222503248856381e-01
0.000000000000000000e+00 -2.695832919047724263e-01 3.976256930911252763e-01
0.000000000000000000e+00 -2.702536054655252928e-01 3.997443733368513108e-01
0.000000000000000000e+00 -2.708536610591092408e-01 4.018760452751423129e-01
0.000000000000000000e+00 -2.713829301760833368e-01 4.040184509821652670e-01
0.000000000000000000e+00 -2.718409498485601650e-01 4.061693232341131998e-01
0.000000000000000000e+00 -2.722273228728440686e-01 4.083263883482187162e-01
0.000000000000000000e+00 -2.725417179851278293e-01 4.104873690226564786e-01
0.000000000000000000e+00 -2.727838699909260201e-01 4.126499871701808653e-01
0.000000000000000000e+00 -2.729535798488972875e-01 4.148119667403883382e-01
0.000000000000000000e+00 -2.730507147096753462e-01 4.169710365255530071e-01
0.000000000000000000e+00 -2.730752079102912733e-01 4.191249329450585370e-01
0.000000000000000000e+00 -2.730270589247330015e-01 4.212714028035362546e-01
0.000000000000000000e+00 -2.729063332711453849e-01 4.234082060179151230e-01
0.000000000000000000e+00 -2.727131623761300805e-01 4.255331183087112668e-01
0.000000000000000000e+00 -2.724477433965604156e-01 4.276439338509970822e-01
0.000000000000000000e+00 -2.721103389992779453e-01 4.297384678806422387e-01
0.000000000000000000e+00 -2.717012770989891690e-01 4.318145592515535425e-01
0.000000000000000000e+00 -2.712209505546338550e-01 4.338700729398114464e-01
0.000000000000000000e+00 -2.706698168244446312e-01 4.359029024907634664e-01
0.000000000000000000e+00 -2.700483975798692593e-01 4.379109724053193431e-01
0.000000000000000000e+00 -2.693572782784798281e-01 4.398922404618780813e-01
0.000000000000000000e+00 -2.685971076959429160e-01 4.418446999705161748e-01
0.000000000000000000e+00 -2.677685974170801453e-01 4.437663819562698841e-01
0.000000000000000000e+00 -2.668725212860029172e-01 4.456553572685560960e-01
0.000000000000000000e+00 -2.659097148152625989e-01 4.475097386139939570e-01
0.000000000000000000e+00 -2.648810745539169065e-01 4.493276825101114591e-01
0.000000000000000000e+00 -2.637875574143764279e-01 4.511073911576505280e-01
0.000000000000000000e+00 -2.626301799578603102e-01 4.528471142294111518e-01
0.000000000000000000e+00 -2.614100176382587182e-01 4.545451505738150044e-01
0.000000000000000000e+00 -2.601282040041738020e-01 4.561998498315971706e-01
0.000000000000000000e+00 -2.587859298588869872e-01 4.578096139642794382e-01
0.000000000000000000e+00 -2.573844423779820811e-01 4.593728986933093839e-01
0.000000000000000000e+00 -2.559250441843389234e-01 4.608882148489920061e-01
0.000000000000000000e+00 -2.544090923802039828e-01 4.623541296285707536e-01
0.000000000000000000e+00 -2.528379975360403598e-01 4.637692677630541604e-01
0.000000000000000000e+00 -2.512132226358579357e-01 4.651323125926096202e-01
0.000000000000000000e+00 -2.495362819787358133e-01 4.664420070505772564e-01
0.000000000000000000e+00 -2.478087400362558868e-01 4.676971545563758381e-01
0.000000000000000000e+00 -2.460322102655878584e-01 4.688966198177925149e-01
0.000000000000000000e+00 -2.442083538779875052e-01 4.700393295433588081e-01
0.000000000000000000e+00 -2.423388785624996378e-01 4.711242730657190791e-01
0.000000000000000000e+00 -2.404255371646930317e-01 4.721505028770983103e-01
0.000000000000000000e+00 -2.384701263202927690e-01 4.731171350781607221e-01
0.000000000000000000e+00 -2.364744850436265033e-01 4.740233497417390973e-01
0.000000000000000000e+00 -2.344404932708488432e-01 4.748683911930793311e-01
0.000000000000000000e+00 -2.323700703579692217e-01 4.756515682084133112e-01
0.000000000000000000e+00 -2.302651735337708505e-01 4.763722541338225591e-01
0.000000000000000000e+00 -2.281277963077785464e-01 4.770298869264991137e-01
0.000000000000000000e+00 -2.259599668335048328e-01 4.776239691206402571e-01
0.000000000000000000e+00 -2.237637462272873967e-01 4.781540677203342526e-01
0.000000000000000000e+00 -2.215412268431100618e-01 4.786198140219039554e-01
0.000000000000000000e+00 -2.192945305038925541e-01 4.790209033682698014e-01
0.000000000000000000e+00 -2.170258066898252403e-01 4.793570948379810015e-01
0.000000000000000000e+00 -2.147372306844216316e-01 4.796282108716357628e-01
0.000000000000000000e+00 -2.124310016790645905e-01 4.798341368384710370e-01
0.000000000000000000e+00 -2.101093408369242577e-01 4.799748205459520856e-01
0.000000000000000000e+00 -2.077744893172339125e-01 4.800502716952278481e-01
0.000000000000000000e+00 -2.054287062610204162e-01 4.800605612853414139e-01
0.000000000000000000e+00 -2.030742667394973555e-01 4.800058209690978295e-01
0.000000000000000000e+00 -2.007134596664434945e-01 4.798862423634894792e-01
0.000000000000000000e+00 -1.983485856760047461e-01 4.797020763175688374e-01
0.000000000000000000e+00 -1.959819549674751138e-01 4.794536321406348556e-01
0.000000000000000000e+00 -1.936158851187279317e-01 4.791412767935616657e-01
0.000000000000000000e+00 -1.912526988700879171e-01 4.787654340460569258e-01
0.000000000000000000e+00 -1.888947218805497319e-01 4.783265836025763496e-01
0.000000000000000000e+00 -1.865442804583669900e-01 4.778252601995568449e-01
0.000000000000000000e+00 -1.842036992681493901e-01 4.772620526765535276e-01
0.000000000000000000e+00 -1.818752990167189776e-01 4.766376030237808870e-01
0.000000000000000000e+00 -1.795613941200890351e-01 4.759526054084627922e-01
0.000000000000000000e+00 -1.772642903540360415e-01 4.752078051822947180e-01
0.000000000000000000e+00 -1.749862824908418879e-01 4.744039978722116024e-01
0.000000000000000000e+00 -1.727296519248844309e-01 4.735420281565368428e-01
0.000000000000000000e+00 -1.704966642898526619e-01 4.726227888284648682e-01
0.000000000000000000e+00 -1.682895670704571411e-01 4.716472197487021067e-01
0.000000000000000000e+00 -1.661105872115927751e-01 4.706163067889548302e-01
0.000000000000000000e+00 -1.639619287279967252e-01 4.695310807678165221e-01
0.000000000000000000e+00 -1.618457703175196771e-01 4.683926163804653653e-01
0.000000000000000000e+00 -1.597642629812015547e-01 4.672020311234343914e-01
0.000000000000000000e+00 -1.577195276534074375e-01 4.659604842155772864e-01
0.000000000000000000e+00 -1.557136528453373359e-01 4.646691755161977411e-01
0.000000000000000000e+00 -1.537486923052746035e-01 4.633293444411653028e-01
0.000000000000000000e+00 -1.518266626989827894e-01 4.619422688776940178e-01
0.000000000000000000e+00 -1.499495413136939792e-01 4.605092640983066143e-01
0.000000000000000000e+00 -1.481192637891631247e-01 4.590316816743685302e-01
0.000000000000000000e+00 -1.463377218792795142e-01 4.575109083894278172e-01
0.000000000000000000e+00 -1.446067612477406339e-01 4.559483651524569581e-01
0.000000000000000000e+00 -1.429281793012943391e-01 4.543455059109582916e-01
0.000000000000000000e+00 -1.413037230640514230e-01 4.527038165637600198e-01
0.000000000000000000e+00 -1.397350870963538216e-01 4.510248138732048107e-01
0.000000000000000000e+00 -1.382239114616628517e-01 4.493100443763085039e-01
0.000000000000000000e+00 -1.367717797448963213e-01 4.475610832943551221e-01
0.000000000000000000e+00 -1.353802171256038300e-01 4.457795334402837595e-01
0.000000000000000000e+00 -1.340506885093193101e-01 4.439670241231209458e-01
0.000000000000000000e+00 -1.327845967203672706e-01 4.421252100486237624e-01
0.000000000000000000e+00 -1.315832807593350084e-01 4.402557702152083974e-01
0.000000000000000000e+00 -1.304480141283429762e-01 4.383604068041691559e-01
0.000000000000000000e+00 -1.293800032271600897e-01 4.364408440631211139e-01
0.000000000000000000e+00 -1.283803858231168382e-01 4.344988271815470315e-01
0.000000000000000000e+00 -1.274502295976664146e-01 4.325361211572799625e-01
0.000000000000000000e+00 -1.265905307723324824e-01 4.305545096527159110e-01
0.000000000000000000e+00 -1.258022128166646492e-01 4.285557938395258004e-01
0.000000000000000000e+00 -1.250861252406946789e-01 4.265417912306197490e-01
0.000000000000000000e+00 -1.244430424742553193e-01 4.245143344981089917e-01
0.000000000000000000e+00 -1.238736628353813152e-01 4.224752702760208867e-01
0.000000000000000000e+00 -1.229584201038904090e-01 4.183697684085273538e-01
