5.545180066617276804e-01 0.000000000000000000e+00 -2.767135046420599043e-01
5.651758353794220646e-01 0.000000000000000000e+00 -2.857979348553043031e-01
5.760171505137692272e-01 0.000000000000000000e+00 -2.956788026557417015e-01
5.871660334512883717e-01 0.000000000000000000e+00 -3.066162765852235017e-01
5.985698885208287079e-01 0.000000000000000000e+00 -3.187221024506460276e-01
6.100075801189152047e-01 0.000000000000000000e+00 -3.319467625868599003e-01
6.211407003428445206e-01 0.000000000000000000e+00 -3.461100879263634966e-01
6.315914717995660954e-01 0.000000000000000000e+00 -3.609642079662656045e-01
6.410234974429462884e-01 0.000000000000000000e+00 -3.762681678609390290e-01
6.492018679997122454e-01 0.000000000000000000e+00 -3.918507626584790682e-01
6.560167202326375735e-01 0.000000000000000000e+00 -4.076428469142920896e-01
6.614665487101564212e-01 0.000000000000000000e+00 -4.236708314834733424e-01
6.656103357254246067e-01 0.000000000000000000e+00 -4.400157207434550188e-01
6.685067708933926101e-01 0.000000000000000000e+00 -4.567527260853514459e-01
6.701616982559406299e-01 0.000000000000000000e+00 -4.738918656159198384e-01
6.705008608246534330e-01 0.000000000000000000e+00 -4.913385480390795035e-01
6.693757128520624322e-01 0.000000000000000000e+00 -5.088857463249294444e-01
6.665988668746548607e-01 0.000000000000000000e+00 -5.262387154167631476e-01
6.619964014755979065e-01 0.000000000000000000e+00 -5.430629424548182316e-01
6.554597002978971299e-01 0.000000000000000000e+00 -5.590394491803952759e-01
6.469808737528507381e-01 0.000000000000000000e+00 -5.739105888451685455e-01
6.366622308028371258e-01 0.000000000000000000e+00 -5.875040200727922324e-01
6.246992017868682190e-01 0.000000000000000000e+00 -5.997306966974252918e-01
6.113443941163986262e-01 0.000000000000000000e+00 -6.105615087147560072e-01
5.968653949757759536e-01 0.000000000000000000e+00 -6.199936642042483959e-01
5.815091879494868055e-01 0.000000000000000000e+00 -6.280200390673519317e-01
5.654820132999088811e-01 0.000000000000000000e+00 -6.346121721767500334e-01
5.489470130344036303e-01 0.000000000000000000e+00 -6.397216021391100016e-01
5.320355863737764590e-01 0.000000000000000000e+00 -6.432971619707780198e-01
5.148642971606689489e-01 0.000000000000000000e+00 -6.453102042427204532e-01
4.975486272959521727e-01 0.000000000000000000e+00 -6.457773689948415052e-01
4.802076623766982078e-01 0.000000000000000000e+00 -6.447720006707856610e-01
4.629585155208505443e-01 0.000000000000000000e+00 -6.424198575966296731e-01
4.459039371646664196e-01 0.000000000000000000e+00 -6.388805287395789012e-01
4.291193202269028006e-01 0.000000000000000000e+00 -6.343208734872113341e-01
4.126452596682229079e-01 0.000000000000000000e+00 -6.288891875611866134e-01
3.964891963808257480e-01 0.000000000000000000e+00 -6.226980278513390976e-01
3.806356989849489780e-01 0.000000000000000000e+00 -6.158202045850525996e-01
3.650613040002486098e-01 0.000000000000000000e+00 -6.082977571501364533e-01
3.497480084031662773e-01 0.000000000000000000e+00 -6.001594852276557202e-01
3.346901621691080186e-01 0.000000000000000000e+00 -5.914402287111606427e-01
3.198922964977641836e-01 0.000000000000000000e+00 -5.821952311383234990e-01
3.053591601586244098e-01 0.000000000000000000e+00 -5.725053071182448772e-01
2.910823955008408626e-01 0.000000000000000000e+00 -5.624721393741862752e-01
2.770296151551089880e-01 0.000000000000000000e+00 -5.522065050580106105e-01
2.631406487017103890e-01 0.000000000000000000e+00 -5.418143977378986342e-01
2.493328567879926350e-01 0.000000000000000000e+00 -5.313862597129859200e-01
2.355138337001061177e-01 0.000000000000000000e+00 -5.209929768541756712e-01
2.215969663586340455e-01 0.000000000000000000e+00 -5.106896283945292492e-01
2.075143006532238210e-01 0.000000000000000000e+00 -5.005252335615224535e-01
1.932223507558748221e-01 0.000000000000000000e+00 -4.905548167816657923e-01
1.786993638338463253e-01 0.000000000000000000e+00 -4.808495563984979682e-01
1.639359532688917376e-01 0.000000000000000000e+00 -4.715016048356164835e-01
1.489235823802338987e-01 0.000000000000000000e+00 -4.626219393801713764e-01
1.336461103058164124e-01 0.000000000000000000e+00 -4.543316563734841051e-01
1.180782333930031625e-01 0.000000000000000000e+00 -4.467488171683970943e-01
1.021917345858091714e-01 0.000000000000000000e+00 -4.399738811719495213e-01
8.596715756115730356e-02 0.000000000000000000e+00 -4.340768224946462972e-01
6.940615815454989623e-02 0.000000000000000000e+00 -4.290883931166963317e-01
5.253928652788287385e-02 0.000000000000000000e+00 -4.249969758614993154e-01
3.542552035813179012e-02 0.000000000000000000e+00 -4.217513671457290281e-01
1.814289892144398120e-02 0.000000000000000000e+00 -4.192688434169618561e-01
7.729343696523650019e-04 0.000000000000000000e+00 -4.174470803581970535e-01
-1.661617342891471422e-02 0.000000000000000000e+00 -4.161779276122345439e-01
-3.398200791617451977e-02 0.000000000000000000e+00 -4.153607161445638241e-01
-5.131213340860329292e-02 0.000000000000000000e+00 -4.149127595496864829e-01
-6.861904140724271739e-02 0.000000000000000000e+00 -4.147751029180063997e-01
-8.592814311067463462e-02 0.000000000000000000e+00 -4.149124292635829603e-01
-1.032634489397326050e-01 0.000000000000000000e+00 -4.153072818997035620e-01
-1.206361406724194840e-01 0.000000000000000000e+00 -4.159501553539283192e-01
-1.380398735867337801e-01 0.000000000000000000e+00 -4.168281607360351804e-01
-1.554539241548389406e-01 0.000000000000000000e+00 -4.179154741735581768e-01
-1.728522961882860698e-01 0.000000000000000000e+00 -4.191683591866416370e-01
-1.902147580900576118e-01 0.000000000000000000e+00 -4.205262265707234715e-01
-2.075352805945884505e-01 0.000000000000000000e+00 -4.219183002671509364e-01
-2.248245988695576625e-01 0.000000000000000000e+00 -4.232735893210995970e-01
-2.421060769359194009e-01 0.000000000000000000e+00 -4.245306786910482688e-01
-2.594067066071171213e-01 0.000000000000000000e+00 -4.256438168801467969e-01
-2.767468884165736331e-01 0.000000000000000000e+00 -4.265829858197149882e-01
-2.941329443924748932e-01 0.000000000000000000e+00 -4.273277262475826954e-01
-3.115550438834540081e-01 0.000000000000000000e+00 -4.278567464232644335e-01
-3.289909438520402518e-01 0.000000000000000000e+00 -4.281369432083947379e-01
-3.464135920485962861e-01 0.000000000000000000e+00 -4.281157903959624256e-01
-3.637991494395608205e-01 0.000000000000000000e+00 -4.277199252428168785e-01
-3.811319184609135435e-01 0.000000000000000000e+00 -4.268605553782874873e-01
-3.984039935600405813e-01 0.000000000000000000e+00 -4.254438077589936529e-01
-4.156096009117304368e-01 0.000000000000000000e+00 -4.233822876983997507e-01
-4.327361781150041442e-01 0.000000000000000000e+00 -4.206036397649025038e-01
-4.497554329634119163e-01 0.000000000000000000e+00 -4.170530357522044262e-01
-4.666174751287121558e-01 0.000000000000000000e+00 -4.126888807867724607e-01
-4.832497561714094170e-01 0.000000000000000000e+00 -4.074737597722118965e-01
-4.995605963005214090e-01 0.000000000000000000e+00 -4.013646994205689045e-01
-5.154453641013306830e-01 0.000000000000000000e+00 -3.943073712126529684e-01
-5.307926242547108542e-01 0.000000000000000000e+00 -3.862376273210773592e-01
-5.454880679869582583e-01 0.000000000000000000e+00 -3.770911373146581536e-01
-5.594155358668138067e-01 0.000000000000000000e+00 -3.668188179519411563e-01
-5.724562409663138673e-01 0.000000000000000000e+00 -3.554033678384175277e-01
-5.844885688160446069e-01 0.000000000000000000e+00 -3.428714551771885333e-01
-5.953909509954753432e-01 0.000000000000000000e+00 -3.292972998303344001e-01
-6.050491516225657840e-01 0.000000000000000000e+00 -3.147961521265196794e-01
-6.133673011464012559e-01 0.000000000000000000e+00 -2.995095135586102186e-01
-6.202799892612523847e-01 0.000000000000000000e+00 -2.835866452316496700e-01
-6.257615818021058374e-01 0.000000000000000000e+00 -2.671679690167756971e-01
-6.298292377723986313e-01 0.000000000000000000e+00 -2.503749925019149170e-01
-6.325378833800942013e-01 0.000000000000000000e+00 -2.333087573247514257e-01
-6.339680539106270496e-01 0.000000000000000000e+00 -2.160555295893538397e-01
-6.342100492867099870e-01 0.000000000000000000e+00 -1.986957818012449473e-01
-6.333492590280392909e-01 0.000000000000000000e+00 -1.813114873426626139e-01
-6.314571809125782975e-01 0.000000000000000000e+00 -1.639877555464299419e-01
-6.285906237130252094e-01 0.000000000000000000e+00 -1.468074749729469108e-01
-6.247985559543305367e-01 0.000000000000000000e+00 -1.298408497199661504e-01
-6.201331664204926541e-01 0.000000000000000000e+00 -1.131342058593006045e-01
-6.146600582134839064e-01 0.000000000000000000e+00 -9.670317231513418654e-02
-6.084627819572024920e-01 0.000000000000000000e+00 -8.053394439914217384e-02
-6.016390770562788370e-01 0.000000000000000000e+00 -6.459330367287964558e-02
-5.942894552473931835e-01 0.000000000000000000e+00 -4.884455598362565099e-02
-5.865018989719053000e-01 0.000000000000000000e+00 -3.326395902220562889e-02
-5.783382389315210315e-01 0.000000000000000000e+00 -1.785163102487139636e-02
-5.698274812299547465e-01 0.000000000000000000e+00 -2.632700419123406091e-03
-5.609690134389462290e-01 0.000000000000000000e+00 1.235200546025128944e-02
-5.517450537287755807e-01 0.000000000000000000e+00 2.706242765094817385e-02
-5.421382307613682450e-01 0.000000000000000000e+00 4.147666238209087031e-02
-5.321481089289481492e-01 0.000000000000000000e+00 5.560236610612474123e-02
-5.218006212322245929e-01 0.000000000000000000e+00 6.947723888065816811e-02
-5.111467423112726616e-01 0.000000000000000000e+00 8.315758863217699581e-02
-5.002504984533684418e-01 0.000000000000000000e+00 9.669846251691119332e-02
-4.891702110848705209e-01 0.000000000000000000e+00 1.101321497773425362e-01
-4.779393197645158686e-01 0.000000000000000000e+00 1.234526898710967546e-01
-4.665533354402348620e-01 0.000000000000000000e+00 1.366119474540758716e-01
-4.549673666044060649e-01 0.000000000000000000e+00 1.495285352875565521e-01
-4.431050232861609151e-01 0.000000000000000000e+00 1.621059529857110659e-01
-4.308756751114910521e-01 0.000000000000000000e+00 1.742526496508491340e-01
-4.181944087249944153e-01 0.000000000000000000e+00 1.858957940082173743e-01
-4.049985142326886778e-01 0.000000000000000000e+00 1.969828373873620808e-01
-3.912560373902870814e-01 0.000000000000000000e+00 2.074697501964349322e-01
-3.769651340610702950e-01 0.000000000000000000e+00 2.173003709708488940e-01
-3.621463822318028991e-01 0.000000000000000000e+00 2.263855147773503607e-01
-3.468325267227040931e-01 0.000000000000000000e+00 2.345916323587654284e-01
-3.310605021571866868e-01 0.000000000000000000e+00 2.417462475598614602e-01
-3.148689420963912133e-01 0.000000000000000000e+00 2.476618414529667411e-01
-2.983014810292091701e-01 0.000000000000000000e+00 2.521731642203184909e-01
-2.814132333751019899e-01 0.000000000000000000e+00 2.551775200126184528e-01
-2.642761277283439680e-01 0.000000000000000000e+00 2.566654247480695261e-01
-2.469790184736855576e-01 0.000000000000000000e+00 2.567311239955915592e-01
-2.296206189750852056e-01 0.000000000000000000e+00 2.555582440195141025e-01
-2.122964451878945613e-01 0.000000000000000000e+00 2.533834726061898190e-01
-1.950838232442620446e-01 0.000000000000000000e+00 2.504480708754753815e-01
-1.780303723962723128e-01 0.000000000000000000e+00 2.469508459636061692e-01
-1.611505764907537053e-01 0.000000000000000000e+00 2.430156470811317693e-01
-1.444323120493515300e-01 0.000000000000000000e+00 2.386816756488874258e-01
-1.278515189639631566e-01 0.000000000000000000e+00 2.339175651031475678e-01
-1.113900111481533617e-01 0.000000000000000000e+00 2.286527976496721959e-01
-9.505002069193978220e-02 0.000000000000000000e+00 2.228150727139414367e-01
-7.886008244315033389e-02 0.000000000000000000e+00 2.163613151900839193e-01
-6.286999585879464447e-02 0.000000000000000000e+00 2.092932545732028582e-01
-4.713670185131085821e-02 0.000000000000000000e+00 2.016545954315735190e-01
-3.170641842748196659e-02 0.000000000000000000e+00 1.935134544755038044e-01
-1.659990746996772501e-02 0.000000000000000000e+00 1.849385685183836669e-01
-1.806645359669509839e-03 0.000000000000000000e+00 1.759791503108167621e-01
1.270969918967061567e-02 0.000000000000000000e+00 1.666558886780710180e-01
2.699645909951900805e-02 0.000000000000000000e+00 1.569655600048126265e-01
4.109352113498836861e-02 0.000000000000000000e+00 1.468960899948205390e-01
5.501848500012377491e-02 0.000000000000000000e+00 1.364448731337965792e-01
6.876142487840403161e-02 0.000000000000000000e+00 1.256322239376538308e-01
8.229159626834256502e-02 0.000000000000000000e+00 1.145042473415415069e-01
9.557374853948509552e-02 0.000000000000000000e+00 1.031241013979453391e-01
1.085878063627416512e-01 0.000000000000000000e+00 9.155562970266092893e-02
1.213441320520021877e-01 0.000000000000000000e+00 7.984661018508429353e-02
1.338880623409272053e-01 0.000000000000000000e+00 6.801906348942253488e-02
1.462914417452403637e-01 0.000000000000000000e+00 5.607109905262202404e-02
1.586339454184948483e-01 0.000000000000000000e+00 4.398985064806986561e-02
1.709811297093229154e-01 0.000000000000000000e+00 3.177018568499587192e-02
1.833676954887450972e-01 0.000000000000000000e+00 1.943110169890932201e-02
1.957926876881427303e-01 0.000000000000000000e+00 7.022281746699761060e-03
2.082288525636384613e-01 0.000000000000000000e+00 -5.382925008983363742e-03
2.206428048772017259e-01 0.000000000000000000e+00 -1.770622404483173512e-02
2.330181851902824453e-01 0.000000000000000000e+00 -2.988773419990330832e-02
2.453724392011226163e-01 0.000000000000000000e+00 -4.190432120778364578e-02
2.577599818203071824e-01 0.000000000000000000e+00 -5.377447453384455456e-02
2.702596563614226843e-01 0.000000000000000000e+00 -6.554612698321768405e-02
2.829506753894048265e-01 0.000000000000000000e+00 -7.727055504431756816e-02
2.958861975638876207e-01 0.000000000000000000e+00 -8.897157979486827739e-02
3.090752933335199071e-01 0.000000000000000000e+00 -1.006222336099436010e-01
3.224814220455729519e-01 0.000000000000000000e+00 -1.121394443777470329e-01
3.360394297734562441e-01 0.000000000000000000e+00 -1.234013672914960613e-01
3.496856391690195687e-01 0.000000000000000000e+00 -1.342836959918641826e-01
3.633896647076795272e-01 0.000000000000000000e+00 -1.447035894784997057e-01
3.771745975470443546e-01 0.000000000000000000e+00 -1.546557236163018656e-01
3.911152771964008235e-01 0.000000000000000000e+00 -1.642262522200169106e-01
4.053117701811881912e-01 0.000000000000000000e+00 -1.735770980575494504e-01
4.198444848315662781e-01 0.000000000000000000e+00 -1.829029693435152149e-01
4.347252436643419538e-01 0.000000000000000000e+00 -1.923734450299405818e-01
4.498620606498214269e-01 0.000000000000000000e+00 -2.020788256720202902e-01
4.650526885942153354e-01 0.000000000000000000e+00 -2.119987134040277887e-01
4.800136623130458746e-01 0.000000000000000000e+00 -2.220059894514651022e-01
4.944400698271328998e-01 0.000000000000000000e+00 -2.319078040631132875e-01
5.080804156156243367e-01 0.000000000000000000e+00 -2.415129269285616054e-01
5.208044836855737492e-01 0.000000000000000000e+00 -2.507054436697454536e-01
5.326425332206026209e-01 0.000000000000000000e+00 -2.595016092667811747e-01
5.545180066617276804e-01 0.000000000000000000e+00 -2.767135046420599043e-01
