4.179436615996703352e-01 0.000000000000000000e+00 -2.297875602498690439e-01
4.211247091344177407e-01 0.000000000000000000e+00 -2.386824166172652195e-01
4.229368361756221106e-01 0.000000000000000000e+00 -2.479389013236367456e-01
4.233471291839071005e-01 0.000000000000000000e+00 -2.574873481009594123e-01
4.223580701011251937e-01 0.000000000000000000e+00 -2.672431819998347113e-01
4.200074091475721194e-01 0.000000000000000000e+00 -2.771085087108875467e-01
4.163657725263220644e-01 0.000000000000000000e+00 -2.869752255932515594e-01
4.115321948672616692e-01 0.000000000000000000e+00 -2.967295845378562502e-01
4.056279460133899173e-01 0.000000000000000000e+00 -3.062579302976407014e-01
3.987891665688239051e-01 0.000000000000000000e+00 -3.154531497200377399e-01
3.911589219888741420e-01 0.000000000000000000e+00 -3.242212253002527134e-01
3.828793215404926453e-01 0.000000000000000000e+00 -3.324872134250921873e-01
3.740843230146825293e-01 0.000000000000000000e+00 -3.401999778752609616e-01
3.648937599722384406e-01 0.000000000000000000e+00 -3.473351060468887197e-01
3.554089950357713912e-01 0.000000000000000000e+00 -3.538956106833797133e-01
3.457104348698519236e-01 0.000000000000000000e+00 -3.599102544460660025e-01
3.358569580327972481e-01 0.000000000000000000e+00 -3.654296004656669705e-01
3.258871252941393237e-01 0.000000000000000000e+00 -3.705201560071836320e-01
3.158218820289321327e-01 0.000000000000000000e+00 -3.752572046117532145e-01
3.056683398840277510e-01 0.000000000000000000e+00 -3.797170843224204617e-01
2.954241515215911829e-01 0.000000000000000000e+00 -3.839697434806723098e-01
2.850819736492055667e-01 0.000000000000000000e+00 -3.880723797352145787e-01
2.746335492959118274e-01 0.000000000000000000e+00 -3.920648437202700620e-01
2.640730239225822507e-01 0.000000000000000000e+00 -3.959672805174795363e-01
2.533992298645467711e-01 0.000000000000000000e+00 -3.997802148126137212e-01
2.426168145292632583e-01 0.000000000000000000e+00 -4.034869928250181537e-01
2.317362326434670716e-01 0.000000000000000000e+00 -4.070582124921427458e-01
2.207727548257661376e-01 0.000000000000000000e+00 -4.104575387164252631e-01
2.097447492097803678e-01 0.000000000000000000e+00 -4.136481425141779189e-01
1.986715589698602458e-01 0.000000000000000000e+00 -4.165989415777951455e-01
1.875713206279886747e-01 0.000000000000000000e+00 -4.192898624816587261e-01
1.764590457099446674e-01 0.000000000000000000e+00 -4.217154854033846600e-01
1.653452268234354983e-01 0.000000000000000000e+00 -4.238866519312676218e-01
1.542351382884816768e-01 0.000000000000000000e+00 -4.258298861804169499e-01
1.431288940401372889e-01 0.000000000000000000e+00 -4.275847635675558700e-01
1.320222161571118769e-01 0.000000000000000000e+00 -4.291996230725403372e-01
1.209077702339993454e-01 0.000000000000000000e+00 -4.307262238077064209e-01
1.097768510013745341e-01 0.000000000000000000e+00 -4.322140691647032296e-01
9.862116163761625032e-02 0.000000000000000000e+00 -4.337051468571982427e-01
8.743442709562972148e-02 0.000000000000000000e+00 -4.352297590826011420e-01
7.621361454438621563e-02 0.000000000000000000e+00 -4.368039552838033357e-01
6.495959707928479487e-02 0.000000000000000000e+00 -4.384288536818682913e-01
5.367718073348044794e-02 0.000000000000000000e+00 -4.400918783161505976e-01
4.237450755878043734e-02 0.000000000000000000e+00 -4.417696812462658662e-01
3.106193628198818113e-02 0.000000000000000000e+00 -4.434322995012462409e-01
1.975057473935236396e-02 0.000000000000000000e+00 -4.450479424468104517e-01
8.450685297091165352e-03 0.000000000000000000e+00 -4.465877371919242389e-01
-2.829800242265112422e-03 0.000000000000000000e+00 -4.480297851584152391e-01
-1.408643781654957301e-02 0.000000000000000000e+00 -4.493619967377888713e-01
-2.531893047040508979e-02 0.000000000000000000e+00 -4.505833557287747815e-01
-3.653119203353201450e-02 0.000000000000000000e+00 -4.517034941099500878e-01
-4.773080260653152912e-02 0.000000000000000000e+00 -4.527406980519859125e-01
-5.892793021652407287e-02 0.000000000000000000e+00 -4.537186841730945774e-01
-7.013386935332154015e-02 0.000000000000000000e+00 -4.546626507169381215e-01
-8.135940238647702827e-02 0.000000000000000000e+00 -4.555951991538180756e-01
-9.261321643478030718e-02 0.000000000000000000e+00 -4.565327260450525726e-01
-1.039006023626490305e-01 0.000000000000000000e+00 -4.574828035690011174e-01
-1.152226248782333290e-01 0.000000000000000000e+00 -4.584429127065703380e-01
-1.265758882078362735e-01 0.000000000000000000e+00 -4.594006887530920347e-01
-1.379529392019743506e-01 0.000000000000000000e+00 -4.603356144614204615e-01
-1.493432602034742152e-01 0.000000000000000000e+00 -4.612218842095368587e-01
-1.607347198332574612e-01 0.000000000000000000e+00 -4.620319935569759950e-01
-1.721152826863588947e-01 0.000000000000000000e+00 -4.627405064682946767e-01
-1.834747382762777768e-01 0.000000000000000000e+00 -4.633274316240282853e-01
-1.948062014558402943e-01 0.000000000000000000e+00 -4.637807021154407017e-01
-2.061071627002281637e-01 0.000000000000000000e+00 -4.640973898290152166e-01
-2.173799241810033811e-01 0.000000000000000000e+00 -4.642834766647945255e-01
-2.286313393142200834e-01 0.000000000000000000e+00 -4.643522213151308753e-01
-2.398718688439423485e-01 0.000000000000000000e+00 -4.643213708329249623e-01
-2.511140628660438190e-01 0.000000000000000000e+00 -4.642096396567042538e-01
-2.623706624088381623e-01 0.000000000000000000e+00 -4.640329894608706263e-01
-2.736525744484603062e-01 0.000000000000000000e+00 -4.638012745287424243e-01
-2.849670015899362641e-01 0.000000000000000000e+00 -4.635157641585836430e-01
-2.963159972321162683e-01 0.000000000000000000e+00 -4.631679230730110786e-01
-3.076956688347518010e-01 0.000000000000000000e+00 -4.627396414477977782e-01
-3.190961708624858728e-01 0.000000000000000000e+00 -4.622048853486390718e-01
-3.305025244983023081e-01 0.000000000000000000e+00 -4.615325183587075109e-01
-3.418961860822087862e-01 0.000000000000000000e+00 -4.606898586494703740e-01
-3.532571750691119172e-01 0.000000000000000000e+00 -4.596464110102435607e-01
-3.645664797874884067e-01 0.000000000000000000e+00 -4.583771702597305708e-01
-3.758083982902627462e-01 0.000000000000000000e+00 -4.568649394212585535e-01
-3.869724515282039201e-01 0.000000000000000000e+00 -4.551012386182217151e-01
-3.980545316123154098e-01 0.000000000000000000e+00 -4.530855819650325689e-01
-4.090570182759672990e-01 0.000000000000000000e+00 -4.508231426442722567e-01
-4.199877054856492875e-01 0.000000000000000000e+00 -4.483210770910012188e-01
-4.308575162434425398e-01 0.000000000000000000e+00 -4.455840019612982705e-01
-4.416771320215647778e-01 0.000000000000000000e+00 -4.426092795276908021e-01
-4.524528069794208074e-01 0.000000000000000000e+00 -4.393828431206019403e-01
-4.631817590630961101e-01 0.000000000000000000e+00 -4.358762703033964847e-01
-4.738476151202756781e-01 0.000000000000000000e+00 -4.320456871511106911e-01
-4.844164238533862354e-01 0.000000000000000000e+00 -4.278328756072480310e-01
-4.948337324899535483e-01 0.000000000000000000e+00 -4.231686829727097088e-01
-5.050231501520098254e-01 0.000000000000000000e+00 -4.179785327008063156e-01
-5.148866988663641786e-01 0.000000000000000000e+00 -4.121895479024737519e-01
-5.243070933762883357e-01 0.000000000000000000e+00 -4.057385617049075743e-01
-5.331519092058399911e-01 0.000000000000000000e+00 -3.985801344303109839e-01
-5.412794133268811203e-01 0.000000000000000000e+00 -3.906936487922632595e-01
-5.485456625384680374e-01 0.000000000000000000e+00 -3.820886199117705107e-01
-5.548123391595431997e-01 0.000000000000000000e+00 -3.728075311913513490e-01
-5.599547063946366254e-01 0.000000000000000000e+00 -3.629257700953089083e-01
-5.638690363703292574e-01 0.000000000000000000e+00 -3.525485581596365936e-01
-5.664788959962883119e-01 0.000000000000000000e+00 -3.418051079569158213e-01
-5.677397667500835299e-01 0.000000000000000000e+00 -3.308405545401045256e-01
-5.676416154232225564e-01 0.000000000000000000e+00 -3.198064611555914705e-01
-5.662092098871075452e-01 0.000000000000000000e+00 -3.088508576518916304e-01
-5.635001695171789615e-01 0.000000000000000000e+00 -2.981088157474239830e-01
-5.596009347829474789e-01 0.000000000000000000e+00 -2.876944931635855851e-01
-5.546210156937142477e-01 0.000000000000000000e+00 -2.776953984248562990e-01
-5.486860175727311661e-01 0.000000000000000000e+00 -2.681693631949814138e-01
-5.419300322702008677e-01 0.000000000000000000e+00 -2.591443930316410516e-01
-5.344880158841975870e-01 0.000000000000000000e+00 -2.506212399926412981e-01
-5.264887486854421539e-01 0.000000000000000000e+00 -2.425782419611167695e-01
-5.180488934947570234e-01 0.000000000000000000e+00 -2.349777397816629476e-01
-5.092685448136560211e-01 0.000000000000000000e+00 -2.277732412367058645e-01
-5.002285063042577473e-01 0.000000000000000000e+00 -2.209164651854200745e-01
-4.909893651221152178e-01 0.000000000000000000e+00 -2.143634705659950290e-01
-4.815922653334983039e-01 0.000000000000000000e+00 -2.080792404663840411e-01
-4.720611354343226540e-01 0.000000000000000000e+00 -2.020403264689270562e-01
-4.624060104470584243e-01 0.000000000000000000e+00 -1.962354301851809146e-01
-4.526270168841934338e-01 0.000000000000000000e+00 -1.906640708932659523e-01
-4.427185639256279726e-01 0.000000000000000000e+00 -1.853337252969080307e-01
-4.326733062594895207e-01 0.000000000000000000e+00 -1.802559983270023702e-01
-4.224855081242191446e-01 0.000000000000000000e+00 -1.754424728532283373e-01
-4.121535350029940092e-01 0.000000000000000000e+00 -1.709008833123913662e-01
-4.016813170502009367e-01 0.000000000000000000e+00 -1.666321683056170289e-01
-3.910787530389142064e-01 0.000000000000000000e+00 -1.626287964041002732e-01
-3.803611417731406208e-01 0.000000000000000000e+00 -1.588745529147463365e-01
-3.695478273325163432e-01 0.000000000000000000e+00 -1.553457536010154072e-01
-3.586603157298055566e-01 0.000000000000000000e+00 -1.520136456381419865e-01
-3.477201576695839180e-01 0.000000000000000000e+00 -1.488475942863032586e-01
-3.367468932556633709e-01 0.000000000000000000e+00 -1.458185566142732315e-01
-3.257563219105548136e-01 0.000000000000000000e+00 -1.429023220337053701e-01
-3.147593002556640096e-01 0.000000000000000000e+00 -1.400820533553592817e-01
-3.037611908585187148e-01 0.000000000000000000e+00 -1.373497808748584403e-01
-2.927619958857390903e-01 0.000000000000000000e+00 -1.347066661761827655e-01
-2.817571225803185975e-01 0.000000000000000000e+00 -1.321620366853508421e-01
-2.707386521219524722e-01 0.000000000000000000e+00 -1.297313692845831201e-01
-2.596969279893083793e-01 0.000000000000000000e+00 -1.274335462021245757e-01
-2.486222498881539567e-01 0.000000000000000000e+00 -1.252877990969793742e-01
-2.375064569039445073e-01 0.000000000000000000e+00 -1.233107860939706840e-01
-2.263442077215712112e-01 0.000000000000000000e+00 -1.215142094340311701e-01
-2.151338123991845541e-01 0.000000000000000000e+00 -1.199032859709575904e-01
-2.038775326848153158e-01 0.000000000000000000e+00 -1.184762448407986196e-01
-1.925813380056449198e-01 0.000000000000000000e+00 -1.172248678948952100e-01
-1.812541732209001499e-01 0.000000000000000000e+00 -1.161359330357428776e-01
-1.699068536426592835e-01 0.000000000000000000e+00 -1.151932914261624141e-01
-1.585507457479537752e-01 0.000000000000000000e+00 -1.143802251932204139e-01
-1.471964136844642612e-01 0.000000000000000000e+00 -1.136817041591390715e-01
-1.358524100687770186e-01 0.000000000000000000e+00 -1.130861911002414705e-01
-1.245243655286984441e-01 0.000000000000000000e+00 -1.125867289669070792e-01
-1.132144885027244613e-01 0.000000000000000000e+00 -1.121811664651411744e-01
-1.019215307674894849e-01 0.000000000000000000e+00 -1.118715208422430690e-01
-9.064121230159653819e-02 0.000000000000000000e+00 -1.116626164393414999e-01
-7.936703928818011899e-02 0.000000000000000000e+00 -1.115602530931144865e-01
-6.809139881455969490e-02 0.000000000000000000e+00 -1.115692322321792940e-01
-5.680677937044521092e-02 0.000000000000000000e+00 -1.116915894808786780e-01
-4.550695177100678307e-02 0.000000000000000000e+00 -1.119253478335493907e-01
-3.418795230038700755e-02 0.000000000000000000e+00 -1.122640205781185174e-01
-2.284873762091407801e-02 0.000000000000000000e+00 -1.126969713331022194e-01
-1.149142566842293461e-02 0.000000000000000000e+00 -1.132105986329060843e-01
-1.210925598477796656e-04 0.000000000000000000e+00 -1.137901760447896371e-01
1.125484474507555156e-02 0.000000000000000000e+00 -1.144220669541494567e-01
2.262757441338964295e-02 0.000000000000000000e+00 -1.150959634086712730e-01
3.398803401292094239e-02 0.000000000000000000e+00 -1.158067820049952373e-01
4.532809516907853470e-02 0.000000000000000000e+00 -1.165558900161161038e-01
5.664162403139221674e-02 0.000000000000000000e+00 -1.173514265963654379e-01
6.792526844391011398e-02 0.000000000000000000e+00 -1.182076140156666788e-01
7.917885862374124395e-02 0.000000000000000000e+00 -1.191431036424324963e-01
9.040536012907565699e-02 0.000000000000000000e+00 -1.201785488625322917e-01
1.016103793562437851e-01 0.000000000000000000e+00 -1.213337204246793949e-01
1.128012847297397148e-01 0.000000000000000000e+00 -1.226245602771040694e-01
1.239860626770903085e-01 0.000000000000000000e+00 -1.240605952891774139e-01
1.351720685708455438e-01 0.000000000000000000e+00 -1.256430977333640453e-01
1.463648528801995141e-01 0.000000000000000000e+00 -1.273642890728296784e-01
1.575672381183523540e-01 0.000000000000000000e+00 -1.292077495939104592e-01
1.687787921946541092e-01 0.000000000000000000e+00 -1.311500372578761620e-01
1.799957911748046313e-01 0.000000000000000000e+00 -1.331633570689852719e-01
1.912116950163542939e-01 0.000000000000000000e+00 -1.352189800365908856e-01
2.024180818997808884e-01 0.000000000000000000e+00 -1.372910084550896803e-01
2.136059102315920610e-01 0.000000000000000000e+00 -1.393600360851130204e-01
2.247669125964774361e-01 0.000000000000000000e+00 -1.414162645037579658e-01
2.358948823722938903e-01 0.000000000000000000e+00 -1.434617083179801078e-01
2.469865988023630665e-01 0.000000000000000000e+00 -1.455112416335719860e-01
2.580421543277722218e-01 0.000000000000000000e+00 -1.475923888145229679e-01
2.690644993671297280e-01 0.000000000000000000e+00 -1.497439224997764995e-01
2.800581008274971584e-01 0.000000000000000000e+00 -1.520134782525671135e-01
2.910267138640328377e-01 0.000000000000000000e+00 -1.544545074683726649e-01
3.019703809815745821e-01 0.000000000000000000e+00 -1.571229528334150138e-01
3.128818855806125288e-01 0.000000000000000000e+00 -1.600740357486838406e-01
3.237429848893222384e-01 0.000000000000000000e+00 -1.633594933934353621e-01
3.345208171646287809e-01 0.000000000000000000e+00 -1.670255037043950064e-01
3.451649097809522115e-01 0.000000000000000000e+00 -1.711114058530898152e-01
3.556052018024508654e-01 0.000000000000000000e+00 -1.756491828792978160e-01
3.657514350132826109e-01 0.000000000000000000e+00 -1.806635445851599575e-01
3.754941644875441353e-01 0.000000000000000000e+00 -1.861723533233658467e-01
3.847075019856148193e-01 0.000000000000000000e+00 -1.921870885654402561e-01
3.932535454683770970e-01 0.000000000000000000e+00 -1.987130562255559896e-01
4.009882816232190339e-01 0.000000000000000000e+00 -2.057491148630512523e-01
4.077685927522335940e-01 0.000000000000000000e+00 -2.132868033732982782e-01
4.179436615996703352e-01 0.000000000000000000e+00 -2.297875602498690439e-01
