0.000000000000000000e+00 1.234704992856780204e-01 4.939892067258219166e-01
0.000000000000000000e+00 1.161884968913564214e-01 4.846755722800489274e-01
0.000000000000000000e+00 1.077661295700237387e-01 4.758726955107702161e-01
0.000000000000000000e+00 9.829794325749455219e-02 4.674615000079091476e-01
0.000000000000000000e+00 8.790516780797529017e-02 4.593445625277743916e-01
0.000000000000000000e+00 7.673240795997038344e-02 4.514581860767972743e-01
0.000000000000000000e+00 6.494017653678069157e-02 4.437754545041183163e-01
0.000000000000000000e+00 5.269401032637809068e-02 4.363006183888374356e-01
0.000000000000000000e+00 4.015173696684800481e-02 4.290569322705840571e-01
0.000000000000000000e+00 2.745099152929015435e-02 4.220712772556250991e-01
0.000000000000000000e+00 1.469917938983805912e-02 4.153593276070604579e-01
0.000000000000000000e+00 1.967707917245522554e-03 4.089146044454418094e-01
0.000000000000000000e+00 -1.070846893975430959e-02 4.027036406829846982e-01
0.000000000000000000e+00 -2.332597042563327658e-02 3.966679449633042087e-01
0.000000000000000000e+00 -3.590379463035544422e-02 3.907318643317507778e-01
0.000000000000000000e+00 -4.847166980307458101e-02 3.848141649330578673e-01
0.000000000000000000e+00 -6.105825794105541882e-02 3.788404488655357505e-01
0.000000000000000000e+00 -7.368147365180242880e-02 3.727535291366603221e-01
0.000000000000000000e+00 -8.634265799300909483e-02 3.665195508511969735e-01
0.000000000000000000e+00 -9.902546270725008648e-02 3.601287818389920514e-01
0.000000000000000000e+00 -1.116992547201740016e-01 3.535913074890557062e-01
0.000000000000000000e+00 -1.243258790139253056e-01 3.469290343352225969e-01
0.000000000000000000e+00 -1.368679363835607343e-01 3.401661670529256276e-01
0.000000000000000000e+00 -1.492964891169374642e-01 3.333205177065473035e-01
0.000000000000000000e+00 -1.615963481697456072e-01 3.263976218352981351e-01
0.000000000000000000e+00 -1.737677537853185294e-01 3.193888009437608755e-01
0.000000000000000000e+00 -1.858241758354284290e-01 3.122732556938307424e-01
0.000000000000000000e+00 -1.977869113615133845e-01 3.050232711421969056e-01
0.000000000000000000e+00 -2.096779203971546879e-01 2.976109105670343702e-01
0.000000000000000000e+00 -2.215127400091822796e-01 2.900143272372638359e-01
0.000000000000000000e+00 -2.332952620822137391e-01 2.822220708341167117e-01
0.000000000000000000e+00 -2.450156729029314695e-01 2.742344171427061328e-01
0.000000000000000000e+00 -2.566520553061578114e-01 2.660616166833009721e-01
0.000000000000000000e+00 -2.681752431679408355e-01 2.577198030530011841e-01
0.000000000000000000e+00 -2.795557151730326817e-01 2.492259024694495617e-01
0.000000000000000000e+00 -2.907708143825306624e-01 2.405930916096806205e-01
0.000000000000000000e+00 -3.018105027054756584e-01 2.318281196338907169e-01
0.000000000000000000e+00 -3.126802230646079095e-01 2.229312181989724084e-01
0.000000000000000000e+00 -3.234001585019223302e-01 2.138985418233672609e-01
0.000000000000000000e+00 -3.340010732136309279e-01 2.047263307140997080e-01
0.000000000000000000e+00 -3.445177784955296696e-01 1.954154797201764215e-01
0.000000000000000000e+00 -3.549818781078671326e-01 1.859750749748628751e-01
0.000000000000000000e+00 -3.654156620960064550e-01 1.764237636504471241e-01
0.000000000000000000e+00 -3.758287792311362230e-01 1.667884752106102708e-01
0.000000000000000000e+00 -3.862186773034356757e-01 1.571008400836980401e-01
0.000000000000000000e+00 -3.965749046638049613e-01 1.473924261717518003e-01
0.000000000000000000e+00 -4.068864241036725393e-01 1.376904134465107843e-01
0.000000000000000000e+00 -4.171503221881775469e-01 1.280153951802168455e-01
0.000000000000000000e+00 -4.273798849947666456e-01 1.183825822717530230e-01
0.000000000000000000e+00 -4.376100547105998828e-01 1.088068705108611312e-01
0.000000000000000000e+00 -4.478987758983396517e-01 9.931119532022876506e-02
0.000000000000000000e+00 -4.583235774549427877e-01 8.993659737944739718e-02
0.000000000000000000e+00 -4.689737306096368741e-01 8.075171433459459036e-02
0.000000000000000000e+00 -4.799392544225854484e-01 7.185919883082463044e-02
0.000000000000000000e+00 -4.912987039575040793e-01 6.339693136035180754e-02
0.000000000000000000e+00 -5.031079307771079145e-01 5.553280126295774555e-02
0.000000000000000000e+00 -5.153918023092102230e-01 4.845309355289351833e-02
0.000000000000000000e+00 -5.281402601341380620e-01 4.234587325099291311e-02
0.000000000000000000e+00 -5.413092293132981681e-01 3.738190082030953820e-02
0.000000000000000000e+00 -5.548259566928251951e-01 3.369627812583665671e-02
0.000000000000000000e+00 -5.685975581953874869e-01 3.137404988983014814e-02
0.000000000000000000e+00 -5.825210571246625113e-01 3.044234629785471172e-02
0.000000000000000000e+00 -5.964930865550734929e-01 3.087047102760010278e-02
0.000000000000000000e+00 -6.104177063370975764e-01 3.257785956517260384e-02
0.000000000000000000e+00 -6.242113595870347753e-01 3.544836635462794011e-02
0.000000000000000000e+00 -6.378047132850499512e-01 3.934819464081858176e-02
0.000000000000000000e+00 -6.511418178757195641e-01 4.414419684292077845e-02
0.000000000000000000e+00 -6.641775256034223585e-01 4.971935912683079356e-02
0.000000000000000000e+00 -6.768743257197274987e-01 5.598300713121741323e-02
0.000000000000000000e+00 -6.891996617864757368e-01 6.287445857068033050e-02
0.000000000000000000e+00 -7.011244450627255320e-01 7.036023417943475244e-02
0.000000000000000000e+00 -7.126229819265639254e-01 7.842621826574501520e-02
0.000000000000000000e+00 -7.236740349582182485e-01 8.706706528715706106e-02
0.000000000000000000e+00 -7.342623707859788906e-01 9.627550383011926338e-02
0.000000000000000000e+00 -7.443800049172446531e-01 1.060339480867828477e-01
0.000000000000000000e+00 -7.540264622811000406e-01 1.163100781717835430e-01
0.000000000000000000e+00 -7.632076909461372738e-01 1.270569925348613016e-01
0.000000000000000000e+00 -7.719336984574854954e-01 1.382174259269674799e-01
0.000000000000000000e+00 -7.802153997462483170e-01 1.497306203119533330e-01
0.000000000000000000e+00 -7.880614521250284277e-01 1.615399282821493310e-01
0.000000000000000000e+00 -7.954759232358213916e-01 1.735992103110297891e-01
0.000000000000000000e+00 -8.024574677545353030e-01 1.858765305412097835e-01
0.000000000000000000e+00 -8.090003192330935677e-01 1.983544258566520002e-01
0.000000000000000000e+00 -8.150969301368761188e-01 2.110269151637526042e-01
0.000000000000000000e+00 -8.207416407899397193e-01 2.238942080206021978e-01
0.000000000000000000e+00 -8.259344482346512306e-01 2.369565783777926871e-01
0.000000000000000000e+00 -8.306838655174286767e-01 2.502089838607829408e-01
0.000000000000000000e+00 -8.350080391638647903e-01 2.636377283890834478e-01
0.000000000000000000e+00 -8.389336899610702059e-01 2.772198779690315251e-01
0.000000000000000000e+00 -8.424929645678451706e-01 2.909254082813226283e-01
0.000000000000000000e+00 -8.457188039591041484e-01 3.047213772021674094e-01
0.000000000000000000e+00 -8.486398187351408273e-01 3.185769436869269611e-01
0.000000000000000000e+00 -8.512758117860582674e-01 3.324679029815256204e-01
0.000000000000000000e+00 -8.536349634214341897e-01 3.463795982163455078e-01
0.000000000000000000e+00 -8.557133187295710153e-01 3.603075348149177293e-01
0.000000000000000000e+00 -8.574966799878750434e-01 3.742556352640855621e-01
0.000000000000000000e+00 -8.589644379571964583e-01 3.882326658774180039e-01
0.000000000000000000e+00 -8.600944138618641377e-01 4.022477944693120255e-01
0.000000000000000000e+00 -8.608675429348892072e-01 4.163063980541032438e-01
0.000000000000000000e+00 -8.612712715198331814e-01 4.304071054308882260e-01
0.000000000000000000e+00 -8.613008551759301357e-01 4.445406803250642747e-01
0.000000000000000000e+00 -8.609582601675636049e-01 4.586908371355201131e-01
0.000000000000000000e+00 -8.602489610702639400e-01 4.728365737788107204e-01
0.000000000000000000e+00 -8.591774498505087010e-01 4.869552374640309100e-01
0.000000000000000000e+00 -8.577425993388503311e-01 5.010254002548918395e-01
0.000000000000000000e+00 -8.559340760811834370e-01 5.150287383826607224e-01
0.000000000000000000e+00 -8.537307602786561311e-01 5.289504397097098964e-01
0.000000000000000000e+00 -8.511016601259657754e-01 5.427781091374196398e-01
0.000000000000000000e+00 -8.480092170058997070e-01 5.564995759928917929e-01
0.000000000000000000e+00 -8.444143285229404050e-01 5.701003112231136649e-01
0.000000000000000000e+00 -8.402820049003563163e-01 5.835612550869186954e-01
0.000000000000000000e+00 -8.355864192811764957e-01 5.968577172878314352e-01
0.000000000000000000e+00 -8.303142506077827445e-01 6.099596848800246107e-01
0.000000000000000000e+00 -8.244656152620908340e-01 6.228334541815294667e-01
0.000000000000000000e+00 -8.180524448713716312e-01 6.354441117485600810e-01
0.000000000000000000e+00 -8.110947584213212824e-01 6.477581384346474680e-01
0.000000000000000000e+00 -8.036157568074453472e-01 6.597453728497152392e-01
0.000000000000000000e+00 -7.956369245506078602e-01 6.713797599456262644e-01
0.000000000000000000e+00 -7.871742982697743640e-01 6.826386771173966750e-01
0.000000000000000000e+00 -7.782367639778914326e-01 6.935010735102720147e-01
0.000000000000000000e+00 -7.688267492724619734e-01 7.039450535851656809e-01
0.000000000000000000e+00 -7.589431020015642293e-01 7.139457684742759325e-01
0.000000000000000000e+00 -7.485854306739135877e-01 7.234744744733666577e-01
0.000000000000000000e+00 -7.377588442397728929e-01 7.324993656066740577e-01
0.000000000000000000e+00 -7.264779457650457628e-01 7.409883420907136253e-01
0.000000000000000000e+00 -7.147691199938864814e-01 7.489133484747526603e-01
0.000000000000000000e+00 -7.026705590447493988e-01 7.562554407754996655e-01
0.000000000000000000e+00 -6.902299932352482514e-01 7.630094492210692803e-01
0.000000000000000000e+00 -6.775006097264595351e-01 7.691870783464004324e-01
0.000000000000000000e+00 -6.645360301454215080e-01 7.748175495531997026e-01
0.000000000000000000e+00 -6.513853933717994593e-01 7.799453905100037776e-01
0.000000000000000000e+00 -6.380895186032468080e-01 7.846255972466482653e-01
0.000000000000000000e+00 -6.246788336268934705e-01 7.889169908366527872e-01
0.000000000000000000e+00 -6.111733219941094530e-01 7.928750159990834989e-01
0.000000000000000000e+00 -5.975842789920213782e-01 7.965453775413705584e-01
0.000000000000000000e+00 -5.839172813784792027e-01 7.999597420733611797e-01
0.000000000000000000e+00 -5.701755570200938150e-01 8.031342834324425306e-01
0.000000000000000000e+00 -5.563629305398913871e-01 8.060712257832497452e-01
0.000000000000000000e+00 -5.424857094175857819e-01 8.087628862473467128e-01
0.000000000000000000e+00 -5.285532030291447692e-01 8.111971934385672212e-01
0.000000000000000000e+00 -5.145769446643052580e-01 8.133633819743284477e-01
0.000000000000000000e+00 -5.005690158432024583e-01 8.152565965539682047e-01
0.000000000000000000e+00 -4.865400728634431959e-01 8.168804667041692502e-01
0.000000000000000000e+00 -4.724977040325105127e-01 8.182472471470260134e-01
0.000000000000000000e+00 -4.584456055179130241e-01 8.193757222596914636e-01
0.000000000000000000e+00 -4.443838008992763711e-01 8.202875955336849101e-01
0.000000000000000000e+00 -4.303098208071088338e-01 8.210033998149132151e-01
0.000000000000000000e+00 -4.162204895592380716e-01 8.215390009124025061e-01
0.000000000000000000e+00 -4.021138064488815056e-01 8.219035284762846727e-01
0.000000000000000000e+00 -3.879903989279503973e-01 8.220991275541028598e-01
0.000000000000000000e+00 -3.738541604407062957e-01 8.221224063243024460e-01
0.000000000000000000e+00 -3.597119246999250786e-01 8.219670017264478767e-01
0.000000000000000000e+00 -3.455723014473433552e-01 8.216264159345234575e-01
0.000000000000000000e+00 -3.314440294500646256e-01 8.210962608729892587e-01
0.000000000000000000e+00 -3.173343275402125130e-01 8.203752824363917950e-01
0.000000000000000000e+00 -3.032477114334635182e-01 8.194649481566869120e-01
0.000000000000000000e+00 -2.891855994429767818e-01 8.183678494066746190e-01
0.000000000000000000e+00 -2.751467973107430409e-01 8.170855534421582744e-01
0.000000000000000000e+00 -2.611286987677421401e-01 8.156167258432981404e-01
0.000000000000000000e+00 -2.471288369311044619e-01 8.139562700368189185e-01
0.000000000000000000e+00 -2.331463299050414439e-01 8.120959114974483084e-01
0.000000000000000000e+00 -2.191828082068192907e-01 8.100261764316090130e-01
0.000000000000000000e+00 -2.052425791158764001e-01 8.077392155398324114e-01
0.000000000000000000e+00 -1.913320251953349871e-01 8.052315542273449367e-01
0.000000000000000000e+00 -1.774584800264909779e-01 8.025057346026506222e-01
0.000000000000000000e+00 -1.636289999374847814e-01 7.995700102614199389e-01
0.000000000000000000e+00 -1.498495008657656502e-01 7.964357352845149451e-01
0.000000000000000000e+00 -1.361246339221192092e-01 7.931127433416239603e-01
0.000000000000000000e+00 -1.224585531322149728e-01 7.896036712744700647e-01
0.000000000000000000e+00 -1.088564432585791830e-01 7.858986569921245779e-01
0.000000000000000000e+00 -9.532640619235291379e-02 7.819719795445744248e-01
0.000000000000000000e+00 -8.188113340502027604e-02 7.777819324947153889e-01
0.000000000000000000e+00 -6.853877902860698590e-02 7.732745570075200137e-01
0.000000000000000000e+00 -5.532261221267464890e-02 7.683909411219689289e-01
0.000000000000000000e+00 -4.225933873751223924e-02 7.630768292801893837e-01
0.000000000000000000e+00 -2.937636691976273223e-02 7.572925259376309670e-01
0.000000000000000000e+00 -1.669865136961231483e-02 7.510207353116604700e-01
0.000000000000000000e+00 -4.245978391415725431e-03 7.442701869736845222e-01
0.000000000000000000e+00 7.968417338026263438e-03 7.370736597720199956e-01
0.000000000000000000e+00 1.993722216736813421e-02 7.294802035941118090e-01
0.000000000000000000e+00 3.165612607210032542e-02 7.215427237612269673e-01
0.000000000000000000e+00 4.311887336415711619e-02 7.133033264743366964e-01
0.000000000000000000e+00 5.431106077245338726e-02 7.047796217989917844e-01
0.000000000000000000e+00 6.520385353971498710e-02 6.959553182297142371e-01
0.000000000000000000e+00 7.574894305159798891e-02 6.867778323688347175e-01
0.000000000000000000e+00 8.587593015287417475e-02 6.771643578986754619e-01
0.000000000000000000e+00 9.549290102219715193e-02 6.670161275542406676e-01
0.000000000000000000e+00 1.044903496341957894e-01 6.562388108648232743e-01
0.000000000000000000e+00 1.127479259662782229e-01 6.447655085996736313e-01
0.000000000000000000e+00 1.201429066097030318e-01 6.325779742906324499e-01
0.000000000000000000e+00 1.265589328636361199e-01 6.197217295053720765e-01
0.000000000000000000e+00 1.318935290953306694e-01 6.063116782185077325e-01
0.000000000000000000e+00 1.360632159982092804e-01 5.925265073714771624e-01
0.000000000000000000e+00 1.390056045244795480e-01 5.785922599953785550e-01
0.000000000000000000e+00 1.406785652267107112e-01 5.647575589247789685e-01
0.000000000000000000e+00 1.410572461915282350e-01 5.512646087873197542e-01
0.000000000000000000e+00 1.401301953077569440e-01 5.383209624411929850e-01
0.000000000000000000e+00 1.378960072005337989e-01 5.260769185611979815e-01
0.000000000000000000e+00 1.343617140984941505e-01 5.146123376529938565e-01
0.000000000000000000e+00 1.234704992856780204e-01 4.939892067258219166e-01
