0.000000000000000000e+00 -6.181428579606948470e-02 -1.706929985616514045e-01
0.000000000000000000e+00 -6.145584547331836567e-02 -1.795485298745013170e-01
0.000000000000000000e+00 -6.226144158356334418e-02 -1.884942169706335657e-01
0.000000000000000000e+00 -6.419620225361287458e-02 -1.974881063740846487e-01
0.000000000000000000e+00 -6.719536169938386538e-02 -2.064868329859720353e-01
0.000000000000000000e+00 -7.116839773007323233e-02 -2.154469883244792827e-01
0.000000000000000000e+00 -7.600489270938054487e-02 -2.243265517574408452e-01
0.000000000000000000e+00 -8.158161943074743183e-02 -2.330863343353867800e-01
0.000000000000000000e+00 -8.777024145836449798e-02 -2.416913723117887214e-01
0.000000000000000000e+00 -9.444496662252396812e-02 -2.501121952467855736e-01
0.000000000000000000e+00 -1.014895082445314289e-01 -2.583258847116109425e-01
0.000000000000000000e+00 -1.088027896106514153e-01 -2.663168371583173322e-01
0.000000000000000000e+00 -1.163029642553185805e-01 -2.740771511492939849e-01
0.000000000000000000e+00 -1.239295025182049620e-01 -2.816065764776761182e-01
0.000000000000000000e+00 -1.316432938538619202e-01 -2.889119908919501878e-01
0.000000000000000000e+00 -1.394249125186858285e-01 -2.960064075719336385e-01
0.000000000000000000e+00 -1.472713699022960288e-01 -3.029075598774614853e-01
0.000000000000000000e+00 -1.551918111388730925e-01 -3.096361544739456573e-01
0.000000000000000000e+00 -1.632026929957026418e-01 -3.162139241327278083e-01
0.000000000000000000e+00 -1.713229972505780907e-01 -3.226616415887907374e-01
0.000000000000000000e+00 -1.795699890380274277e-01 -3.289972708048118366e-01
0.000000000000000000e+00 -1.879559303649274704e-01 -3.352344283421163085e-01
0.000000000000000000e+00 -1.964860187494909538e-01 -3.413813039384796522e-01
0.000000000000000000e+00 -2.051576577334907059e-01 -3.474401470460081742e-01
0.000000000000000000e+00 -2.139610000276303547e-01 -3.534073687858398927e-01
0.000000000000000000e+00 -2.228805551139002306e-01 -3.592742425967285214e-01
0.000000000000000000e+00 -2.318975383467094531e-01 -3.650281194645058069e-01
0.000000000000000000e+00 -2.409925703051337131e-01 -3.706540133640308654e-01
0.000000000000000000e+00 -2.501483195400046600e-01 -3.761363673548237530e-01
0.000000000000000000e+00 -2.593517183784358471e-01 -3.814607870670079226e-01
0.000000000000000000e+00 -2.685954630666917420e-01 -3.866155300575896958e-01
0.000000000000000000e+00 -2.778786238233129646e-01 -3.915925675488571289e-01
0.000000000000000000e+00 -2.872063212455293613e-01 -3.963880868287916748e-01
0.000000000000000000e+00 -2.965885553607150449e-01 -4.010023723318143496e-01
0.000000000000000000e+00 -3.060383856231821964e-01 -4.054390827701537803e-01
0.000000000000000000e+00 -3.155697404274312445e-01 -4.097040207061161121e-01
0.000000000000000000e+00 -3.251951739695131405e-01 -4.138035593688109692e-01
0.000000000000000000e+00 -3.349238829532730222e-01 -4.177429400766098366e-01
0.000000000000000000e+00 -3.447602481066456281e-01 -4.215246753755153564e-01
0.000000000000000000e+00 -3.547030836358022188e-01 -4.251472842942281560e-01
0.000000000000000000e+00 -3.647456737871207499e-01 -4.286045472037511850e-01
0.000000000000000000e+00 -3.748765643567728567e-01 -4.318854029086838797e-01
0.000000000000000000e+00 -3.850809735702487302e-01 -4.349745276093902602e-01
0.000000000000000000e+00 -3.953426050249604917e-01 -4.378535447156980398e-01
0.000000000000000000e+00 -4.056455958181294230e-01 -4.405027279465452694e-01
0.000000000000000000e+00 -4.159763214206792514e-01 -4.429029892977591754e-01
0.000000000000000000e+00 -4.263248058719812383e-01 -4.450378981375398557e-01
0.000000000000000000e+00 -4.366855467965076731e-01 -4.468954646299482247e-01
0.000000000000000000e+00 -4.470576504427573594e-01 -4.484694425431583475e-01
0.000000000000000000e+00 -4.574442701399864530e-01 -4.497599613807212182e-01
0.000000000000000000e+00 -4.678514385728250180e-01 -4.507733793776844688e-01
0.000000000000000000e+00 -4.782864668724839396e-01 -4.515213472348991175e-01
0.000000000000000000e+00 -4.887561407479177888e-01 -4.520191750674225628e-01
0.000000000000000000e+00 -4.992649684451065384e-01 -4.522836885819302433e-01
0.000000000000000000e+00 -5.098137245309110055e-01 -4.523308324983202899e-01
0.000000000000000000e+00 -5.203984895102007346e-01 -4.521733197391691328e-01
0.000000000000000000e+00 -5.310103147238803833e-01 -4.518186278613604001e-01
0.000000000000000000e+00 -5.416355549352724896e-01 -4.512676082987172044e-01
0.000000000000000000e+00 -5.522568196182084943e-01 -4.505139029618554503e-01
0.000000000000000000e+00 -5.628544106820269066e-01 -4.495442649902838816e-01
0.000000000000000000e+00 -5.734080503228358161e-01 -4.483397680036507738e-01
0.000000000000000000e+00 -5.838986661603897677e-01 -4.468777752264362357e-01
0.000000000000000000e+00 -5.943099961924146468e-01 -4.451344408681504050e-01
0.000000000000000000e+00 -6.046298033507873093e-01 -4.430874440853388441e-01
0.000000000000000000e+00 -6.148505442434507584e-01 -4.407186204326387635e-01
0.000000000000000000e+00 -6.249694110508740019e-01 -4.380161620652721632e-01
0.000000000000000000e+00 -6.349877490889138665e-01 -4.349761059302200139e-01
0.000000000000000000e+00 -6.449099338307854312e-01 -4.316029132821273540e-01
0.000000000000000000e+00 -6.547418593624152461e-01 -4.279090538908406072e-01
0.000000000000000000e+00 -6.644892365352185193e-01 -4.239136306447989777e-01
0.000000000000000000e+00 -6.741559178790221818e-01 -4.196401995597047185e-01
0.000000000000000000e+00 -6.837424559245195432e-01 -4.151140413817288599e-01
0.000000000000000000e+00 -6.932450642538884322e-01 -4.103592111230492945e-01
0.000000000000000000e+00 -7.026550922424329437e-01 -4.053957219387125388e-01
0.000000000000000000e+00 -7.119590536602484754e-01 -4.002372057444476550e-01
0.000000000000000000e+00 -7.211391760992330591e-01 -3.948893364618121238e-01
0.000000000000000000e+00 -7.301743726242091448e-01 -3.893492097343281277e-01
0.000000000000000000e+00 -7.390414877925667314e-01 -3.836057568783923788e-01
0.000000000000000000e+00 -7.477166433811417434e-01 -3.776411452607302821e-01
0.000000000000000000e+00 -7.561765076154557397e-01 -3.714329979668596904e-01
0.000000000000000000e+00 -7.643993346033828296e-01 -3.649571674562011592e-01
0.000000000000000000e+00 -7.723656638100711014e-01 -3.581907330729707239e-01
0.000000000000000000e+00 -7.800586258270653106e-01 -3.511148687008491809e-01
0.000000000000000000e+00 -7.874638617720846057e-01 -3.437172471422188513e-01
0.000000000000000000e+00 -7.945691203929342583e-01 -3.359937090148545913e-01
0.000000000000000000e+00 -8.013636412228897221e-01 -3.279490179668319016e-01
0.000000000000000000e+00 -8.078374578680442841e-01 -3.195966386017897176e-01
0.000000000000000000e+00 -8.139807594893656573e-01 -3.109575939826313418e-01
0.000000000000000000e+00 -8.197834308332045961e-01 -3.020585706687745065e-01
0.000000000000000000e+00 -8.252348550197279309e-01 -2.929295270628437531e-01
0.000000000000000000e+00 -8.303240146404693434e-01 -2.836011146876225575e-01
0.000000000000000000e+00 -8.350398732241535171e-01 -2.741022356839832308e-01
0.000000000000000000e+00 -8.393719690969547731e-01 -2.644580323684610490e-01
0.000000000000000000e+00 -8.433111147747703873e-01 -2.546885404702007860e-01
0.000000000000000000e+00 -8.468500732409509624e-01 -2.448081456960897462e-01
0.000000000000000000e+00 -8.499840811605772206e-01 -2.348258759825916364e-01
0.000000000000000000e+00 -8.527111085795898715e-01 -2.247464533610049331e-01
0.000000000000000000e+00 -8.550317821799658935e-01 -2.145719338353033190e-01
0.000000000000000000e+00 -8.569489492587738511e-01 -2.043036931290536928e-01
0.000000000000000000e+00 -8.584669149355723672e-01 -1.939444791688308412e-01
0.000000000000000000e+00 -8.595904375166329991e-01 -1.835002527319178900e-01
0.000000000000000000e+00 -8.603236086603007760e-01 -1.729815747781658919e-01
0.000000000000000000e+00 -8.606687696786369246e-01 -1.624043668069221624e-01
0.000000000000000000e+00 -8.606256190459653510e-01 -1.517899594002607433e-01
0.000000000000000000e+00 -8.601906479884509071e-01 -1.411644416409305602e-01
0.000000000000000000e+00 -8.593570030251008740e-01 -1.305574171533775418e-01
0.000000000000000000e+00 -8.581148214554898956e-01 -1.200003488222519954e-01
0.000000000000000000e+00 -8.564520251051276345e-01 -1.095247240154046536e-01
0.000000000000000000e+00 -8.543554973520413043e-01 -9.916028936110293790e-02
0.000000000000000000e+00 -8.518125167795180808e-01 -8.893358727901674865e-02
0.000000000000000000e+00 -8.488122848100824180e-01 -7.886697862671640524e-02
0.000000000000000000e+00 -8.453473693478810169e-01 -6.897826418593216991e-02
0.000000000000000000e+00 -8.414148939766542545e-01 -5.928093251814759573e-02
0.000000000000000000e+00 -8.370173317352679332e-01 -4.978497482382317901e-02
0.000000000000000000e+00 -8.321628100829476793e-01 -4.049813068221518042e-02
0.000000000000000000e+00 -8.268648931223318010e-01 -3.142737214957028180e-02
0.000000000000000000e+00 -8.211418706719429972e-01 -2.258040490166251038e-02
0.000000000000000000e+00 -8.150156430881008163e-01 -1.396696727423536559e-02
0.000000000000000000e+00 -8.085103381818966595e-01 -5.599740255622868979e-03
0.000000000000000000e+00 -8.016508261661290380e-01 2.505261278813444500e-03
0.000000000000000000e+00 -7.944613067415012830e-01 1.032887184538729825e-02
0.000000000000000000e+00 -7.869641285070160253e-01 1.784950866045374382e-02
0.000000000000000000e+00 -7.791789670896611675e-01 2.504435507113548370e-02
0.000000000000000000e+00 -7.711224395312671342e-01 3.189083382375772213e-02
0.000000000000000000e+00 -7.628081752160190687e-01 3.836817253883655771e-02
0.000000000000000000e+00 -7.542473055815671623e-01 4.445885413169286399e-02
0.000000000000000000e+00 -7.454492835444820331e-01 5.014976380985656373e-02
0.000000000000000000e+00 -7.364229054053060830e-01 5.543288857520756868e-02
0.000000000000000000e+00 -7.271773874763917123e-01 6.030548831660836190e-02
0.000000000000000000e+00 -7.177233488292888985e-01 6.476973058407667350e-02
0.000000000000000000e+00 -7.080735697619161551e-01 6.883185378373837815e-02
0.000000000000000000e+00 -6.982434297285894376e-01 7.250098584887061659e-02
0.000000000000000000e+00 -6.882509734677845215e-01 7.578778904609308198e-02
0.000000000000000000e+00 -6.781166035900770828e-01 7.870312080545101285e-02
0.000000000000000000e+00 -6.678624453125641125e-01 8.125689310712445879e-02
0.000000000000000000e+00 -6.575114682878758776e-01 8.345728050003860254e-02
0.000000000000000000e+00 -6.470864768901510855e-01 8.531037418270152883e-02
0.000000000000000000e+00 -6.366090911447758183e-01 8.682031435497965244e-02
0.000000000000000000e+00 -6.260988352018902470e-01 8.798986446736720146e-02
0.000000000000000000e+00 -6.155724305128369434e-01 8.882132857918723090e-02
0.000000000000000000e+00 -6.050433601665917704e-01 8.931766531268785225e-02
0.000000000000000000e+00 -5.945217339255884914e-01 8.948362522066101443e-02
0.000000000000000000e+00 -5.840144456377176496e-01 8.932673613724688433e-02
0.000000000000000000e+00 -5.735255809253895221e-01 8.885798321037616243e-02
0.000000000000000000e+00 -5.630570074694580818e-01 8.809207342760749793e-02
0.000000000000000000e+00 -5.526090654813855529e-01 8.704723232752144269e-02
0.000000000000000000e+00 -5.421812730413786419e-01 8.574454509527483503e-02
0.000000000000000000e+00 -5.317729690996039205e-01 8.420691645893992050e-02
0.000000000000000000e+00 -5.213838338406104889e-01 8.245777528070860618e-02
0.000000000000000000e+00 -5.110142485193877038e-01 8.051968363408211482e-02
0.000000000000000000e+00 -5.006654810602186867e-01 7.841302215420511978e-02
0.000000000000000000e+00 -4.903397060877753844e-01 7.615491228611773189e-02
0.000000000000000000e+00 -4.800398857437284117e-01 7.375850365316255486e-02
0.000000000000000000e+00 -4.697695488199276626e-01 7.123270589317773349e-02
0.000000000000000000e+00 -4.595325098637766392e-01 6.858238587043011258e-02
0.000000000000000000e+00 -4.493325676633456722e-01 6.580899122249492250e-02
0.000000000000000000e+00 -4.391732155648031544e-01 6.291150782149756981e-02
0.000000000000000000e+00 -4.290573866656858248e-01 5.988761891319944325e-02
0.000000000000000000e+00 -4.189872474260823987e-01 5.673491242544046603e-02
0.000000000000000000e+00 -4.089640456452150463e-01 5.345198254212332051e-02
0.000000000000000000e+00 -3.989880143197853668e-01 5.003929155224853126e-02
0.000000000000000000e+00 -3.890583319255331296e-01 4.649969488976378462e-02
0.000000000000000000e+00 -3.791731414503288211e-01 4.283858064409425820e-02
0.000000000000000000e+00 -3.693296335536929154e-01 3.906362771039322695e-02
0.000000000000000000e+00 -3.595242015742671771e-01 3.518423682611377529e-02
0.000000000000000000e+00 -3.497526757944379727e-01 3.121072928951644510e-02
0.000000000000000000e+00 -3.400106399233856491e-01 2.715343398910285283e-02
0.000000000000000000e+00 -3.302938235963093216e-01 2.302179150625896509e-02
0.000000000000000000e+00 -3.205985513882476101e-01 1.882359405240499953e-02
0.000000000000000000e+00 -3.109222131970908465e-01 1.456445396517239144e-02
0.000000000000000000e+00 -3.012637056783959433e-01 1.024755567615077446e-02
0.000000000000000000e+00 -2.916237831449768891e-01 5.873702236258289584e-03
0.000000000000000000e+00 -2.820052524401815974e-01 1.441624051923824472e-03
0.000000000000000000e+00 -2.724129525865692236e-01 -3.051519416337385073e-03
0.000000000000000000e+00 -2.628534780612931665e-01 -7.609539596905748153e-03
0.000000000000000000e+00 -2.533346341433863058e-01 -1.223662558130726545e-02
0.000000000000000000e+00 -2.438646516684864485e-01 -1.693685769832505711e-02
0.000000000000000000e+00 -2.344512324746815257e-01 -2.171390805273397048e-02
0.000000000000000000e+00 -2.251005399774866356e-01 -2.657097704575111380e-02
0.000000000000000000e+00 -2.158162848940799738e-01 -3.151097713317678461e-02
0.000000000000000000e+00 -2.065990773606430631e-01 -3.653693620845519657e-02
0.000000000000000000e+00 -1.974462177917949424e-01 -4.165255850159980261e-02
0.000000000000000000e+00 -1.883520760860934451e-01 -4.686285544699277800e-02
0.000000000000000000e+00 -1.793091613015168062e-01 -5.217474585781598645e-02
0.000000000000000000e+00 -1.703099141658429294e-01 -5.759752539426205714e-02
0.000000000000000000e+00 -1.613491686140221815e-01 -6.314311922106259634e-02
0.000000000000000000e+00 -1.524271348242745572e-01 -6.882605662231913723e-02
0.000000000000000000e+00 -1.435526659561223994e-01 -7.466313850139269515e-02
0.000000000000000000e+00 -1.347464958624348119e-01 -8.067280366958332061e-02
0.000000000000000000e+00 -1.260440867413250010e-01 -8.687423302737060093e-02
0.000000000000000000e+00 -1.174977131639951405e-01 -9.328625810940313623e-02
0.000000000000000000e+00 -1.091774377906815363e-01 -9.992615902028624542e-02
0.000000000000000000e+00 -1.011707054375604320e-01 -1.068084449834254268e-01
0.000000000000000000e+00 -9.358039196489927047e-02 -1.139437085575893960e-01
0.000000000000000000e+00 -8.652128370543452074e-02 -1.213376334653402666e-01
0.000000000000000000e+00 -8.011511856274118604e-02 -1.289902184296060350e-01
0.000000000000000000e+00 -7.448447526182562506e-02 -1.368952585357657292e-01
0.000000000000000000e+00 -6.974593514253442372e-02 -1.450401045840794823e-01
0.000000000000000000e+00 -6.600304482643792880e-02 -1.534057023575542134e-01
0.000000000000000000e+00 -6.181428579606948470e-02 -1.706929985616514045e-01
