8.188583924640713274e-02 0.000000000000000000e+00 -2.728293744182615499e-01
8.217493456403045238e-02 0.000000000000000000e+00 -2.764211111496989171e-01
8.204730959714651162e-02 0.000000000000000000e+00 -2.800059977141878265e-01
8.150456939606709472e-02 0.000000000000000000e+00 -2.835687796645768310e-01
8.055203996012441636e-02 0.000000000000000000e+00 -2.870948048810404440e-01
7.919866934194406960e-02 0.000000000000000000e+00 -2.905702330286950019e-01
7.745686300182445805e-02 0.000000000000000000e+00 -2.939822263083763376e-01
7.534225705572859810e-02 0.000000000000000000e+00 -2.973191176081839138e-01
7.287343441422262924e-02 0.000000000000000000e+00 -3.005705527036366398e-01
7.007159004544631642e-02 0.000000000000000000e+00 -3.037276037717823729e-01
6.696015268400824783e-02 0.000000000000000000e+00 -3.067828521642794737e-01
6.356437122425565023e-02 0.000000000000000000e+00 -3.097304391097541187e-01
5.991087475953199570e-02 0.000000000000000000e+00 -3.125660837689446803e-01
5.602721574234925672e-02 0.000000000000000000e+00 -3.152870688289319823e-01
5.194140603246891891e-02 0.000000000000000000e+00 -3.178921945765712520e-01
4.768145566464688373e-02 0.000000000000000000e+00 -3.203817031177693120e-01
4.327492400467576605e-02 0.000000000000000000e+00 -3.227571750908799775e-01
3.874849257624741333e-02 0.000000000000000000e+00 -3.250214018427328155e-01
3.412756824230431946e-02 0.000000000000000000e+00 -3.271782365797175074e-01
2.943592462829188947e-02 0.000000000000000000e+00 -3.292324284608727503e-01
2.469538870110457238e-02 0.000000000000000000e+00 -3.311894439542504842e-01
1.992557829078993314e-02 0.000000000000000000e+00 -3.330552800236239452e-01
1.514369509010181879e-02 0.000000000000000000e+00 -3.348362738442370867e-01
1.036437632054945483e-02 0.000000000000000000e+00 -3.365389137609605119e-01
5.599606845632800790e-03 0.000000000000000000e+00 -3.381696561000313017e-01
8.586920767724958966e-04 0.000000000000000000e+00 -3.397347522295022237e-01
-3.851709410137611408e-03 0.000000000000000000e+00 -3.412400899394386067e-01
-8.527496015141418362e-03 0.000000000000000000e+00 -3.426910527892781944e-01
-1.316697978932635481e-02 0.000000000000000000e+00 -3.440924005575693445e-01
-1.777069462583766302e-02 0.000000000000000000e+00 -3.454481733416824851e-01
-2.234116201627855611e-02 0.000000000000000000e+00 -3.467616212070686599e-01
-2.688262132992968664e-02 0.000000000000000000e+00 -3.480351605937277437e-01
-3.140073229980770708e-02 0.000000000000000000e+00 -3.492703579693270943e-01
-3.590225792832726220e-02 0.000000000000000000e+00 -3.504679404921180463e-01
-4.039473634467791174e-02 0.000000000000000000e+00 -3.516278327308491325e-01
-4.488615024967367029e-02 0.000000000000000000e+00 -3.527492178014081659e-01
-4.938460247081303406e-02 0.000000000000000000e+00 -3.538306206383737829e-01
-5.389800582501769188e-02 0.000000000000000000e+00 -3.548700105402778915e-01
-5.843379495865388268e-02 0.000000000000000000e+00 -3.558649196248779845e-01
-6.299866711863237601e-02 0.000000000000000000e+00 -3.568125734178736463e-01
-6.759835792389266851e-02 0.000000000000000000e+00 -3.577100294857905594e-01
-7.223745717679157241e-02 0.000000000000000000e+00 -3.585543198192080450e-01
-7.691926860575751257e-02 0.000000000000000000e+00 -3.593425925813722444e-01
-8.164571619381881529e-02 0.000000000000000000e+00 -3.600722488619747530e-01
-8.641729845414407307e-02 0.000000000000000000e+00 -3.607410702159616345e-01
-9.123309069675122895e-02 0.000000000000000000e+00 -3.613473330192827904e-01
-9.609079402371399625e-02 0.000000000000000000e+00 -3.618899060312539828e-01
-1.009868285268375881e-01 0.000000000000000000e+00 -3.623683280077658053e-01
-1.059164669740155079e-01 0.000000000000000000e+00 -3.627828627495657821e-01
-1.108740041884399563e-01 0.000000000000000000e+00 -3.631345295816925112e-01
-1.158529563759153613e-01 0.000000000000000000e+00 -3.634251079284513408e-01
-1.208462838636840120e-01 0.000000000000000000e+00 -3.636571153562022096e-01
-1.258466300993641429e-01 0.000000000000000000e+00 -3.638337591857593867e-01
-1.308465693362644566e-01 0.000000000000000000e+00 -3.639588625088240881e-01
-1.358388552120204651e-01 0.000000000000000000e+00 -3.640367661599137050e-01
-1.408166624165852199e-01 0.000000000000000000e+00 -3.640722088783223676e-01
-1.457738138432086716e-01 0.000000000000000000e+00 -3.640701885261608539e-01
-1.507049860169711042e-01 0.000000000000000000e+00 -3.640358077920879398e-01
-1.556058861893659662e-01 0.000000000000000000e+00 -3.639741082911971404e-01
-1.604733952591206880e-01 0.000000000000000000e+00 -3.638898973568953088e-01
-1.653056716091611811e-01 0.000000000000000000e+00 -3.637875721000624063e-01
-1.701022120136032878e-01 0.000000000000000000e+00 -3.636709454764411320e-01
-1.748638669397060974e-01 0.000000000000000000e+00 -3.635430791500053882e-01
-1.795928088179115922e-01 0.000000000000000000e+00 -3.634061278658539673e-01
-1.842924531464983362e-01 0.000000000000000000e+00 -3.632611998517928931e-01
-1.889673336028593609e-01 0.000000000000000000e+00 -3.631082374570484550e-01
-1.936229336174763171e-01 0.000000000000000000e+00 -3.629459218161843470e-01
-1.982654780962738450e-01 0.000000000000000000e+00 -3.627716048057538223e-01
-2.029016901204511170e-01 0.000000000000000000e+00 -3.625812709524623978e-01
-2.075385184804615368e-01 0.000000000000000000e+00 -3.623695312688689496e-01
-2.121828427857188060e-01 0.000000000000000000e+00 -3.621296502520098826e-01
-2.168411636105456453e-01 0.000000000000000000e+00 -3.618536064994091750e-01
-2.215192856706294511e-01 0.000000000000000000e+00 -3.615321865944312041e-01
-2.262220023581801021e-01 0.000000000000000000e+00 -3.611551111081719445e-01
-2.309527900884172924e-01 0.000000000000000000e+00 -3.607111907775487070e-01
-2.357135208204836352e-01 0.000000000000000000e+00 -3.601885101681231438e-01
-2.405042008132398657e-01 0.000000000000000000e+00 -3.595746354338588691e-01
-2.453227431668325020e-01 0.000000000000000000e+00 -3.588568421616543103e-01
-2.501647809957932567e-01 0.000000000000000000e+00 -3.580223587515958261e-01
-2.550235271949884974e-01 0.000000000000000000e+00 -3.570586203479472198e-01
-2.598896857167850016e-01 0.000000000000000000e+00 -3.559535280120280643e-01
-2.647514181011191292e-01 0.000000000000000000e+00 -3.546957076248247187e-01
-2.695943677179610809e-01 0.000000000000000000e+00 -3.532747629300256320e-01
-2.744017428248851642e-01 0.000000000000000000e+00 -3.516815171798270412e-01
-2.791544581439704409e-01 0.000000000000000000e+00 -3.499082380258400904e-01
-2.838313332561237523e-01 0.000000000000000000e+00 -3.479488406022657188e-01
-2.884093447314988179e-01 0.000000000000000000e+00 -3.457990641716718883e-01
-2.928639275958297428e-01 0.000000000000000000e+00 -3.434566182358788078e-01
-2.971693205066878174e-01 0.000000000000000000e+00 -3.409212946436852021e-01
-3.012989479112407887e-01 0.000000000000000000e+00 -3.381950429391448742e-01
-3.052258315054570126e-01 0.000000000000000000e+00 -3.352820069725571117e-01
-3.089230225376896621e-01 0.000000000000000000e+00 -3.321885216233513294e-01
-3.123640459168513517e-01 0.000000000000000000e+00 -3.289230693405535422e-01
-3.155233467119354929e-01 0.000000000000000000e+00 -3.254961970727071607e-01
-3.183767294753994115e-01 0.000000000000000000e+00 -3.219203950149148175e-01
-3.209017808925438975e-01 0.000000000000000000e+00 -3.182099394262433711e-01
-3.230782665517359931e-01 0.000000000000000000e+00 -3.143807025469405603e-01
-3.248884931399483311e-01 0.000000000000000000e+00 -3.104499333537794059e-01
-3.263176280831852072e-01 0.000000000000000000e+00 -3.064360135169824084e-01
-3.273539695555024442e-01 0.000000000000000000e+00 -3.023581934491598733e-01
-3.279891608524629354e-01 0.000000000000000000e+00 -2.982363137534501107e-01
-3.282183443398844491e-01 0.000000000000000000e+00 -2.940905176750822636e-01
-3.280402515180210754e-01 0.000000000000000000e+00 -2.899409603312517736e-01
-3.274572271534639811e-01 0.000000000000000000e+00 -2.858075205348581949e-01
-3.264751868926473177e-01 0.000000000000000000e+00 -2.817095209377023513e-01
-3.251035092472263077e-01 0.000000000000000000e+00 -2.776654620007049101e-01
-3.233548642977700505e-01 0.000000000000000000e+00 -2.736927749580783664e-01
-3.212449828636150251e-01 0.000000000000000000e+00 -2.698075984875856759e-01
-3.187923712001550225e-01 0.000000000000000000e+00 -2.660245832411026190e-01
-3.160179774791813667e-01 0.000000000000000000e+00 -2.623567277421551824e-01
-3.129448173549366774e-01 0.000000000000000000e+00 -2.588152484354618310e-01
-3.095975667936369802e-01 0.000000000000000000e+00 -2.554094858950232694e-01
-3.060021310268842276e-01 0.000000000000000000e+00 -2.521468483804793492e-01
-3.021851989637910907e-01 0.000000000000000000e+00 -2.490327930956397484e-01
-2.981737926520084403e-01 0.000000000000000000e+00 -2.460708446679927552e-01
-2.939948214086932632e-01 0.000000000000000000e+00 -2.432626495531982624e-01
-2.896746500487359377e-01 0.000000000000000000e+00 -2.406080642930673030e-01
-2.852386902246629163e-01 0.000000000000000000e+00 -2.381052748372933792e-01
-2.807110232712082265e-01 0.000000000000000000e+00 -2.357509434947022697e-01
-2.761140621332985878e-01 0.000000000000000000e+00 -2.335403795236640212e-01
-2.714682589694503156e-01 0.000000000000000000e+00 -2.314677289159622897e-01
-2.667918638877879722e-01 0.000000000000000000e+00 -2.295261785837669488e-01
-2.621007390170585483e-01 0.000000000000000000e+00 -2.277081699325711472e-01
-2.574082307709431583e-01 0.000000000000000000e+00 -2.260056166983361037e-01
-2.527251017635930297e-01 0.000000000000000000e+00 -2.244101219459267438e-01
-2.480595224117918829e-01 0.000000000000000000e+00 -2.229131892665262848e-01
-2.434171208491076321e-01 0.000000000000000000e+00 -2.215064234694364420e-01
-2.388010884140312762e-01 0.000000000000000000e+00 -2.201817164310398423e-01
-2.342123366903533233e-01 0.000000000000000000e+00 -2.189314142306257871e-01
-2.296497009047896720e-01 0.000000000000000000e+00 -2.177484622568076900e-01
-2.251101834522039324e-01 0.000000000000000000e+00 -2.166265255948839341e-01
-2.205892304472530097e-01 0.000000000000000000e+00 -2.155600826885219756e-01
-2.160810335133813709e-01 0.000000000000000000e+00 -2.145444909911238818e-01
-2.115788485316856815e-01 0.000000000000000000e+00 -2.135760240648406916e-01
-2.070753227941661834e-01 0.000000000000000000e+00 -2.126518803297639815e-01
-2.025628219439388200e-01 0.000000000000000000e+00 -2.117701643937123235e-01
-1.980337482394073645e-01 0.000000000000000000e+00 -2.109298425861815263e-01
-1.934808420451123168e-01 0.000000000000000000e+00 -2.101306749613304492e-01
-1.888974590187000868e-01 0.000000000000000000e+00 -2.093731266086560350e-01
-1.842778162159184885e-01 0.000000000000000000e+00 -2.086582616023472669e-01
-1.796172012539110630e-01 0.000000000000000000e+00 -2.079876233194226653e-01
-1.749121397334279793e-01 0.000000000000000000e+00 -2.073631051532758840e-01
-1.701605172954910872e-01 0.000000000000000000e+00 -2.067868158364270792e-01
-1.653616539473493074e-01 0.000000000000000000e+00 -2.062609436601598734e-01
-1.605163296039988641e-01 0.000000000000000000e+00 -2.057876238382347900e-01
-1.556267611216350655e-01 0.000000000000000000e+00 -2.053688131088343416e-01
-1.506965324142827967e-01 0.000000000000000000e+00 -2.050061754079699483e-01
-1.457304805110616885e-01 0.000000000000000000e+00 -2.047009820861507845e-01
-1.407345415969316338e-01 0.000000000000000000e+00 -2.044540296880637820e-01
-1.357155621542263657e-01 0.000000000000000000e+00 -2.042655777845223952e-01
-1.306810812585559589e-01 0.000000000000000000e+00 -2.041353087511069975e-01
-1.256390908569725018e-01 0.000000000000000000e+00 -2.040623107444723139e-01
-1.205977814489774119e-01 0.000000000000000000e+00 -2.040450844521364271e-01
-1.155652809869011782e-01 0.000000000000000000e+00 -2.040815735023648880e-01
-1.105493950013009818e-01 0.000000000000000000e+00 -2.041692177355333704e-01
-1.055573559343615520e-01 0.000000000000000000e+00 -2.043050278749470594e-01
-1.005955894302895670e-01 0.000000000000000000e+00 -2.044856795108088987e-01
-9.566950489211382969e-02 0.000000000000000000e+00 -2.047076237421284750e-01
-9.078331698008522410e-02 0.000000000000000000e+00 -2.049672113226923553e-01
-8.593990391388209305e-02 0.000000000000000000e+00 -2.052608267418233046e-01
-8.114070746946069890e-02 0.000000000000000000e+00 -2.055850283494599084e-01
-7.638567845606719642e-02 0.000000000000000000e+00 -2.059366904166151369e-01
-7.167327024748995634e-02 0.000000000000000000e+00 -2.063131429124223093e-01
-6.700048165464168870e-02 0.000000000000000000e+00 -2.067123047809052150e-01
-6.236294909657307678e-02 0.000000000000000000e+00 -2.071328066146169711e-01
-5.775508668773086246e-02 0.000000000000000000e+00 -2.075740988458281422e-01
-5.317027154472359768e-02 0.000000000000000000e+00 -2.080365419036888097e-01
-4.860107035956150179e-02 0.000000000000000000e+00 -2.085214752097400148e-01
-4.403950212045426582e-02 0.000000000000000000e+00 -2.090312623938765935e-01
-3.947733081578702619e-02 0.000000000000000000e+00 -2.095693106957208507e-01
-3.490638105895488286e-02 0.000000000000000000e+00 -2.101400631578330958e-01
-3.031886884482895214e-02 0.000000000000000000e+00 -2.107489629012314347e-01
-2.570773911210252893e-02 0.000000000000000000e+00 -2.114023894831552342e-01
-2.106700145429244581e-02 0.000000000000000000e+00 -2.121075680540401021e-01
-1.639205520539140440e-02 0.000000000000000000e+00 -2.128724527371879671e-01
-1.167999522843183972e-02 0.000000000000000000e+00 -2.137055863327299576e-01
-6.929890055466216871e-03 0.000000000000000000e+00 -2.146159390799620426e-01
-2.143024559240487136e-03 0.000000000000000000e+00 -2.156127297828438483e-01
2.676899931573579940e-03 0.000000000000000000e+00 -2.167052330977365660e-01
7.523614246998162891e-03 0.000000000000000000e+00 -2.179025771875243156e-01
1.238818381703474421e-02 0.000000000000000000e+00 -2.192135362515016117e-01
1.725896882328375320e-02 0.000000000000000000e+00 -2.206463226376527142e-01
2.212164462365953307e-02 0.000000000000000000e+00 -2.222083833276889131e-01
2.695928361581971869e-02 0.000000000000000000e+00 -2.239062055527369921e-01
3.175249826509057849e-02 0.000000000000000000e+00 -2.257451361490422637e-01
3.647964357482466613e-02 0.000000000000000000e+00 -2.277292190015016704e-01
4.111707585630913764e-02 0.000000000000000000e+00 -2.298610545540907546e-01
4.563946329604613716e-02 0.000000000000000000e+00 -2.321416848988127335e-01
5.002014255357496025e-02 0.000000000000000000e+00 -2.345705073996013912e-01
5.423151448394063212e-02 0.000000000000000000e+00 -2.371452191778120611e-01
5.824547109343546775e-02 0.000000000000000000e+00 -2.398617940965371842e-01
6.203384502970744202e-02 0.000000000000000000e+00 -2.427144931484959134e-01
6.556887229788889437e-02 0.000000000000000000e+00 -2.456959083942786837e-01
6.882365849845106798e-02 0.000000000000000000e+00 -2.487970398325509980e-01
7.177263871033572051e-02 0.000000000000000000e+00 -2.520074038299138230e-01
7.439202119948767900e-02 0.000000000000000000e+00 -2.553151710137354091e-01
7.666020541764352603e-02 0.000000000000000000e+00 -2.587073308539556415e-01
7.855816526307435321e-02 0.000000000000000000e+00 -2.621698795460609688e-01
8.006978929253660837e-02 0.000000000000000000e+00 -2.656880272720310576e-01
8.188583924640713274e-02 0.000000000000000000e+00 -2.728293744182615499e-01
