3.933427321271011634e-02 2.134355012611873492e-01 0.000000000000000000e+00
3.881622676523043686e-02 2.042440224452287401e-01 0.000000000000000000e+00
3.830735415382224146e-02 1.949369623631460324e-01 0.000000000000000000e+00
3.782770832573907616e-02 1.854792960688206871e-01 0.000000000000000000e+00
3.738525590990166014e-02 1.758477923571671320e-01 0.000000000000000000e+00
3.697591025111623964e-02 1.660321378864570430e-01 0.000000000000000000e+00
3.658459082895437753e-02 1.560349275295368210e-01 0.000000000000000000e+00
3.618724021835174887e-02 1.458705886248707617e-01 0.000000000000000000e+00
3.575362665968632309e-02 1.355633942969313999e-01 0.000000000000000000e+00
3.525067201620378510e-02 1.251447910657337848e-01 0.000000000000000000e+00
3.464598149198655497e-02 1.146503131204058140e-01 0.000000000000000000e+00
3.391122055110797062e-02 1.041163767939207174e-01 0.000000000000000000e+00
3.302499022282811419e-02 9.357724337462672293e-02 0.000000000000000000e+00
3.197489470035866366e-02 8.306240830466658787e-02 0.000000000000000000e+00
3.075857114407299850e-02 7.259462406609853979e-02 0.000000000000000000e+00
2.938355352967220169e-02 6.218869830334140814e-02 0.000000000000000000e+00
2.786595997482711751e-02 5.185113464700714936e-02 0.000000000000000000e+00
2.622811413705825045e-02 4.158060828291081090e-02 0.000000000000000000e+00
2.449532335416859663e-02 3.136919819192671849e-02 0.000000000000000000e+00
2.269212735463912653e-02 2.120423886546553630e-02 0.000000000000000000e+00
2.083839183952627613e-02 1.107061046589271486e-02 0.000000000000000000e+00
1.894564441148511441e-02 9.532604461768868229e-04 0.000000000000000000e+00
1.701403344862590858e-02 -9.160257629444192723e-03 0.000000000000000000e+00
1.503023501541278506e-02 -1.927743181956076760e-02 0.000000000000000000e+00
1.296654423200371137e-02 -2.939880394794511936e-02 0.000000000000000000e+00
1.078127461486463531e-02 -3.951648618575036992e-02 0.000000000000000000e+00
8.420463204020860529e-03 -4.961327651505113845e-02 0.000000000000000000e+00
5.820753563646623857e-03 -5.966241852602930523e-02 0.000000000000000000e+00
2.913215700802125347e-03 -6.962800277474140431e-02 0.000000000000000000e+00
-3.722270679877926272e-04 -7.946596307099589029e-02 0.000000000000000000e+00
-4.102150481829169165e-03 -8.912558436951525942e-02 0.000000000000000000e+00
-8.335165197654354971e-03 -9.855141124734166647e-02 0.000000000000000000e+00
-1.311801904511411196e-02 -1.076854281417216480e-01 0.000000000000000000e+00
-1.848259048939772040e-02 -1.164693745811189313e-01 0.000000000000000000e+00
-2.444400980532707157e-02 -1.248470598213369392e-01 0.000000000000000000e+00
-3.100003539741187988e-02 -1.327665503258738111e-01 0.000000000000000000e+00
-3.813169429814788208e-02 -1.401821188245210015e-01 0.000000000000000000e+00
-4.580508027258936576e-02 -1.470558635643962608e-01 0.000000000000000000e+00
-5.397410169823205206e-02 -1.533589292139597438e-01 0.000000000000000000e+00
-6.258389423075901015e-02 -1.590722852491399941e-01 0.000000000000000000e+00
-7.157456718132863827e-02 -1.641870423258178224e-01 0.000000000000000000e+00
-8.088494104104075599e-02 -1.687043111366481607e-01 0.000000000000000000e+00
-9.045595648008088185e-02 -1.726346307611945352e-01 0.000000000000000000e+00
-1.002334886043540346e-01 -1.759970138686516861e-01 0.000000000000000000e+00
-1.101703773636038691e-01 -1.788176737026808683e-01 0.000000000000000000e+00
-1.202275766148767078e-01 -1.811285119599971016e-01 0.000000000000000000e+00
-1.303744201094126920e-01 -1.829654568558203298e-01 0.000000000000000000e+00
-1.405880922214838846e-01 -1.843667462565079518e-01 0.000000000000000000e+00
-1.508524653151075423e-01 -1.853712512390502110e-01 0.000000000000000000e+00
-1.611565170758693932e-01 -1.860169304652694311e-01 0.000000000000000000e+00
-1.714925655502878843e-01 -1.863394952655079428e-01 0.000000000000000000e+00
-1.818545558504053583e-01 -1.863713496121219004e-01 0.000000000000000000e+00
-1.922366025141211965e-01 -1.861408489652995324e-01 0.000000000000000000e+00
-2.026319402362831146e-01 -1.856718984912707482e-01 0.000000000000000000e+00
-2.130323701762200372e-01 -1.849838860080730285e-01 0.000000000000000000e+00
-2.234282176941614073e-01 -1.840919201514059633e-01 0.000000000000000000e+00
-2.338087488701619809e-01 -1.830073217797237584e-01 0.000000000000000000e+00
-2.441629355102699905e-01 -1.817382986173027015e-01 0.000000000000000000e+00
-2.544804179390174337e-01 -1.802907213589663993e-01 0.000000000000000000e+00
-2.647524958180537680e-01 -1.786689152284470505e-01 0.000000000000000000e+00
-2.749729809285361704e-01 -1.768763849096853247e-01 0.000000000000000000e+00
-2.851387709494013212e-01 -1.749164026651059411e-01 0.000000000000000000e+00
-2.952500458701307062e-01 -1.727924082779616344e-01 0.000000000000000000e+00
-3.053100429203376986e-01 -1.705081933779241110e-01 0.000000000000000000e+00
-3.153244246678078566e-01 -1.680678692660726725e-01 0.000000000000000000e+00
-3.253003107616755374e-01 -1.654756436902314332e-01 0.000000000000000000e+00
-3.352450897489050452e-01 -1.627354551889971801e-01 0.000000000000000000e+00
-3.451651578946760557e-01 -1.598505309239902639e-01 0.000000000000000000e+00
-3.550647434037871863e-01 -1.568229432280174307e-01 0.000000000000000000e+00
-3.649449656584312085e-01 -1.536532401333191022e-01 0.000000000000000000e+00
-3.748032513172381286e-01 -1.503402156690634706e-01 0.000000000000000000e+00
-3.846331858966364203e-01 -1.468808676067853702e-01 0.000000000000000000e+00
-3.944248261289232671e-01 -1.432705655265378020e-01 0.000000000000000000e+00
-4.041654414626081882e-01 -1.395034233976614468e-01 0.000000000000000000e+00
-4.138405994029824564e-01 -1.355728417257381913e-01 0.000000000000000000e+00
-4.234354653954213177e-01 -1.314721583279284678e-01 0.000000000000000000e+00
-4.329361588430492569e-01 -1.271953273631153958e-01 0.000000000000000000e+00
-4.423309960458938761e-01 -1.227375361289590461e-01 0.000000000000000000e+00
-4.516114596106063916e-01 -1.180956701190053332e-01 0.000000000000000000e+00
-4.607727611944432144e-01 -1.132685494298320134e-01 0.000000000000000000e+00
-4.698139071815349288e-01 -1.082568829650499831e-01 0.000000000000000000e+00
-4.787372301887479198e-01 -1.030629188027398779e-01 0.000000000000000000e+00
-4.875474071743590154e-01 -9.768980623226430904e-02 0.000000000000000000e+00
-4.962500409594418627e-01 -9.214072317495915210e-02 0.000000000000000000e+00
-5.048499300646561716e-01 -8.641785747269344065e-02 0.000000000000000000e+00
-5.133491868050478191e-01 -8.052135750368746847e-02 0.000000000000000000e+00
-5.217453820112872842e-01 -7.444838308018696116e-02 0.000000000000000000e+00
-5.300298949028483531e-01 -6.819238904056719452e-02 0.000000000000000000e+00
-5.381866289083000465e-01 -6.174276029014489492e-02 0.000000000000000000e+00
-5.461912209190971090e-01 -5.508488886228952996e-02 0.000000000000000000e+00
-5.540108264866183685e-01 -4.820074313597244586e-02 0.000000000000000000e+00
-5.616045118415722293e-01 -4.106993042592517462e-02 0.000000000000000000e+00
-5.689242308409402371e-01 -3.367120166112970436e-02 0.000000000000000000e+00
-5.759163163986024125e-01 -2.598429632290116809e-02 0.000000000000000000e+00
-5.825233762620122269e-01 -1.799198280087480756e-02 0.000000000000000000e+00
-5.886864555684150346e-01 -9.682118839730443141e-03 0.000000000000000000e+00
-5.943473153222120775e-01 -1.049542633207600816e-03 0.000000000000000000e+00
-5.994506769942724578e-01 7.902390401955301097e-03 0.000000000000000000e+00
-6.039462974931447681e-01 1.716078676492316032e-02 0.000000000000000000e+00
-6.077907631271316502e-01 2.670283094738579166e-02 0.000000000000000000e+00
-6.109489222951985932e-01 3.649610530262993591e-02 0.000000000000000000e+00
-6.133949105388518674e-01 4.649961792903003349e-02 0.000000000000000000e+00
-6.151127543911512063e-01 5.666547786683125143e-02 0.000000000000000000e+00
-6.160965688855166711e-01 6.694109625713499934e-02 0.000000000000000000e+00
-6.163503852910872105e-01 7.727174199177838654e-02 0.000000000000000000e+00
-6.158876594389789405e-01 8.760324606374376988e-02 0.000000000000000000e+00
-6.147305169219140497e-01 9.788463401324612456e-02 0.000000000000000000e+00
-6.129087906091139626e-01 1.080704722688526354e-01 0.000000000000000000e+00
-6.104589002718472379e-01 1.181227413204948978e-01 0.000000000000000000e+00
-6.074226160820958009e-01 1.280120938739274239e-01 0.000000000000000000e+00
-6.038457397994941855e-01 1.377184148575814338e-01 0.000000000000000000e+00
-5.997767317209051763e-01 1.472306663831423612e-01 0.000000000000000000e+00
-5.952653093664481698e-01 1.565460677034448411e-01 0.000000000000000000e+00
-5.903610459404986521e-01 1.656687209984729903e-01 0.000000000000000000e+00
-5.851120023759770472e-01 1.746078422550662868e-01 0.000000000000000000e+00
-5.795634348786637968e-01 1.833757877300508932e-01 0.000000000000000000e+00
-5.737566282849676513e-01 1.919860775055065305e-01 0.000000000000000000e+00
-5.677279118320887052e-01 2.004516076489497589e-01 0.000000000000000000e+00
-5.615079157643780849e-01 2.087832129359232791e-01 0.000000000000000000e+00
-5.551211226711304514e-01 2.169886965290313552e-01 0.000000000000000000e+00
-5.485857554878674769e-01 2.250723866812826823e-01 0.000000000000000000e+00
-5.419140246761237067e-01 2.330352197933893976e-01 0.000000000000000000e+00
-5.351127313742926050e-01 2.408752907499410179e-01 0.000000000000000000e+00
-5.281841935409579136e-01 2.485887617759585111e-01 0.000000000000000000e+00
-5.211274314337250857e-01 2.561709854138332632e-01 0.000000000000000000e+00
-5.139395208428829687e-01 2.636176792875917219e-01 0.000000000000000000e+00
-5.066170010517722089e-01 2.709259917116201288e-01 0.000000000000000000e+00
-4.991572128055623003e-01 2.780953173138686063e-01 0.000000000000000000e+00
-4.915594420042463386e-01 2.851277579518419203e-01 0.000000000000000000e+00
-4.838257584645419551e-01 2.920281717798918208e-01 0.000000000000000000e+00
-4.759614654564750524e-01 2.988038065930466169e-01 0.000000000000000000e+00
-4.679751127657310605e-01 3.054635661551153847e-01 0.000000000000000000e+00
-4.598780702766963047e-01 3.120170039020193631e-01 0.000000000000000000e+00
-4.516837059286372691e-01 3.184731718559875024e-01 0.000000000000000000e+00
-4.434062561800866109e-01 3.248394699451311873e-01 0.000000000000000000e+00
-4.350595136291123266e-01 3.311206402817880590e-01 0.000000000000000000e+00
-4.266554806068899031e-01 3.373180325458012829e-01 0.000000000000000000e+00
-4.182031460219244323e-01 3.434292327913835430e-01 0.000000000000000000e+00
-4.097075337857208344e-01 3.494481029231160107e-01 0.000000000000000000e+00
-4.011691450543602433e-01 3.553652272740730478e-01 0.000000000000000000e+00
-3.925838755440848593e-01 3.611687123507364428e-01 0.000000000000000000e+00
-3.839434374258648419e-01 3.668452420121113278e-01 0.000000000000000000e+00
-3.752362583041004562e-01 3.723812584652765323e-01 0.000000000000000000e+00
-3.664487739021947688e-01 3.777641234033389805e-01 0.000000000000000000e+00
-3.575669827960212821e-01 3.829831154048984332e-01 0.000000000000000000e+00
-3.485780967024211252e-01 3.880301392308440622e-01 0.000000000000000000e+00
-3.394721029474452312e-01 3.929000576254541577e-01 0.000000000000000000e+00
-3.302430593946736881e-01 3.975906024988948850e-01 0.000000000000000000e+00
-3.208899666096031167e-01 4.021018743783894567e-01 0.000000000000000000e+00
-3.114171052775994708e-01 4.064354904563750037e-01 0.000000000000000000e+00
-3.018337845549481369e-01 4.105934861250430390e-01 0.000000000000000000e+00
-2.921535129892404714e-01 4.145771070117387214e-01 0.000000000000000000e+00
-2.823926706232381401e-01 4.183856440930667220e-01 0.000000000000000000e+00
-2.725688212793364040e-01 4.220154612862370702e-01 0.000000000000000000e+00
-2.626988507180745280e-01 4.254593430486597327e-01 0.000000000000000000e+00
-2.527971436359445212e-01 4.287062512813349935e-01 0.000000000000000000e+00
-2.428740166255121125e-01 4.317415305772085987e-01 0.000000000000000000e+00
-2.329346040989348776e-01 4.345475444795923181e-01 0.000000000000000000e+00
-2.229783513288443042e-01 4.371046696922231689e-01 0.000000000000000000e+00
-2.129992073510062756e-01 4.393925269761499997e-01 0.000000000000000000e+00
-2.029865368583168572e-01 4.413912929222812975e-01 0.000000000000000000e+00
-1.929266922728376799e-01 4.430829205793832548e-01 0.000000000000000000e+00
-1.828051134471604666e-01 4.444521016693778748e-01 0.000000000000000000e+00
-1.726087611579433245e-01 4.454868290435986533e-01 0.000000000000000000e+00
-1.623286487186718918e-01 4.461784628293921084e-01 0.000000000000000000e+00
-1.519622186138683273e-01 4.465212627838823223e-01 0.000000000000000000e+00
-1.415153203604060106e-01 4.465114162703037182e-01 0.000000000000000000e+00
-1.310035812078127748e-01 4.461456584130775727e-01 0.000000000000000000e+00
-1.204530192592990628e-01 4.454196404705320078e-01 0.000000000000000000e+00
-1.098998230374872570e-01 4.443262469699991168e-01 0.000000000000000000e+00
-9.938930444739327297e-02 4.428540857897000915e-01 0.000000000000000000e+00
-8.897411450462931748e-02 4.409863743933846170e-01 0.000000000000000000e+00
-7.871188409345540593e-02 4.387004186977268017e-01 0.000000000000000000e+00
-6.866250740438203937e-02 4.359678302769758873e-01 0.000000000000000000e+00
-5.888531750828953498e-02 4.327555572060164391e-01 0.000000000000000000e+00
-4.943640831608815678e-02 4.290277205514015368e-01 0.000000000000000000e+00
-4.036633454905505514e-02 4.247481607289060324e-01 0.000000000000000000e+00
-3.171837400428355325e-02 4.198835148311830245e-01 0.000000000000000000e+00
-2.352746984909581326e-02 4.144065765869893725e-01 0.000000000000000000e+00
-1.581989261524835780e-02 4.082996426971536308e-01 0.000000000000000000e+00
-8.613581001832794695e-03 4.015575287507189839e-01 0.000000000000000000e+00
-1.919046831561175377e-03 3.941899479399390560e-01 0.000000000000000000e+00
4.259328955517176392e-03 3.862229864908167110e-01 0.000000000000000000e+00
9.921818819423205288e-03 3.776994781016934088e-01 0.000000000000000000e+00
1.507190945097953289e-02 3.686781698531663154e-01 0.000000000000000000e+00
1.971510371516226046e-02 3.592316758136264165e-01 0.000000000000000000e+00
2.385812438935396018e-02 3.494433221919567290e-01 0.000000000000000000e+00
2.750861828311247648e-02 3.394030891055081489e-01 0.000000000000000000e+00
3.067538480206163584e-02 3.292029390375986186e-01 0.000000000000000000e+00
3.336907516532722218e-02 3.189318825183980466e-01 0.000000000000000000e+00
3.560323689542222586e-02 3.086711614446411289e-01 0.000000000000000000e+00
3.739552183004146713e-02 2.984899266386428218e-01 0.000000000000000000e+00
3.876884201607950359e-02 2.884417488438149046e-01 0.000000000000000000e+00
3.975225111621927959e-02 2.785622346856977960e-01 0.000000000000000000e+00
4.038135089424560453e-02 2.688679273987424345e-01 0.000000000000000000e+00
4.069807105081497955e-02 2.593565647950780151e-01 0.000000000000000000e+00
4.074974102064306269e-02 2.500086539186116008e-01 0.000000000000000000e+00
4.058745648091985347e-02 2.407902134212406564e-01 0.000000000000000000e+00
4.026383159117227079e-02 2.316564406975306356e-01 0.000000000000000000e+00
3.933427321271011634e-02 2.134355012611873492e-01 0.000000000000000000e+00
