0.000000000000000000e+00 2.772149247196567523e-01 -6.714905604429721730e-01
0.000000000000000000e+00 2.793992970629249895e-01 -6.770989239742113419e-01
0.000000000000000000e+00 2.809505546937698939e-01 -6.828654167718828383e-01
0.000000000000000000e+00 2.818504747466391569e-01 -6.887580558099480887e-01
0.000000000000000000e+00 2.820900956019514183e-01 -6.947409843229188642e-01
0.000000000000000000e+00 2.816698965474772609e-01 -7.007754158537923272e-01
0.000000000000000000e+00 2.805996644517458893e-01 -7.068206999913867472e-01
0.000000000000000000e+00 2.788980567558528856e-01 -7.128354681124345893e-01
0.000000000000000000e+00 2.765918825413001825e-01 -7.187788138867324816e-01
0.000000000000000000e+00 2.737151347803470913e-01 -7.246114617267498392e-01
0.000000000000000000e+00 2.703078166185919340e-01 -7.302968768384384690e-01
0.000000000000000000e+00 2.664146122529675864e-01 -7.358022730355509022e-01
0.000000000000000000e+00 2.620834583263338957e-01 -7.410994789005123096e-01
0.000000000000000000e+00 2.573640745498184113e-01 -7.461656290082578913e-01
0.000000000000000000e+00 2.523065123956460543e-01 -7.509836544948234049e-01
0.000000000000000000e+00 2.469597782115607876e-01 -7.555425559044794959e-01
0.000000000000000000e+00 2.413705821508823068e-01 -7.598374505937279810e-01
0.000000000000000000e+00 2.355822571615817373e-01 -7.638693965833548427e-01
0.000000000000000000e+00 2.296338833052694595e-01 -7.676450041962473714e-01
0.000000000000000000e+00 2.235596423355807605e-01 -7.711758556741304949e-01
0.000000000000000000e+00 2.173884162666636366e-01 -7.744777608354702636e-01
0.000000000000000000e+00 2.111436321512655534e-01 -7.775698833721818026e-01
0.000000000000000000e+00 2.048433440160433994e-01 -7.804737773007677237e-01
0.000000000000000000e+00 1.985005324009779804e-01 -7.832123761771015991e-01
0.000000000000000000e+00 1.921235927065134408e-01 -7.858089788320384850e-01
0.000000000000000000e+00 1.857169759839417122e-01 -7.882862745571956875e-01
0.000000000000000000e+00 1.792819402411358065e-01 -7.906654479280896819e-01
0.000000000000000000e+00 1.728173670031504794e-01 -7.929653989452221108e-01
0.000000000000000000e+00 1.663205968783557920e-01 -7.952021081330368224e-01
0.000000000000000000e+00 1.597882392309978306e-01 -7.973881689614751300e-01
0.000000000000000000e+00 1.532169146296935847e-01 -7.995325017992628291e-01
0.000000000000000000e+00 1.466038942989180971e-01 -8.016402549634447094e-01
0.000000000000000000e+00 1.399476080213824247e-01 -8.037128897061172061e-01
0.000000000000000000e+00 1.332480004187471812e-01 -8.057484375858051662e-01
0.000000000000000000e+00 1.265067248139231659e-01 -8.077419109961083699e-01
0.000000000000000000e+00 1.197271734537831422e-01 -8.096858410181194676e-01
0.000000000000000000e+00 1.129143522412366235e-01 -8.115709115206339863e-01
0.000000000000000000e+00 1.060746168020713781e-01 -8.133866547798050961e-01
0.000000000000000000e+00 9.921529424807687403e-02 -8.151221719752738126e-01
0.000000000000000000e+00 9.234422101113516634e-02 -8.167668418055686885e-01
0.000000000000000000e+00 8.546923131370605387e-02 -8.183109821269561879e-01
0.000000000000000000e+00 7.859763300793158602e-02 -8.197464328469686867e-01
0.000000000000000000e+00 7.173570756469693777e-02 -8.210670331073608441e-01
0.000000000000000000e+00 6.488826894377378030e-02 -8.222689718128066705e-01
0.000000000000000000e+00 5.805831205572837411e-02 -8.233509974867120329e-01
0.000000000000000000e+00 5.124677576842583127e-02 -8.243144809092646241e-01
0.000000000000000000e+00 4.445243823998456384e-02 -8.251633316378467198e-01
0.000000000000000000e+00 3.767195417476291303e-02 -8.259037769447634680e-01
0.000000000000000000e+00 3.090003485203828698e-02 -8.265440185652452865e-01
0.000000000000000000e+00 2.412976295144052957e-02 -8.270937885957804214e-01
0.000000000000000000e+00 1.735302578316688660e-02 -8.275638306337919081e-01
0.000000000000000000e+00 1.056104299263680921e-02 -8.279653355816678495e-01
0.000000000000000000e+00 3.744958572063108310e-03 -8.283093633014355639e-01
0.000000000000000000e+00 -3.103537567873493417e-03 -8.286062814310550806e-01
0.000000000000000000e+00 -9.991595863527998056e-03 -8.288652511723636485e-01
0.000000000000000000e+00 -1.692463914937546166e-02 -8.290937868287678869e-01
0.000000000000000000e+00 -2.390587683436260630e-02 -8.292974114788979056e-01
0.000000000000000000e+00 -3.093593382824935678e-02 -8.294794256592488146e-01
0.000000000000000000e+00 -3.801262118742372575e-02 -8.296407995880841213e-01
0.000000000000000000e+00 -4.513086812504080170e-02 -8.297801926287334817e-01
0.000000000000000000e+00 -5.228282639928195225e-02 -8.298940967202886876e-01
0.000000000000000000e+00 -5.945814859348340364e-02 -8.299770937604478149e-01
0.000000000000000000e+00 -6.664443192315724906e-02 -8.300222107587749143e-01
0.000000000000000000e+00 -7.382780946629929897e-02 -8.300213513084060413e-01
0.000000000000000000e+00 -8.099366163591958934e-02 -8.299657778231928074e-01
0.000000000000000000e+00 -8.812741279429522900e-02 -8.298466162682579528e-01
0.000000000000000000e+00 -9.521537159403760386e-02 -8.296553539168209923e-01
0.000000000000000000e+00 -1.022455692954249151e-01 -8.293843010588968223e-01
0.000000000000000000e+00 -1.092085482330173440e-01 -8.290269895506572340e-01
0.000000000000000000e+00 -1.160980529588582083e-01 -8.285784845290191658e-01
0.000000000000000000e+00 -1.229115794267404277e-01 -8.280355903508034299e-01
0.000000000000000000e+00 -1.296507428303012854e-01 -8.273969376088459171e-01
0.000000000000000000e+00 -1.363214321728166700e-01 -8.266629446328557229e-01
0.000000000000000000e+00 -1.429337290192292109e-01 -8.258356538641450362e-01
0.000000000000000000e+00 -1.495015787501842164e-01 -8.249184505404609791e-01
0.000000000000000000e+00 -1.560422145094357282e-01 -8.239156778741281162e-01
0.000000000000000000e+00 -1.625753463551913580e-01 -8.228321690002217137e-01
0.000000000000000000e+00 -1.691221403036139714e-01 -8.216727210886196620e-01
0.000000000000000000e+00 -1.757040233932077866e-01 -8.204415408782512742e-01
0.000000000000000000e+00 -1.823413610289704445e-01 -8.191416932882902291e-01
0.000000000000000000e+00 -1.890520611621755442e-01 -8.177745855459573887e-01
0.000000000000000000e+00 -1.958501658790837430e-01 -8.163395183802096833e-01
0.000000000000000000e+00 -2.027444943624592821e-01 -8.148333332844734933e-01
0.000000000000000000e+00 -2.097374017235217325e-01 -8.132501807523883075e-01
0.000000000000000000e+00 -2.168237157790723069e-01 -8.115814289195735221e-01
0.000000000000000000e+00 -2.239899085061533013e-01 -8.098157254533724370e-01
0.000000000000000000e+00 -2.312135508192420807e-01 -8.079392181315598886e-01
0.000000000000000000e+00 -2.384630887883613659e-01 -8.059359316940802875e-01
0.000000000000000000e+00 -2.456979668751735346e-01 -8.037882906198168254e-01
0.000000000000000000e+00 -2.528691097332849136e-01 -8.014777698623228863e-01
0.000000000000000000e+00 -2.599197592014280689e-01 -7.989856486530159119e-01
0.000000000000000000e+00 -2.667866479672232338e-01 -7.962938365971223842e-01
0.000000000000000000e+00 -2.734014766691655884e-01 -7.933857367498872160e-01
0.000000000000000000e+00 -2.796926475996436290e-01 -7.902471074100476667e-01
0.000000000000000000e+00 -2.855871962957727273e-01 -7.868668831724470181e-01
0.000000000000000000e+00 -2.910128527113868824e-01 -7.832379164276728201e-01
0.000000000000000000e+00 -2.959001568104181468e-01 -7.793576029821477347e-01
0.000000000000000000e+00 -3.001845496489917164e-01 -7.752283597078221122e-01
0.000000000000000000e+00 -3.038083605262017484e-01 -7.708579279426044373e-01
0.000000000000000000e+00 -3.067226136420345139e-01 -7.662594835005211991e-01
0.000000000000000000e+00 -3.088885838166274822e-01 -7.614515422983665349e-01
0.000000000000000000e+00 -3.102790399633694185e-01 -7.564576593966836349e-01
0.000000000000000000e+00 -3.108791267983074258e-01 -7.513059282868738142e-01
0.000000000000000000e+00 -3.106868492186479203e-01 -7.460282961176842864e-01
0.000000000000000000e+00 -3.097131393038427549e-01 -7.406597188324643977e-01
0.000000000000000000e+00 -3.079815023213375302e-01 -7.352371874966524556e-01
0.000000000000000000e+00 -3.055272547502128622e-01 -7.297986630885541226e-01
0.000000000000000000e+00 -3.023963834531964712e-01 -7.243819614201829626e-01
0.000000000000000000e+00 -2.986440700355817990e-01 -7.190236324358083575e-01
0.000000000000000000e+00 -2.943329374857396319e-01 -7.137578787739751185e-01
0.000000000000000000e+00 -2.895310868350715605e-01 -7.086155571335805980e-01
0.000000000000000000e+00 -2.843099993513139578e-01 -7.036233027071415735e-01
0.000000000000000000e+00 -2.787423843614273977e-01 -6.988028118752884765e-01
0.000000000000000000e+00 -2.729000540043145517e-01 -6.941703117195970885e-01
0.000000000000000000e+00 -2.668519040049919799e-01 -6.897362370028586875e-01
0.000000000000000000e+00 -2.606620740577274553e-01 -6.855051264428172475e-01
0.000000000000000000e+00 -2.543883528689808160e-01 -6.814757407658783572e-01
0.000000000000000000e+00 -2.480808817381110754e-01 -6.776413955941537060e-01
0.000000000000000000e+00 -2.417811972560610922e-01 -6.739904931194954374e-01
0.000000000000000000e+00 -2.355216388822354567e-01 -6.705072281635071629e-01
0.000000000000000000e+00 -2.293251314836921573e-01 -6.671724369895674078e-01
0.000000000000000000e+00 -2.232053370875918263e-01 -6.639645514460416065e-01
0.000000000000000000e+00 -2.171671548075236602e-01 -6.608606169358819393e-01
0.000000000000000000e+00 -2.112075338257428658e-01 -6.578373305041526065e-01
0.000000000000000000e+00 -2.053165520540813915e-01 -6.548720551014760582e-01
0.000000000000000000e+00 -1.994787031752071338e-01 -6.519437678161883465e-01
0.000000000000000000e+00 -1.936743275901154360e-01 -6.490339034780782113e-01
0.000000000000000000e+00 -1.878811186448066661e-01 -6.461270603422036851e-01
0.000000000000000000e+00 -1.820756345153878297e-01 -6.432115413047971852e-01
0.000000000000000000e+00 -1.762347482864162207e-01 -6.402797119614402899e-01
0.000000000000000000e+00 -1.703369739078625933e-01 -6.373281654172151534e-01
0.000000000000000000e+00 -1.643636135713237578e-01 -6.343576926937893878e-01
0.000000000000000000e+00 -1.582996821947031674e-01 -6.313730664307602991e-01
0.000000000000000000e+00 -1.521345766343771833e-01 -6.283826539362709074e-01
0.000000000000000000e+00 -1.458624703669477440e-01 -6.253978831194131338e-01
0.000000000000000000e+00 -1.394824280636201841e-01 -6.224325910931978179e-01
0.000000000000000000e+00 -1.329982480664175237e-01 -6.195022899912289160e-01
0.000000000000000000e+00 -1.264180536279685962e-01 -6.166233875864927105e-01
0.000000000000000000e+00 -1.197536653002943680e-01 -6.138124015125326904e-01
0.000000000000000000e+00 -1.130197965291460938e-01 -6.110852052299046155e-01
0.000000000000000000e+00 -1.062331219007834615e-01 -6.084563414079297017e-01
0.000000000000000000e+00 -9.941127228431564933e-02 -6.059384342437333926e-01
0.000000000000000000e+00 -9.257181313019498259e-02 -6.035417266370919354e-01
0.000000000000000000e+00 -8.573126137564361648e-02 -6.012737613687363369e-01
0.000000000000000000e+00 -7.890419285932299964e-02 -5.991392178336648611e-01
0.000000000000000000e+00 -7.210248608052148567e-02 -5.971399078391678161e-01
0.000000000000000000e+00 -6.533473989225123402e-02 -5.952749258878335947e-01
0.000000000000000000e+00 -5.860589273469612309e-02 -5.935409416264404436e-01
0.000000000000000000e+00 -5.191705981697859740e-02 -5.919326151299053596e-01
0.000000000000000000e+00 -4.526559281648271510e-02 -5.904431097448541443e-01
0.000000000000000000e+00 -3.864535478658261830e-02 -5.890646726247479315e-01
0.000000000000000000e+00 -3.204719164200876130e-02 -5.877892500644850138e-01
0.000000000000000000e+00 -2.545957138945773718e-02 -5.866091034251038616e-01
0.000000000000000000e+00 -1.886935369209695110e-02 -5.855173918817148104e-01
0.000000000000000000e+00 -1.226264581832325028e-02 -5.845086903958298663e-01
0.000000000000000000e+00 -5.625696840816160962e-03 -5.835794150872305464e-01
0.000000000000000000e+00 1.054219684503188191e-03 -5.827281333614716674e-01
0.000000000000000000e+00 7.787983352897481261e-03 -5.819557424688917013e-01
0.000000000000000000e+00 1.458391012649572736e-02 -5.812655073053604182e-01
0.000000000000000000e+00 2.144718051760369573e-02 -5.806629558498830335e-01
0.000000000000000000e+00 2.837944419767894633e-02 -5.801556382835607595e-01
0.000000000000000000e+00 3.537862292544730058e-02 -5.797527631594669995e-01
0.000000000000000000e+00 4.243892297819806814e-02 -5.794647306211915261e-01
0.000000000000000000e+00 4.955105696364456302e-02 -5.793025882614165623e-01
0.000000000000000000e+00 5.670266356266050189e-02 -5.792774394845860986e-01
0.000000000000000000e+00 6.387890298313823878e-02 -5.793998369688568850e-01
0.000000000000000000e+00 7.106319624172861837e-02 -5.796791948680508622e-01
0.000000000000000000e+00 7.823806832794925892e-02 -5.801232526941111356e-01
0.000000000000000000e+00 8.538604925944411062e-02 -5.807376214014907667e-01
0.000000000000000000e+00 9.249058332363653545e-02 -5.815254381698303776e-01
0.000000000000000000e+00 9.953689561994480406e-02 -5.824871509436471140e-01
0.000000000000000000e+00 1.065127664431749777e-01 -5.836204472024455470e-01
0.000000000000000000e+00 1.134091680286637982e-01 -5.849203340250860306e-01
0.000000000000000000e+00 1.202207245326323837e-01 -5.863793686447791309e-01
0.000000000000000000e+00 1.269459645484763977e-01 -5.879880307571961895e-01
0.000000000000000000e+00 1.335873455592526404e-01 -5.897352202413709277e-01
0.000000000000000000e+00 1.401510410121523109e-01 -5.916088570653244005e-01
0.000000000000000000e+00 1.466464926253671919e-01 -5.935965543274193124e-01
0.000000000000000000e+00 1.530857425203840383e-01 -5.956863309322739664e-01
0.000000000000000000e+00 1.594825712262963602e-01 -5.978673275539790888e-01
0.000000000000000000e+00 1.658514779625613889e-01 -6.001304884598829270e-01
0.000000000000000000e+00 1.722065483579808542e-01 -6.024691725310075130e-01
0.000000000000000000e+00 1.785602614666405852e-01 -6.048796594066522259e-01
0.000000000000000000e+00 1.849222922525262103e-01 -6.073615209983114216e-01
0.000000000000000000e+00 1.912983674030914460e-01 -6.099178344743246827e-01
0.000000000000000000e+00 1.976892312922379491e-01 -6.125552199482031668e-01
0.000000000000000000e+00 2.040897751689704220e-01 -6.152836941827312112e-01
0.000000000000000000e+00 2.104883763524762752e-01 -6.181163402726155276e-01
0.000000000000000000e+00 2.168664856427068854e-01 -6.210688020834607137e-01
0.000000000000000000e+00 2.231984906920660428e-01 -6.241586207855038815e-01
0.000000000000000000e+00 2.294518712039942399e-01 -6.274044387164481318e-01
0.000000000000000000e+00 2.355876490721798555e-01 -6.308251026564588582e-01
0.000000000000000000e+00 2.415611235368336218e-01 -6.344387040639047903e-01
0.000000000000000000e+00 2.473228687140432147e-01 -6.382615976292802529e-01
0.000000000000000000e+00 2.528199590394086260e-01 -6.423074414594499570e-01
0.000000000000000000e+00 2.579973778054715505e-01 -6.465863021931682608e-01
0.000000000000000000e+00 2.627995555443022324e-01 -6.511038663514187030e-01
0.000000000000000000e+00 2.671719789027231506e-01 -6.558607953151437409e-01
0.000000000000000000e+00 2.710628071606687728e-01 -6.608522556608281695e-01
0.000000000000000000e+00 2.772149247196567523e-01 -6.714905604429721730e-01
