0.000000000000000000e+00 3.977036773294232148e+02 9.022017867808884830e+02
0.000000000000000000e+00 3.982617649751699673e+02 9.009906742728334166e+02
0.000000000000000000e+00 3.987591364879112916e+02 8.997803831376184007e+02
0.000000000000000000e+00 3.991951309296009072e+02 8.985721692527026789e+02
0.000000000000000000e+00 3.995691479155479442e+02 8.973672582438102836e+02
0.000000000000000000e+00 3.998806488782735755e+02 8.961668441441049708e+02
0.000000000000000000e+00 4.001291582677851579e+02 8.949720881963614829e+02
0.000000000000000000e+00 4.003142646844430033e+02 8.937841177993913107e+02
0.000000000000000000e+00 4.004356219406835180e+02 8.926040255993975734e+02
0.000000000000000000e+00 4.004929500479639159e+02 8.914328687263507618e+02
0.000000000000000000e+00 4.004860361254061445e+02 8.902716681748991050e+02
0.000000000000000000e+00 4.004147352267484621e+02 8.891214083287464973e+02
0.000000000000000000e+00 4.002789710823554969e+02 8.879830366268716944e+02
0.000000000000000000e+00 4.000787367531875702e+02 8.868574633693988289e+02
0.000000000000000000e+00 3.998140951938037233e+02 8.857455616603897397e+02
0.000000000000000000e+00 3.994851797216448404e+02 8.846481674842913208e+02
0.000000000000000000e+00 3.990921943900382303e+02 8.835660799122643994e+02
0.000000000000000000e+00 3.986354142625639838e+02 8.825000614341158780e+02
0.000000000000000000e+00 3.981151855866337428e+02 8.814508384110876023e+02
0.000000000000000000e+00 3.975319258643564808e+02 8.804191016442982800e+02
0.000000000000000000e+00 3.968861238189901428e+02 8.794055070532022000e+02
0.000000000000000000e+00 3.961783392555214505e+02 8.784106764580310482e+02
0.000000000000000000e+00 3.954092028141561741e+02 8.774351984598013132e+02
0.000000000000000000e+00 3.945794156157570569e+02 8.764796294111237103e+02
0.000000000000000000e+00 3.936897487985208954e+02 8.755444944707367085e+02
0.000000000000000000e+00 3.927410429454524774e+02 8.746302887343888415e+02
0.000000000000000000e+00 3.917342074024523981e+02 8.737374784344515319e+02
0.000000000000000000e+00 3.906702194871139682e+02 8.728665022004088314e+02
0.000000000000000000e+00 3.895501235885860751e+02 8.720177723721986922e+02
0.000000000000000000e+00 3.883750301591405787e+02 8.711916763582091789e+02
0.000000000000000000e+00 3.871461145983479355e+02 8.703885780296302528e+02
0.000000000000000000e+00 3.858646160310437381e+02 8.696088191427700167e+02
0.000000000000000000e+00 3.845318359805356749e+02 8.688527207809032689e+02
0.000000000000000000e+00 3.831491369387707095e+02 8.681205848072073650e+02
0.000000000000000000e+00 3.817179408354469388e+02 8.674126953203660833e+02
0.000000000000000000e+00 3.802397274083176626e+02 8.667293201044861917e+02
0.000000000000000000e+00 3.787160324771866158e+02 8.660707120650654360e+02
0.000000000000000000e+00 3.771484461243500164e+02 8.654371106428880012e+02
0.000000000000000000e+00 3.755386107844769867e+02 8.648287431978814084e+02
0.000000000000000000e+00 3.738882192471605208e+02 8.642458263551817481e+02
0.000000000000000000e+00 3.721990125755967824e+02 8.636885673058759494e+02
0.000000000000000000e+00 3.704727779450658431e+02 8.631571650551634320e+02
0.000000000000000000e+00 3.687113464050990501e+02 8.626518116109693892e+02
0.000000000000000000e+00 3.669165905694102889e+02 8.621726931063744814e+02
0.000000000000000000e+00 3.650904222378572399e+02 8.617199908495734917e+02
0.000000000000000000e+00 3.632347899548718146e+02 8.612938822954560010e+02
0.000000000000000000e+00 3.613516765089570413e+02 8.608945419333158497e+02
0.000000000000000000e+00 3.594430963779997228e+02 8.605221420856115628e+02
0.000000000000000000e+00 3.575110931252777959e+02 8.601768536131629617e+02
0.000000000000000000e+00 3.555577367511641569e+02 8.598588465226309836e+02
0.000000000000000000e+00 3.535851210056324589e+02 8.595682904726195375e+02
0.000000000000000000e+00 3.515953606667615645e+02 8.593053551752395833e+02
0.000000000000000000e+00 3.495905887905099121e+02 8.590702106904939228e+02
0.000000000000000000e+00 3.475729539370918815e+02 8.588630276113705122e+02
0.000000000000000000e+00 3.455446173793311004e+02 8.586839771380659840e+02
0.000000000000000000e+00 3.435077502983951945e+02 8.585332310403117617e+02
0.000000000000000000e+00 3.414645309723294986e+02 8.584109615073202804e+02
0.000000000000000000e+00 3.394171419628034414e+02 8.583173408854233912e+02
0.000000000000000000e+00 3.373677673054631896e+02 8.582525413040253852e+02
0.000000000000000000e+00 3.353185897092542405e+02 8.582167341910458163e+02
0.000000000000000000e+00 3.332717877700216036e+02 8.582100896795725475e+02
0.000000000000000000e+00 3.312295332036339914e+02 8.582327759079828411e+02
0.000000000000000000e+00 3.291939881037986311e+02 8.582849582163254354e+02
0.000000000000000000e+00 3.271673022296336057e+02 8.583667982422703062e+02
0.000000000000000000e+00 3.251516103279612366e+02 8.584784529204436012e+02
0.000000000000000000e+00 3.231490294951588567e+02 8.586200733894564792e+02
0.000000000000000000e+00 3.211616565832669608e+02 8.587918038114050887e+02
0.000000000000000000e+00 3.191915656549079472e+02 8.589937801090811718e+02
0.000000000000000000e+00 3.172408054914023410e+02 8.592261286265572835e+02
0.000000000000000000e+00 3.153113971582997692e+02 8.594889647192300117e+02
0.000000000000000000e+00 3.134053316323546028e+02 8.597823912797791763e+02
0.000000000000000000e+00 3.115245674937826834e+02 8.601064972068730867e+02
0.000000000000000000e+00 3.096710286874275084e+02 8.604613558237647339e+02
0.000000000000000000e+00 3.078466023562568239e+02 8.608470232542440499e+02
0.000000000000000000e+00 3.060531367503799061e+02 8.612635367636652290e+02
0.000000000000000000e+00 3.042924392145554862e+02 8.617109130730179913e+02
0.000000000000000000e+00 3.025662742569174952e+02 8.621891466542145963e+02
0.000000000000000000e+00 3.008763617014076317e+02 8.626982080149397234e+02
0.000000000000000000e+00 2.992243749261590438e+02 8.632380419815405048e+02
0.000000000000000000e+00 2.976119391898216691e+02 8.638085659885514360e+02
0.000000000000000000e+00 2.960406300475688681e+02 8.644096683834975465e+02
0.000000000000000000e+00 2.945119718582718065e+02 8.650412067556701459e+02
0.000000000000000000e+00 2.930274363840674141e+02 8.657030062975472902e+02
0.000000000000000000e+00 2.915884414832928542e+02 8.663948582075022387e+02
0.000000000000000000e+00 2.901963498975039784e+02 8.671165181423588137e+02
0.000000000000000000e+00 2.888524681330373483e+02 8.678677047282404828e+02
0.000000000000000000e+00 2.875580454373272232e+02 8.686480981380138928e+02
0.000000000000000000e+00 2.863142728699398276e+02 8.694573387434381857e+02
0.000000000000000000e+00 2.851222824680407939e+02 8.702950258499167830e+02
0.000000000000000000e+00 2.839831465057757214e+02 8.711607165214938959e+02
0.000000000000000000e+00 2.828978768468068665e+02 8.720539245034530040e+02
0.000000000000000000e+00 2.818674243890257003e+02 8.729741192495586120e+02
0.000000000000000000e+00 2.808926786002381846e+02 8.739207250606308435e+02
0.000000000000000000e+00 2.799744671434113457e+02 8.748931203407767043e+02
0.000000000000000000e+00 2.791135555898645748e+02 8.758906369771779055e+02
0.000000000000000000e+00 2.783106472185975804e+02 8.769125598489282538e+02
0.000000000000000000e+00 2.775663828997634255e+02 8.779581264699360190e+02
0.000000000000000000e+00 2.768813410601220539e+02 8.790265267704453436e+02
0.000000000000000000e+00 2.762560377281487831e+02 8.801169030212182633e+02
0.000000000000000000e+00 2.756909266563223468e+02 8.812283499039119761e+02
0.000000000000000000e+00 2.751863995179799645e+02 8.823599147306412078e+02
0.000000000000000000e+00 2.747427861760002088e+02 8.835105978151686941e+02
0.000000000000000000e+00 2.743603550204626913e+02 8.846793529976044965e+02
0.000000000000000000e+00 2.740393133723350161e+02 8.858650883239181439e+02
0.000000000000000000e+00 2.737798079501487223e+02 8.870666668809877820e+02
0.000000000000000000e+00 2.735819253965559597e+02 8.882829077873137749e+02
0.000000000000000000e+00 2.734456928615959441e+02 8.895125873389467870e+02
0.000000000000000000e+00 2.733710786394577781e+02 8.907544403095657799e+02
0.000000000000000000e+00 2.733579928554921707e+02 8.920071614030659930e+02
0.000000000000000000e+00 2.734062882002054948e+02 8.932694068564151166e+02
0.000000000000000000e+00 2.735157607069657502e+02 8.945397961899526535e+02
0.000000000000000000e+00 2.736861505701570536e+02 8.958169141017360744e+02
0.000000000000000000e+00 2.739171430005415573e+02 8.970993125019571153e+02
0.000000000000000000e+00 2.742083691146194155e+02 8.983855126829130313e+02
0.000000000000000000e+00 2.745594068548270457e+02 8.996740076194581661e+02
0.000000000000000000e+00 2.749697819374684400e+02 9.009632643943543826e+02
0.000000000000000000e+00 2.754389688253489794e+02 9.022517267424170768e+02
0.000000000000000000e+00 2.759663917221592442e+02 9.035378177068823788e+02
0.000000000000000000e+00 2.765514255857504509e+02 9.048199424009460472e+02
0.000000000000000000e+00 2.771933971575448936e+02 9.060964908669965325e+02
0.000000000000000000e+00 2.778915860054371478e+02 9.073658410256463185e+02
0.000000000000000000e+00 2.786452255776644051e+02 9.086263617062825233e+02
0.000000000000000000e+00 2.794535042652504444e+02 9.098764157505034973e+02
0.000000000000000000e+00 2.803155664707691699e+02 9.111143631794865314e+02
0.000000000000000000e+00 2.812305136813154149e+02 9.123385644160330230e+02
0.000000000000000000e+00 2.821974055437219135e+02 9.135473835517847192e+02
0.000000000000000000e+00 2.832152609402172629e+02 9.147391916498794444e+02
0.000000000000000000e+00 2.842830590628811933e+02 9.159123700731224744e+02
0.000000000000000000e+00 2.853997404854169986e+02 9.170653138275979472e+02
0.000000000000000000e+00 2.865642082309297507e+02 9.181964349115335153e+02
0.000000000000000000e+00 2.877753288345690521e+02 9.193041656591403807e+02
0.000000000000000000e+00 2.890319334000653271e+02 9.203869620691262980e+02
0.000000000000000000e+00 2.903328186493631620e+02 9.214433071075568478e+02
0.000000000000000000e+00 2.916767479647246546e+02 9.224717139747923511e+02
0.000000000000000000e+00 2.930624524228493897e+02 9.234707293262853227e+02
0.000000000000000000e+00 2.944886318207250042e+02 9.244389364371443207e+02
0.000000000000000000e+00 2.959539556930885738e+02 9.253749583005086379e+02
0.000000000000000000e+00 2.974570643215458858e+02 9.262774606499701804e+02
0.000000000000000000e+00 2.989965697355489738e+02 9.271451548964902258e+02
0.000000000000000000e+00 3.005710567055914453e+02 9.279768009705219356e+02
0.000000000000000000e+00 3.021790837291266598e+02 9.287712100603362160e+02
0.000000000000000000e+00 3.038191840098577927e+02 9.295272472378677548e+02
0.000000000000000000e+00 3.054898664311813263e+02 9.302438339637604940e+02
0.000000000000000000e+00 3.071896165246952251e+02 9.309199504636740130e+02
0.000000000000000000e+00 3.089168974348020242e+02 9.315546379683265741e+02
0.000000000000000000e+00 3.106701508805451795e+02 9.321470008101957774e+02
0.000000000000000000e+00 3.124477981159196247e+02 9.326962083702688915e+02
0.000000000000000000e+00 3.142482408899887218e+02 9.332014968687249166e+02
0.000000000000000000e+00 3.160698624082187393e+02 9.336621709939503262e+02
0.000000000000000000e+00 3.179110282965144165e+02 9.340776053648273773e+02
0.000000000000000000e+00 3.197700875694945353e+02 9.344472458217873054e+02
0.000000000000000000e+00 3.216453736045985465e+02 9.347706105426947261e+02
0.000000000000000000e+00 3.235352051236463353e+02 9.350472909802197137e+02
0.000000000000000000e+00 3.254378871835024256e+02 9.352769526179449713e+02
0.000000000000000000e+00 3.273517121775024066e+02 9.354593355430725978e+02
0.000000000000000000e+00 3.292749608493054438e+02 9.355942548342059126e+02
0.000000000000000000e+00 3.312059033208196297e+02 9.356816007633075287e+02
0.000000000000000000e+00 3.331428001358261781e+02 9.357213388115558246e+02
0.000000000000000000e+00 3.350839033208914088e+02 9.357135094994474684e+02
0.000000000000000000e+00 3.370274574651064086e+02 9.356582280321248390e+02
0.000000000000000000e+00 3.389717008201368458e+02 9.355556837615120003e+02
0.000000000000000000e+00 3.409148664219906095e+02 9.354061394674708936e+02
0.000000000000000000e+00 3.428551832358346019e+02 9.352099304607819477e+02
0.000000000000000000e+00 3.447908773250896957e+02 9.349674635113541399e+02
0.000000000000000000e+00 3.467201730459382247e+02 9.346792156056449130e+02
0.000000000000000000e+00 3.486412942682581502e+02 9.343457325378342375e+02
0.000000000000000000e+00 3.505524656238760599e+02 9.339676273398497415e+02
0.000000000000000000e+00 3.524519137828991120e+02 9.335455785558569914e+02
0.000000000000000000e+00 3.543378687587436957e+02 9.330803283673456008e+02
0.000000000000000000e+00 3.562085652423292004e+02 9.325726805754115958e+02
0.000000000000000000e+00 3.580622439657482232e+02 9.320234984473083841e+02
0.000000000000000000e+00 3.598971530955616345e+02 9.314337024347496481e+02
0.000000000000000000e+00 3.617115496556959329e+02 9.308042677718668756e+02
0.000000000000000000e+00 3.635037009797472365e+02 9.301362219610819011e+02
0.000000000000000000e+00 3.652718861923140139e+02 9.294306421555014595e+02
0.000000000000000000e+00 3.670143977188002395e+02 9.286886524467447543e+02
0.000000000000000000e+00 3.687295428229430172e+02 9.279114210673907337e+02
0.000000000000000000e+00 3.704156451711274372e+02 9.271001575174658456e+02
0.000000000000000000e+00 3.720710464223681129e+02 9.262561096245993895e+02
0.000000000000000000e+00 3.736941078426382319e+02 9.253805605476422897e+02
0.000000000000000000e+00 3.752832119420443746e+02 9.244748257336681263e+02
0.000000000000000000e+00 3.768367641331491882e+02 9.235402498383701868e+02
0.000000000000000000e+00 3.783531944085639793e+02 9.225782036199287859e+02
0.000000000000000000e+00 3.798309590357420689e+02 9.215900808164342379e+02
0.000000000000000000e+00 3.812685422667296962e+02 9.205772950169259730e+02
0.000000000000000000e+00 3.826644580604502721e+02 9.195412765360653111e+02
0.000000000000000000e+00 3.840172518149278176e+02 9.184834693023482259e+02
0.000000000000000000e+00 3.853255021066944437e+02 9.174053277696400528e+02
0.000000000000000000e+00 3.865878224344634759e+02 9.163083138616481165e+02
0.000000000000000000e+00 3.878028629640025429e+02 9.151938939587388404e+02
0.000000000000000000e+00 3.889693122709998647e+02 9.140635359362709096e+02
0.000000000000000000e+00 3.900858990785808942e+02 9.129187062633468486e+02
0.000000000000000000e+00 3.911513939860116125e+02 9.117608671705756933e+02
0.000000000000000000e+00 3.921646111850134275e+02 9.105914738951113350e+02
0.000000000000000000e+00 3.931244101600063345e+02 9.094119720108584488e+02
0.000000000000000000e+00 3.940296973685155990e+02 9.082237948513562742e+02
0.000000000000000000e+00 3.948794278978901389e+02 9.070283610324153187e+02
0.000000000000000000e+00 3.956726070944197318e+02 9.058270720811547108e+02
0.000000000000000000e+00 3.964082921608849119e+02 9.046213101776050962e+02
0.000000000000000000e+00 3.977036773294232148e+02 9.022017867808884830e+02
