0.000000000000000000e+00 2.595609583451952140e-01 -7.156620626145543396e-01
0.000000000000000000e+00 2.609475309997371095e-01 -7.182079880543997819e-01
0.000000000000000000e+00 2.622097402560444324e-01 -7.207857663242345225e-01
0.000000000000000000e+00 2.633437920125913378e-01 -7.233921264739133772e-01
0.000000000000000000e+00 2.643462225723969827e-01 -7.260236537629284337e-01
0.000000000000000000e+00 2.652139217708099905e-01 -7.286768018650170431e-01
0.000000000000000000e+00 2.659441537449008242e-01 -7.313479062733887481e-01
0.000000000000000000e+00 2.665345751712950295e-01 -7.340331987995744045e-01
0.000000000000000000e+00 2.669832508210566169e-01 -7.367288230487009093e-01
0.000000000000000000e+00 2.672886663033089971e-01 -7.394308507448241752e-01
0.000000000000000000e+00 2.674497378934803660e-01 -7.421352987719368466e-01
0.000000000000000000e+00 2.674658193671528572e-01 -7.448381467894487074e-01
0.000000000000000000e+00 2.673367057862600094e-01 -7.475353552754028241e-01
0.000000000000000000e+00 2.670626342105948958e-01 -7.502228838464722882e-01
0.000000000000000000e+00 2.666442813340192952e-01 -7.528967097009312548e-01
0.000000000000000000e+00 2.660827580711756513e-01 -7.555528460293308157e-01
0.000000000000000000e+00 2.653796011466647009e-01 -7.581873602375551746e-01
0.000000000000000000e+00 2.645367617643263891e-01 -7.607963918282764082e-01
0.000000000000000000e+00 2.635565914592307157e-01 -7.633761697895781184e-01
0.000000000000000000e+00 2.624418252590220990e-01 -7.659230293436249948e-01
0.000000000000000000e+00 2.611955623041563590e-01 -7.684334279137110535e-01
0.000000000000000000e+00 2.598212440981221838e-01 -7.709039601747609272e-01
0.000000000000000000e+00 2.583226305787588717e-01 -7.733313720603207653e-01
0.000000000000000000e+00 2.567037742200904971e-01 -7.757125736082055578e-01
0.000000000000000000e+00 2.549689923905389399e-01 -7.780446505371720889e-01
0.000000000000000000e+00 2.531228382078032357e-01 -7.803248744581755547e-01
0.000000000000000000e+00 2.511700701429776528e-01 -7.825507116358437765e-01
0.000000000000000000e+00 2.491156206365218728e-01 -7.847198302286584326e-01
0.000000000000000000e+00 2.469645639963974071e-01 -7.868301059498504779e-01
0.000000000000000000e+00 2.447220838539901078e-01 -7.888796261050828873e-01
0.000000000000000000e+00 2.423934404562941292e-01 -7.908666919774651749e-01
0.000000000000000000e+00 2.399839380732203820e-01 -7.927898195452225405e-01
0.000000000000000000e+00 2.374988927968116614e-01 -7.946477385322537890e-01
0.000000000000000000e+00 2.349436010046119794e-01 -7.964393898067636535e-01
0.000000000000000000e+00 2.323233087524982643e-01 -7.981639211579794058e-01
0.000000000000000000e+00 2.296431823530006577e-01 -7.998206814955509669e-01
0.000000000000000000e+00 2.269082803835904549e-01 -8.014092135304367037e-01
0.000000000000000000e+00 2.241235273557220242e-01 -8.029292450097753608e-01
0.000000000000000000e+00 2.212936892596832350e-01 -8.043806785913198976e-01
0.000000000000000000e+00 2.184233511826918772e-01 -8.057635804553260339e-01
0.000000000000000000e+00 2.155168971783294474e-01 -8.070781677632559159e-01
0.000000000000000000e+00 2.125784925444958451e-01 -8.083247950831508044e-01
0.000000000000000000e+00 2.096120686447959236e-01 -8.095039399109736911e-01
0.000000000000000000e+00 2.066213103848256738e-01 -8.106161874255046751e-01
0.000000000000000000e+00 2.036096464304194553e-01 -8.116622146214608202e-01
0.000000000000000000e+00 2.005802422297801313e-01 -8.126427739712770437e-01
0.000000000000000000e+00 1.975359958757487711e-01 -8.135586767704460209e-01
0.000000000000000000e+00 1.944795368185265605e-01 -8.144107763243635389e-01
0.000000000000000000e+00 1.914132274131603861e-01 -8.151999511362737483e-01
0.000000000000000000e+00 1.883391672602774403e-01 -8.159270882561365790e-01
0.000000000000000000e+00 1.852592002731423271e-01 -8.165930669490025773e-01
0.000000000000000000e+00 1.821749243793284456e-01 -8.171987428388547414e-01
0.000000000000000000e+00 1.790877037413745321e-01 -8.177449326798145179e-01
0.000000000000000000e+00 1.759986833579438303e-01 -8.182323999011917870e-01
0.000000000000000000e+00 1.729088058854265919e-01 -8.186618410661106182e-01
0.000000000000000000e+00 1.698188304998156650e-01 -8.190338733754249922e-01
0.000000000000000000e+00 1.667293536002202314e-01 -8.193490233394198352e-01
0.000000000000000000e+00 1.636408311387296810e-01 -8.196077167294629762e-01
0.000000000000000000e+00 1.605536023466456463e-01 -8.198102699103995139e-01
0.000000000000000000e+00 1.574679146144974673e-01 -8.199568826421879120e-01
0.000000000000000000e+00 1.543839492728542873e-01 -8.200476324261560812e-01
0.000000000000000000e+00 1.513018480128455190e-01 -8.200824704574221080e-01
0.000000000000000000e+00 1.482217396795590669e-01 -8.200612192306145909e-01
0.000000000000000000e+00 1.451437671681730102e-01 -8.199835718311417887e-01
0.000000000000000000e+00 1.420681141518030377e-01 -8.198490929290613849e-01
0.000000000000000000e+00 1.389950313716332986e-01 -8.196572214771921105e-01
0.000000000000000000e+00 1.359248622239253856e-01 -8.194072750996510557e-01
0.000000000000000000e+00 1.328580673849317773e-01 -8.190984561416171372e-01
0.000000000000000000e+00 1.297952482235174565e-01 -8.187298593359452203e-01
0.000000000000000000e+00 1.267371687623437548e-01 -8.183004810274377983e-01
0.000000000000000000e+00 1.236847759616849507e-01 -8.178092298812318361e-01
0.000000000000000000e+00 1.206392181152186605e-01 -8.172549389880268134e-01
0.000000000000000000e+00 1.176018611643174366e-01 -8.166363792658688503e-01
0.000000000000000000e+00 1.145743027563148747e-01 -8.159522740460434242e-01
0.000000000000000000e+00 1.115583838927616672e-01 -8.152013147194260290e-01
0.000000000000000000e+00 1.085561980356332112e-01 -8.143821773094793715e-01
0.000000000000000000e+00 1.055700975626139709e-01 -8.134935398290852326e-01
0.000000000000000000e+00 1.026026974867510350e-01 -8.125341002706129023e-01
0.000000000000000000e+00 9.965687638072313892e-02 -8.115025950721473924e-01
0.000000000000000000e+00 9.673577447149933617e-02 -8.103978178976746216e-01
0.000000000000000000e+00 9.384278889701790083e-02 -8.092186385652947456e-01
0.000000000000000000e+00 9.098156614248920082e-02 -8.079640219552632896e-01
0.000000000000000000e+00 8.815599169976419403e-02 -8.066330467288271855e-01
0.000000000000000000e+00 8.537017701870096287e-02 -8.052249236894860607e-01
0.000000000000000000e+00 8.262844384435949485e-02 -8.037390136204222157e-01
0.000000000000000000e+00 7.993530605795033661e-02 -8.021748444354186436e-01
0.000000000000000000e+00 7.729544916253142106e-02 -8.005321274855796698e-01
0.000000000000000000e+00 7.471370757628684189e-02 -7.988107728705432509e-01
0.000000000000000000e+00 7.219503991663375753e-02 -7.970109036105863520e-01
0.000000000000000000e+00 6.974450247720652418e-02 -7.951328685449867706e-01
0.000000000000000000e+00 6.736722111679152580e-02 -7.931772538321639754e-01
0.000000000000000000e+00 6.506836179437695822e-02 -7.911448929383748663e-01
0.000000000000000000e+00 6.285309999750805787e-02 -7.890368750140015486e-01
0.000000000000000000e+00 6.072658932197437520e-02 -7.868545515696168113e-01
0.000000000000000000e+00 5.869392946941099504e-02 -7.845995413779647265e-01
0.000000000000000000e+00 5.676013393558827780e-02 -7.822737335425840044e-01
0.000000000000000000e+00 5.493009766593624776e-02 -7.798792886889593934e-01
0.000000000000000000e+00 5.320856495617048987e-02 -7.774186382496179881e-01
0.000000000000000000e+00 5.160009787473547604e-02 -7.748944818304309701e-01
0.000000000000000000e+00 5.010904548017192789e-02 -7.723097826613145589e-01
0.000000000000000000e+00 4.873951410047668020e-02 -7.696677611504981753e-01
0.000000000000000000e+00 4.749533893310552146e-02 -7.669718865773292871e-01
0.000000000000000000e+00 4.638005721354737654e-02 -7.642258669741285315e-01
0.000000000000000000e+00 4.539688318746520207e-02 -7.614336372627210636e-01
0.000000000000000000e+00 4.454868510636748186e-02 -7.585993457258597417e-01
0.000000000000000000e+00 4.383796444977394735e-02 -7.557273389076587522e-01
0.000000000000000000e+00 4.326683755802650938e-02 -7.528221450502744494e-01
0.000000000000000000e+00 4.283701983942757308e-02 -7.498884561862857456e-01
0.000000000000000000e+00 4.254981269345142758e-02 -7.469311090174295398e-01
0.000000000000000000e+00 4.240609326855821620e-02 -7.439550647204447031e-01
0.000000000000000000e+00 4.240630714885309377e-02 -7.409653878296752483e-01
0.000000000000000000e+00 4.255046403868645993e-02 -7.379672243537279686e-01
0.000000000000000000e+00 4.283813648850998135e-02 -7.349657792897572595e-01
0.000000000000000000e+00 4.326846167911342633e-02 -7.319662937038710071e-01
0.000000000000000000e+00 4.384014625500248785e-02 -7.289740215496133269e-01
0.000000000000000000e+00 4.455147417136801069e-02 -7.259942063984934357e-01
0.000000000000000000e+00 4.540031749308107850e-02 -7.230320582570664012e-01
0.000000000000000000e+00 4.638415005864981316e-02 -7.200927306441123887e-01
0.000000000000000000e+00 4.750006389732361334e-02 -7.171812980990492914e-01
0.000000000000000000e+00 4.874478826374635532e-02 -7.143027342888367270e-01
0.000000000000000000e+00 5.011471113195248295e-02 -7.114618908753378435e-01
0.000000000000000000e+00 5.160590296927005521e-02 -7.086634772984595765e-01
0.000000000000000000e+00 5.321414259103174338e-02 -7.059120416224142769e-01
0.000000000000000000e+00 5.493494487907062823e-02 -7.032119525832556395e-01
0.000000000000000000e+00 5.676359013095618605e-02 -7.005673829654694984e-01
0.000000000000000000e+00 5.869515479294367538e-02 -6.979822944239784110e-01
0.000000000000000000e+00 6.072454331779748166e-02 -6.954604238555327500e-01
0.000000000000000000e+00 6.284652087910681806e-02 -6.930052714101995193e-01
0.000000000000000000e+00 6.505574666652828852e-02 -6.906200902196865110e-01
0.000000000000000000e+00 6.734680748162649722e-02 -6.883078779046267748e-01
0.000000000000000000e+00 6.971425135168676790e-02 -6.860713699078523353e-01
0.000000000000000000e+00 7.215262087905986721e-02 -6.839130346852438924e-01
0.000000000000000000e+00 7.465648604627260487e-02 -6.818350707700600033e-01
0.000000000000000000e+00 7.722047620227011355e-02 -6.798394057108986255e-01
0.000000000000000000e+00 7.983931096270721617e-02 -6.779276968677356852e-01
0.000000000000000000e+00 8.250782976710777095e-02 -6.761013340349681933e-01
0.000000000000000000e+00 8.522101984787523732e-02 -6.743614438452025794e-01
0.000000000000000000e+00 8.797404238046040159e-02 -6.727088958927882612e-01
0.000000000000000000e+00 9.076225660034420439e-02 -6.711443105019510025e-01
0.000000000000000000e+00 9.358124169073171739e-02 -6.696680680509315975e-01
0.000000000000000000e+00 9.642681626481866553e-02 -6.682803197509221693e-01
0.000000000000000000e+00 9.929505528800337821e-02 -6.669809997668921797e-01
0.000000000000000000e+00 1.021823043082904781e-01 -6.657698385567520916e-01
0.000000000000000000e+00 1.050851908871615614e-01 -6.646463772957551530e-01
0.000000000000000000e+00 1.080006331481627724e-01 -6.636099832447190927e-01
0.000000000000000000e+00 1.109258453861555471e-01 -6.626598659135866098e-01
0.000000000000000000e+00 1.138583407063747527e-01 -6.617950938661246729e-01
0.000000000000000000e+00 1.167959306888952803e-01 -6.610146120072206699e-01
0.000000000000000000e+00 1.197367221006021415e-01 -6.603172591913065714e-01
0.000000000000000000e+00 1.226791107030452826e-01 -6.597017859889541258e-01
0.000000000000000000e+00 1.256217722304147633e-01 -6.591668724486443587e-01
0.000000000000000000e+00 1.285636506370579357e-01 -6.587111456921155295e-01
0.000000000000000000e+00 1.315039437382627130e-01 -6.583331971845222119e-01
0.000000000000000000e+00 1.344420863912285935e-01 -6.580315995248732230e-01
0.000000000000000000e+00 1.373777313850379767e-01 -6.578049226078007683e-01
0.000000000000000000e+00 1.403107282288293678e-01 -6.576517490145988853e-01
0.000000000000000000e+00 1.432411000460814543e-01 -6.575706884996165291e-01
0.000000000000000000e+00 1.461690187997767287e-01 -6.575603914473764355e-01
0.000000000000000000e+00 1.490947790880752521e-01 -6.576195611861694879e-01
0.000000000000000000e+00 1.520187707628644080e-01 -6.577469650552428826e-01
0.000000000000000000e+00 1.549414506340411890e-01 -6.579414441349314968e-01
0.000000000000000000e+00 1.578633135305441137e-01 -6.582019215621006669e-01
0.000000000000000000e+00 1.607848629948999686e-01 -6.585274093669249984e-01
0.000000000000000000e+00 1.637065818913476245e-01 -6.589170137812142558e-01
0.000000000000000000e+00 1.666289032084041777e-01 -6.593699389830935953e-01
0.000000000000000000e+00 1.695521813350520657e-01 -6.598854892576829778e-01
0.000000000000000000e+00 1.724766640855578126e-01 -6.604630695684268193e-01
0.000000000000000000e+00 1.754024657413210120e-01 -6.611021845486938497e-01
0.000000000000000000e+00 1.783295413691571851e-01 -6.618024359381269317e-01
0.000000000000000000e+00 1.812576626641167477e-01 -6.625635185028001528e-01
0.000000000000000000e+00 1.841863955514352613e-01 -6.633852144924187177e-01
0.000000000000000000e+00 1.871150797666180365e-01 -6.642673867014522449e-01
0.000000000000000000e+00 1.900428106151209606e-01 -6.652099702140955584e-01
0.000000000000000000e+00 1.929684230937530887e-01 -6.662129629251949403e-01
0.000000000000000000e+00 1.958904785349721844e-01 -6.672764149406319456e-01
0.000000000000000000e+00 1.988072539128488692e-01 -6.684004169710660026e-01
0.000000000000000000e+00 2.017167339258398306e-01 -6.695850878422376917e-01
0.000000000000000000e+00 2.046166059468492726e-01 -6.708305612532288187e-01
0.000000000000000000e+00 2.075042579055801639e-01 -6.721369719210147364e-01
0.000000000000000000e+00 2.103767791421130851e-01 -6.735044412553151671e-01
0.000000000000000000e+00 2.132309642442302144e-01 -6.749330627120871950e-01
0.000000000000000000e+00 2.160633198544595068e-01 -6.764228869769697283e-01
0.000000000000000000e+00 2.188700744063804826e-01 -6.779739071315582510e-01
0.000000000000000000e+00 2.216471907236459149e-01 -6.795860439555510002e-01
0.000000000000000000e+00 2.243903813896639676e-01 -6.812591315165622552e-01
0.000000000000000000e+00 2.270951267711702748e-01 -6.829929031967616471e-01
0.000000000000000000e+00 2.297566955552318990e-01 -6.847869783014804979e-01
0.000000000000000000e+00 2.323701676367596891e-01 -6.866408493895924670e-01
0.000000000000000000e+00 2.349304591725678293e-01 -6.885538704588424208e-01
0.000000000000000000e+00 2.374323495985988797e-01 -6.905252461114551599e-01
0.000000000000000000e+00 2.398705103892893320e-01 -6.925540218163577233e-01
0.000000000000000000e+00 2.422395353223528447e-01 -6.946390753742816004e-01
0.000000000000000000e+00 2.445339719986344973e-01 -6.967791096809722307e-01
0.000000000000000000e+00 2.467483543552673741e-01 -6.989726468718229224e-01
0.000000000000000000e+00 2.488772359012357549e-01 -7.012180239185549224e-01
0.000000000000000000e+00 2.509152233977050006e-01 -7.035133897352517929e-01
0.000000000000000000e+00 2.528570107011692825e-01 -7.058567038371694746e-01
0.000000000000000000e+00 2.546974124856365984e-01 -7.082457365814973649e-01
0.000000000000000000e+00 2.564313975607310225e-01 -7.106780710046879390e-01
0.000000000000000000e+00 2.595609583451952140e-01 -7.156620626145543396e-01
