3.833674845471689574e-01 0.000000000000000000e+00 -9.431717487531662836e-02
3.846430435000903758e-01 0.000000000000000000e+00 -9.841433299539774360e-02
3.858083697067360429e-01 0.000000000000000000e+00 -1.025552268239358633e-01
3.868603342158622449e-01 0.000000000000000000e+00 -1.067401084070995765e-01
3.877958690848333223e-01 0.000000000000000000e+00 -1.109687624514876930e-01
3.886120327256760154e-01 0.000000000000000000e+00 -1.152404570953600438e-01
3.893060730377269074e-01 0.000000000000000000e+00 -1.195539074246143446e-01
3.898754867718060568e-01 0.000000000000000000e+00 -1.239072524183879587e-01
3.903180736734923051e-01 0.000000000000000000e+00 -1.282980457015489295e-01
3.906319840898499485e-01 0.000000000000000000e+00 -1.327232601647719001e-01
3.908157588915490144e-01 0.000000000000000000e+00 -1.371793061945736358e-01
3.908683607567334239e-01 0.000000000000000000e+00 -1.416620629429074241e-01
3.907891960795736308e-01 0.000000000000000000e+00 -1.461669217658862485e-01
3.905781270000260319e-01 0.000000000000000000e+00 -1.506888406808651604e-01
3.902354732963852491e-01 0.000000000000000000e+00 -1.552224084369994150e-01
3.897620041329085683e-01 0.000000000000000000e+00 -1.597619165724511459e-01
3.891589199052078452e-01 0.000000000000000000e+00 -1.643014376468900917e-01
3.884278246702922432e-01 0.000000000000000000e+00 -1.688349076952194994e-01
3.875706898803389366e-01 0.000000000000000000e+00 -1.733562108510080524e-01
3.865898103539895381e-01 0.000000000000000000e+00 -1.778592640383429291e-01
3.854877536111357972e-01 0.000000000000000000e+00 -1.823380996300676404e-01
3.842673038622466120e-01 0.000000000000000000e+00 -1.867869440188274777e-01
3.829314020774067240e-01 0.000000000000000000e+00 -1.912002901440806035e-01
3.814830836602216002e-01 0.000000000000000000e+00 -1.955729621611795033e-01
3.799254153152497038e-01 0.000000000000000000e+00 -1.999001706246595622e-01
3.782614327231543783e-01 0.000000000000000000e+00 -2.041775567828300053e-01
3.764940806247196181e-01 0.000000000000000000e+00 -2.084012248396024669e-01
3.746261568635727568e-01 0.000000000000000000e+00 -2.125677613263352028e-01
3.726602618490773566e-01 0.000000000000000000e+00 -2.166742410347993752e-01
3.705987547775139168e-01 0.000000000000000000e+00 -2.207182192851230018e-01
3.684437177941997099e-01 0.000000000000000000e+00 -2.246977106323361506e-01
3.661969290952998834e-01 0.000000000000000000e+00 -2.286111544443298060e-01
3.638598457599996894e-01 0.000000000000000000e+00 -2.324573681050338125e-01
3.614335968763450757e-01 0.000000000000000000e+00 -2.362354889019773474e-01
3.589189872826833994e-01 0.000000000000000000e+00 -2.399449059400021178e-01
3.563165119968947914e-01 0.000000000000000000e+00 -2.435851836761476485e-01
3.536263811532799894e-01 0.000000000000000000e+00 -2.471559788886567299e-01
3.508485550179341605e-01 0.000000000000000000e+00 -2.506569530705071713e-01
3.479827884134528149e-01 0.000000000000000000e+00 -2.540876823705986998e-01
3.450286836584156025e-01 0.000000000000000000e+00 -2.574475672904919521e-01
3.419857509214918601e-01 0.000000000000000000e+00 -2.607357443792479579e-01
3.388534747089083643e-01 0.000000000000000000e+00 -2.639510021524608674e-01
3.356313850515657560e-01 0.000000000000000000e+00 -2.670917033941545005e-01
3.323191318377515802e-01 0.000000000000000000e+00 -2.701557158831645600e-01
3.289165606518775209e-01 0.000000000000000000e+00 -2.731403534213898143e-01
3.254237884308762152e-01 0.000000000000000000e+00 -2.760423288334079017e-01
3.218412772388631882e-01 0.000000000000000000e+00 -2.788577203599416632e-01
3.181699044875838656e-01 0.000000000000000000e+00 -2.815819525869458495e-01
3.144110279943039821e-01 0.000000000000000000e+00 -2.842097927438634875e-01
3.105665443686281835e-01 0.000000000000000000e+00 -2.867353628756824091e-01
3.066389393528570206e-01 0.000000000000000000e+00 -2.891521680511086601e-01
3.026313289038126686e-01 0.000000000000000000e+00 -2.914531404210525811e-01
2.985474899937727855e-01 0.000000000000000000e+00 -2.936306985954284521e-01
2.943918803198755096e-01 0.000000000000000000e+00 -2.956768214696808283e-01
2.901696463402475556e-01 0.000000000000000000e+00 -2.975831353129354540e-01
2.858866192959407804e-01 0.000000000000000000e+00 -2.993410126343061806e-01
2.815492991251019039e-01 0.000000000000000000e+00 -3.009416810791967767e-01
2.771648264240795245e-01 0.000000000000000000e+00 -3.023763403792529836e-01
2.727409428538755121e-01 0.000000000000000000e+00 -3.036362851929449991e-01
2.682859406240842848e-01 0.000000000000000000e+00 -3.047130315326693206e-01
2.638086019051406050e-01 0.000000000000000000e+00 -3.055984443817849616e-01
2.593181292186089171e-01 0.000000000000000000e+00 -3.062848640631001818e-01
2.548240680301849248e-01 0.000000000000000000e+00 -3.067652289298180013e-01
2.503362229174371789e-01 0.000000000000000000e+00 -3.070331920105024426e-01
2.458645688011487362e-01 0.000000000000000000e+00 -3.070832293497959831e-01
2.414191588132309774e-01 0.000000000000000000e+00 -3.069107379438390515e-01
2.370100304241364586e-01 0.000000000000000000e+00 -3.065121213700440217e-01
2.326471114678816676e-01 0.000000000000000000e+00 -3.058848614505365604e-01
2.283401276833879612e-01 0.000000000000000000e+00 -3.050275745618332701e-01
2.240985133378329830e-01 0.000000000000000000e+00 -3.039400515041274509e-01
2.199313264128249790e-01 0.000000000000000000e+00 -3.026232801652640192e-01
2.158471697199142725e-01 0.000000000000000000e+00 -3.010794505500708484e-01
2.118541191713323724e-01 0.000000000000000000e+00 -2.993119420878895820e-01
2.079596602685549189e-01 0.000000000000000000e+00 -2.973252934725473806e-01
2.041706336894360263e-01 0.000000000000000000e+00 -2.951251556223532524e-01
2.004931906587353319e-01 0.000000000000000000e+00 -2.927182286659602561e-01
1.969327585815818793e-01 0.000000000000000000e+00 -2.901121841564885395e-01
1.934940172096378252e-01 0.000000000000000000e+00 -2.873155739850850043e-01
1.901808854003133598e-01 0.000000000000000000e+00 -2.843377277007268500e-01
1.869965183250868468e-01 0.000000000000000000e+00 -2.811886401409746106e-01
1.839433147883469677e-01 0.000000000000000000e+00 -2.778788514348639049e-01
1.810229341373869871e-01 0.000000000000000000e+00 -2.744193215514780237e-01
1.782363220810435078e-01 0.000000000000000000e+00 -2.708213016342665425e-01
1.755837445922325268e-01 0.000000000000000000e+00 -2.670962043812167841e-01
1.730648289509899296e-01 0.000000000000000000e+00 -2.632554757049326288e-01
1.706786108916103772e-01 0.000000000000000000e+00 -2.593104698359468552e-01
1.684235867514620455e-01 0.000000000000000000e+00 -2.552723299195610585e-01
1.662977694807001028e-01 0.000000000000000000e+00 -2.511518760044749166e-01
1.642987473613585492e-01 0.000000000000000000e+00 -2.469595021345205033e-01
1.624237443004412362e-01 0.000000000000000000e+00 -2.427050840377766305e-01
1.606696806032535951e-01 0.000000000000000000e+00 -2.383978986655811150e-01
1.590332331983127789e-01 0.000000000000000000e+00 -2.340465565733330089e-01
1.575108943711835408e-01 0.000000000000000000e+00 -2.296589478616050950e-01
1.560990281684749570e-01 0.000000000000000000e+00 -2.252422021162804044e-01
1.547939237515803812e-01 0.000000000000000000e+00 -2.208026625064606341e-01
1.535918451088373882e-01 0.000000000000000000e+00 -2.163458739249322360e-01
1.524890766707240608e-01 0.000000000000000000e+00 -2.118765847938721969e-01
1.514819645115179914e-01 0.000000000000000000e+00 -2.073987619136693217e-01
1.505669529585626776e-01 0.000000000000000000e+00 -2.029156175101271553e-01
1.497406165630956187e-01 0.000000000000000000e+00 -1.984296474391471776e-01
1.489996875108997865e-01 0.000000000000000000e+00 -1.939426793417743655e-01
1.483410786635789569e-01 0.000000000000000000e+00 -1.894559294089309398e-01
1.477619025191762581e-01 0.000000000000000000e+00 -1.849700663161115699e-01
1.472594864617811083e-01 0.000000000000000000e+00 -1.804852808247396634e-01
1.468313847318686860e-01 0.000000000000000000e+00 -1.760013595188723856e-01
1.464753875911501968e-01 0.000000000000000000e+00 -1.715177611527149981e-01
1.461895281770445310e-01 0.000000000000000000e+00 -1.670336941243502071e-01
1.459720875425062070e-01 0.000000000000000000e+00 -1.625481936618434209e-01
1.458215983574737695e-01 0.000000000000000000e+00 -1.580601974063762238e-01
1.457368477098487103e-01 0.000000000000000000e+00 -1.535686181996406552e-01
1.457168793884300872e-01 0.000000000000000000e+00 -1.490724130252456536e-01
1.457609959599004690e-01 0.000000000000000000e+00 -1.445706472118348795e-01
1.458687608694790305e-01 0.000000000000000000e+00 -1.400625531742289154e-01
1.460400007032895409e-01 0.000000000000000000e+00 -1.355475831433183842e-01
1.462748076531820152e-01 0.000000000000000000e+00 -1.310254555107842056e-01
1.465735421251797010e-01 0.000000000000000000e+00 -1.264961945863012083e-01
1.469368353345029687e-01 0.000000000000000000e+00 -1.219601637282384521e-01
1.473655916367707930e-01 0.000000000000000000e+00 -1.174180919599392692e-01
1.478609902599412051e-01 0.000000000000000000e+00 -1.128710943188570709e-01
1.484244860279880507e-01 0.000000000000000000e+00 -1.083206863021152072e-01
1.490578086081069120e-01 0.000000000000000000e+00 -1.037687928670698589e-01
1.497629597708365901e-01 0.000000000000000000e+00 -9.921775251748631008e-02
1.505422081288674274e-01 0.000000000000000000e+00 -9.467031705402079167e-02
1.513980808169059222e-01 0.000000000000000000e+00 -9.012964759159401706e-02
1.523333515926360848e-01 0.000000000000000000e+00 -8.559930744644457523e-02
1.533510248777868734e-01 0.000000000000000000e+00 -8.108325247335054775e-02
1.544543153181828221e-01 0.000000000000000000e+00 -7.658581939055883470e-02
1.556466225213986032e-01 0.000000000000000000e+00 -7.211171256880626046e-02
1.569315007286095909e-01 0.000000000000000000e+00 -6.766598968441117634e-02
1.583126232912337172e-01 0.000000000000000000e+00 -6.325404654813214511e-02
1.597937419502582779e-01 0.000000000000000000e+00 -5.888160132503230532e-02
1.613786410535584803e-01 0.000000000000000000e+00 -5.455467825984693098e-02
1.630710869904960780e-01 0.000000000000000000e+00 -5.027959092131915886e-02
1.648747732697894153e-01 0.000000000000000000e+00 -4.606292488160192850e-02
1.667932618120620269e-01 0.000000000000000000e+00 -4.191151965693150350e-02
1.688299211684989032e-01 0.000000000000000000e+00 -3.783244965691381217e-02
1.709878625076073633e-01 0.000000000000000000e+00 -3.383300382510604637e-02
1.732698743292599708e-01 0.000000000000000000e+00 -2.992066360585495313e-02
1.756783569653096455e-01 0.000000000000000000e+00 -2.610307884374352128e-02
1.782152580057792812e-01 0.000000000000000000e+00 -2.238804121407543535e-02
1.808820098460444947e-01 0.000000000000000000e+00 -1.878345479650263966e-02
1.836794705811833628e-01 0.000000000000000000e+00 -1.529730343939963468e-02
1.866078694769932877e-01 0.000000000000000000e+00 -1.193761461942239449e-02
1.896667582219546400e-01 0.000000000000000000e+00 -8.712419577697635281e-03
1.928549691102360852e-01 0.000000000000000000e+00 -5.629709609409143910e-03
1.961705812229903312e-01 0.000000000000000000e+00 -2.697388494733203839e-03
1.996108955647000749e-01 0.000000000000000000e+00 7.677881690810296018e-05
2.031724199749518345e-01 0.000000000000000000e+00 2.685221023957975583e-03
2.068508644761497817e-01 0.000000000000000000e+00 5.120618407083821037e-03
2.106411475374036779e-01 0.000000000000000000e+00 7.375963356590756193e-03
2.145374135377465796e-01 0.000000000000000000e+00 9.444622831667245227e-03
2.185330615020872891e-01 0.000000000000000000e+00 1.132040196063346764e-02
2.226207849653921156e-01 0.000000000000000000e+00 1.299760787348235545e-02
2.267926225993208422e-01 0.000000000000000000e+00 1.447111275593832708e-02
2.310400190159157818e-01 0.000000000000000000e+00 1.573641503179293993e-02
2.353538949499955346e-01 0.000000000000000000e+00 1.678969752076181141e-02
2.397247258206409437e-01 0.000000000000000000e+00 1.762788138535520410e-02
2.441426274873788327e-01 0.000000000000000000e+00 1.824867467447251895e-02
2.485974478528924503e-01 0.000000000000000000e+00 1.865061429511850888e-02
2.530788628253965444e-01 0.000000000000000000e+00 1.883310029755857345e-02
2.575764750438104822e-01 0.000000000000000000e+00 1.879642144335191487e-02
2.620799136904981008e-01 0.000000000000000000e+00 1.854177113919608030e-02
2.665789336719145974e-01 0.000000000000000000e+00 1.807125296075462115e-02
2.710635124385328831e-01 0.000000000000000000e+00 1.738787515722210048e-02
2.755239427426533494e-01 0.000000000000000000e+00 1.649553371617777653e-02
2.799509196960376367e-01 0.000000000000000000e+00 1.539898377549771963e-02
2.843356205878331266e-01 0.000000000000000000e+00 1.410379939036996398e-02
2.886697760552239256e-01 0.000000000000000000e+00 1.261632189393228735e-02
2.929457313621317005e-01 0.000000000000000000e+00 1.094359732451829700e-02
2.971564967318312545e-01 0.000000000000000000e+00 9.093303625493317360e-03
3.012957858936061162e-01 0.000000000000000000e+00 7.073668549624407588e-03
3.053580422370440473e-01 0.000000000000000000e+00 4.893379413321472318e-03
3.093384522152605176e-01 0.000000000000000000e+00 2.561486041539566896e-03
3.132329458948831524e-01 0.000000000000000000e+00 8.729841658606573641e-05
3.170381848104222855e-01 0.000000000000000000e+00 -2.519719311102424329e-03
3.207515375379652589e-01 0.000000000000000000e+00 -5.250056679023984950e-03
3.243710436522604379e-01 0.000000000000000000e+00 -8.094264786299589995e-03
3.278953669666277437e-01 0.000000000000000000e+00 -1.104306229547727738e-02
3.313237391714738966e-01 0.000000000000000000e+00 -1.408743767217810437e-02
3.346558951796143599e-01 0.000000000000000000e+00 -1.721874581196491602e-02
3.378920016507467317e-01 0.000000000000000000e+00 -2.042879728384559140e-02
3.410325802995544664e-01 0.000000000000000000e+00 -2.370993853923648517e-02
3.440784276890042626e-01 0.000000000000000000e+00 -2.705512159206595324e-02
3.470305332702131040e-01 0.000000000000000000e+00 -3.045796186714966325e-02
3.498899974513992039e-01 0.000000000000000000e+00 -3.391278313630771007e-02
3.526579514603798704e-01 0.000000000000000000e+00 -3.741464871043669732e-02
3.553354807082237943e-01 0.000000000000000000e+00 -4.095937832572698473e-02
3.579235532672677689e-01 0.000000000000000000e+00 -4.454355044768169153e-02
3.604229549469075700e-01 0.000000000000000000e+00 -4.816449001137062397e-02
3.628342322883089111e-01 0.000000000000000000e+00 -5.182024191395152163e-02
3.651576446081674643e-01 0.000000000000000000e+00 -5.550953086927187113e-02
3.673931260062293092e-01 0.000000000000000000e+00 -5.923170851770109824e-02
3.695402580164028339e-01 0.000000000000000000e+00 -6.298668895075219820e-02
3.715982533323331505e-01 0.000000000000000000e+00 -6.677487405337462212e-02
3.735659507809782065e-01 0.000000000000000000e+00 -7.059707028134552809e-02
3.754418214579364199e-01 0.000000000000000000e+00 -7.445439867184687477e-02
3.772239856819852855e-01 0.000000000000000000e+00 -7.834820002772831249e-02
3.789102401793934538e-01 0.000000000000000000e+00 -8.227993731658868326e-02
3.804980946767320682e-01 0.000000000000000000e+00 -8.625109738205560816e-02
3.833674845471689574e-01 0.000000000000000000e+00 -9.431717487531662836e-02
