-3.442642725374952528e-01 -6.042642581232785526e-01 0.000000000000000000e+00
-3.442529758860521927e-01 -6.087166738691367485e-01 0.000000000000000000e+00
-3.444196274153937254e-01 -6.131670560048546603e-01 0.000000000000000000e+00
-3.447652159700282382e-01 -6.176097206959163533e-01 0.000000000000000000e+00
-3.452905293843411827e-01 -6.220388362085446099e-01 0.000000000000000000e+00
-3.459961270679338674e-01 -6.264484217974471969e-01 0.000000000000000000e+00
-3.468823100042805474e-01 -6.308323508252978717e-01 0.000000000000000000e+00
-3.479490889790873287e-01 -6.351843586133963937e-01 0.000000000000000000e+00
-3.491961519447611129e-01 -6.394980553963089953e-01 0.000000000000000000e+00
-3.506228314934242141e-01 -6.437669446127991524e-01 0.000000000000000000e+00
-3.522280734508938527e-01 -6.479844466146235105e-01 0.000000000000000000e+00
-3.540104076166155078e-01 -6.521439277177767391e-01 0.000000000000000000e+00
-3.559679216590500017e-01 -6.562387343616318258e-01 0.000000000000000000e+00
-3.580982391325208125e-01 -6.602622319843911569e-01 0.000000000000000000e+00
-3.603985025108502049e-01 -6.642078480725236433e-01 0.000000000000000000e+00
-3.628653620367527366e-01 -6.680691187015168619e-01 0.000000000000000000e+00
-3.654949710661105633e-01 -6.718397377591597275e-01 0.000000000000000000e+00
-3.682829884457430869e-01 -6.755136079342100031e-01 0.000000000000000000e+00
-3.712245883054734463e-01 -6.790848924657918451e-01 0.000000000000000000e+00
-3.743144774740294056e-01 -6.825480665847953876e-01 0.000000000000000000e+00
-3.775469205478255152e-01 -6.858979675399541343e-01 0.000000000000000000e+00
-3.809157724564324332e-01 -6.891298420895183297e-01 0.000000000000000000e+00
-3.844145181832215319e-01 -6.922393903552918060e-01 0.000000000000000000e+00
-3.880363191189524774e-01 -6.952228049792620324e-01 0.000000000000000000e+00
-3.917740653545769836e-01 -6.980768045935056287e-01 0.000000000000000000e+00
-3.956204330616895359e-01 -7.007986607101464038e-01 0.000000000000000000e+00
-3.995679459689756019e-01 -7.033862172579049554e-01 0.000000000000000000e+00
-4.036090398244113753e-01 -7.058379021326109948e-01 0.000000000000000000e+00
-4.077361286390519535e-01 -7.081527302878397601e-01 0.000000000000000000e+00
-4.119416714416171965e-01 -7.103302980649348619e-01 0.000000000000000000e+00
-4.162182382357230148e-01 -7.123707686451626886e-01 0.000000000000000000e+00
-4.205585738447246702e-01 -7.142748486962615662e-01 0.000000000000000000e+00
-4.249556583532766996e-01 -7.160437564768044050e-01 0.000000000000000000e+00
-4.294027629095778509e-01 -7.176791818500066755e-01 0.000000000000000000e+00
-4.338934997368623647e-01 -7.191832388393908371e-01 0.000000000000000000e+00
-4.384218653152530676e-01 -7.205584115277270385e-01 0.000000000000000000e+00
-4.429822758331503074e-01 -7.218074942537766603e-01 0.000000000000000000e+00
-4.475695941678058398e-01 -7.229335271948390540e-01 0.000000000000000000e+00
-4.521791478339378112e-01 -7.239397285336467425e-01 0.000000000000000000e+00
-4.568067375330669977e-01 -7.248294244929854857e-01 0.000000000000000000e+00
-4.614486361401236025e-01 -7.256059785783748328e-01 0.000000000000000000e+00
-4.661015781730419860e-01 -7.262727213967198336e-01 0.000000000000000000e+00
-4.707627400005296447e-01 -7.268328824161957025e-01 0.000000000000000000e+00
-4.754297112480085907e-01 -7.272895249996798039e-01 0.000000000000000000e+00
-4.801004580569729896e-01 -7.276454859813875631e-01 0.000000000000000000e+00
-4.847732790339984721e-01 -7.279033209653462677e-01 0.000000000000000000e+00
-4.894467548880170882e-01 -7.280652564069431953e-01 0.000000000000000000e+00
-4.941196928942937494e-01 -7.281331493976697100e-01 0.000000000000000000e+00
-4.987910674374207431e-01 -7.281084559115220678e-01 0.000000000000000000e+00
-5.034599579707839112e-01 -7.279922080930529837e-01 0.000000000000000000e+00
-5.081254857842549821e-01 -7.277850009758591865e-01 0.000000000000000000e+00
-5.127867509939644242e-01 -7.274869888207895485e-01 0.000000000000000000e+00
-5.174427711573286182e-01 -7.270978910599368294e-01 0.000000000000000000e+00
-5.220924228732179984e-01 -7.266170076302711500e-01 0.000000000000000000e+00
-5.267343876523007395e-01 -7.260432432842376382e-01 0.000000000000000000e+00
-5.313671032378781689e-01 -7.253751402783190638e-01 0.000000000000000000e+00
-5.359887214254682730e-01 -7.246109186687657022e-01 0.000000000000000000e+00
-5.405970732731251172e-01 -7.237485232903361210e-01 0.000000000000000000e+00
-5.451896424177302691e-01 -7.227856763624990188e-01 0.000000000000000000e+00
-5.497635470195243457e-01 -7.217199345610670891e-01 0.000000000000000000e+00
-5.543155306525735515e-01 -7.205487493140479982e-01 0.000000000000000000e+00
-5.588419622476256121e-01 -7.192695290303026123e-01 0.000000000000000000e+00
-5.633388449809908494e-01 -7.178797019494230769e-01 0.000000000000000000e+00
-5.678018337938118831e-01 -7.163767783113451637e-01 0.000000000000000000e+00
-5.722262610254158499e-01 -7.147584105841745528e-01 0.000000000000000000e+00
-5.766071694572211248e-01 -7.130224505573552474e-01 0.000000000000000000e+00
-5.809393518943987145e-01 -7.111670022027968274e-01 0.000000000000000000e+00
-5.852173962652724715e-01 -7.091904693264271531e-01 0.000000000000000000e+00
-5.894357350968072451e-01 -7.070915971737552486e-01 0.000000000000000000e+00
-5.935886981314092425e-01 -7.048695073118537158e-01 0.000000000000000000e+00
-5.976705667878787764e-01 -7.025237252827212231e-01 0.000000000000000000e+00
-6.016756291391754941e-01 -7.000542007049123105e-01 0.000000000000000000e+00
-6.055982340823770071e-01 -6.974613196871563003e-01 0.000000000000000000e+00
-6.094328434117012305e-01 -6.947459096047626792e-01 0.000000000000000000e+00
-6.131740805728068677e-01 -6.919092364723438138e-01 0.000000000000000000e+00
-6.168167749740649519e-01 -6.889529953202899737e-01 0.000000000000000000e+00
-6.203560008556696648e-01 -6.858792941432519941e-01 0.000000000000000000e+00
-6.237871098671767811e-01 -6.826906321327418370e-01 0.000000000000000000e+00
-6.271057566746115475e-01 -6.793898730293602695e-01 0.000000000000000000e+00
-6.303079171053822538e-01 -6.759802145301786469e-01 0.000000000000000000e+00
-6.333898985382335756e-01 -6.724651547610814850e-01 0.000000000000000000e+00
-6.363483424513913800e-01 -6.688484568707204758e-01 0.000000000000000000e+00
-6.391802192497467727e-01 -6.651341128211438747e-01 0.000000000000000000e+00
-6.418828156962125275e-01 -6.613263074398421093e-01 0.000000000000000000e+00
-6.444537154681309055e-01 -6.574293837593514489e-01 0.000000000000000000e+00
-6.468907735419265892e-01 -6.534478106048200452e-01 0.000000000000000000e+00
-6.491920852734514025e-01 -6.493861532988944862e-01 0.000000000000000000e+00
-6.513559511835532723e-01 -6.452490482394109828e-01 0.000000000000000000e+00
-6.533808385746679992e-01 -6.410411819717154458e-01 0.000000000000000000e+00
-6.552653411917108706e-01 -6.367672752275327364e-01 0.000000000000000000e+00
-6.570081381969624656e-01 -6.324320722401244321e-01 0.000000000000000000e+00
-6.586079537524729410e-01 -6.280403354752692735e-01 0.000000000000000000e+00
-6.600635184940352174e-01 -6.235968457438705315e-01 0.000000000000000000e+00
-6.613735341381203892e-01 -6.191064074892764779e-01 0.000000000000000000e+00
-6.625366423882304012e-01 -6.145738588752769349e-01 0.000000000000000000e+00
-6.635513992016500717e-01 -6.100040861435945816e-01 0.000000000000000000e+00
-6.644162553440429164e-01 -6.054020415667139554e-01 0.000000000000000000e+00
-6.651295440009268312e-01 -6.007727641968960697e-01 0.000000000000000000e+00
-6.656894760355850371e-01 -5.961214025085808110e-01 0.000000000000000000e+00
-6.660941432867716339e-01 -5.914532379519410465e-01 0.000000000000000000e+00
-6.663415300914137251e-01 -5.867737083823435507e-01 0.000000000000000000e+00
-6.664295330024968544e-01 -5.820884303054795206e-01 0.000000000000000000e+00
-6.663559884556946589e-01 -5.774032188818281064e-01 0.000000000000000000e+00
-6.661187079254415888e-01 -5.727241046670554780e-01 0.000000000000000000e+00
-6.657155199072731788e-01 -5.680573461263405122e-01 0.000000000000000000e+00
-6.651443178734853801e-01 -5.634094370491696813e-01 0.000000000000000000e+00
-6.644031131782169863e-01 -5.587871081048366717e-01 0.000000000000000000e+00
-6.634900917402706266e-01 -5.541973219150974073e-01 0.000000000000000000e+00
-6.624036732111243664e-01 -5.496472611759417592e-01 0.000000000000000000e+00
-6.611425712447882574e-01 -5.451443095315109399e-01 0.000000000000000000e+00
-6.597058534278616992e-01 -5.406960250857011374e-01 0.000000000000000000e+00
-6.580929994039843578e-01 -5.363101066264629457e-01 0.000000000000000000e+00
-6.563039557377103872e-01 -5.319943528296035007e-01 0.000000000000000000e+00
-6.543391861086301775e-01 -5.277566148982516525e-01 0.000000000000000000e+00
-6.521997155065274443e-01 -5.236047432763385467e-01 0.000000000000000000e+00
-6.498871672107741082e-01 -5.195465292448875338e-01 0.000000000000000000e+00
-6.474037914796255677e-01 -5.155896423642660764e-01 0.000000000000000000e+00
-6.447524850443863143e-01 -5.117415648598466760e-01 0.000000000000000000e+00
-6.419368006957475448e-01 -5.080095241592511579e-01 0.000000000000000000e+00
-6.389609464605746636e-01 -5.044004248735272089e-01 0.000000000000000000e+00
-6.358297740921707852e-01 -5.009207815698937249e-01 0.000000000000000000e+00
-6.325487568304050123e-01 -4.975766537084074237e-01 0.000000000000000000e+00
-6.291239566246230597e-01 -4.943735841081154381e-01 0.000000000000000000e+00
-6.255619812464805474e-01 -4.913165422697582940e-01 0.000000000000000000e+00
-6.218699319462751562e-01 -4.884098738124388328e-01 0.000000000000000000e+00
-6.180553425197193862e-01 -4.856572571821836659e-01 0.000000000000000000e+00
-6.141261108473891062e-01 -4.830616686630102574e-01 0.000000000000000000e+00
-6.100904241417357543e-01 -4.806253565686772200e-01 0.000000000000000000e+00
-6.059566792824881976e-01 -4.783498253190354155e-01 0.000000000000000000e+00
-6.017333997370815091e-01 -4.762358299126520089e-01 0.000000000000000000e+00
-5.974291506456789191e-01 -4.742833811014260381e-01 0.000000000000000000e+00
-5.930524536984623785e-01 -4.724917613578714093e-01 0.000000000000000000e+00
-5.886117034449753760e-01 -4.708595515064590842e-01 0.000000000000000000e+00
-5.841150866511275463e-01 -4.693846676718638200e-01 0.000000000000000000e+00
-5.795705062595339907e-01 -4.680644079841006500e-01 0.000000000000000000e+00
-5.749855114145334678e-01 -4.668955082782362265e-01 0.000000000000000000e+00
-5.703672348866919428e-01 -4.658742058392114638e-01 0.000000000000000000e+00
-5.657223390757567527e-01 -4.649963100746118405e-01 0.000000000000000000e+00
-5.610569715894814236e-01 -4.642572788537727146e-01 0.000000000000000000e+00
-5.563767311926784975e-01 -4.636522991337322930e-01 0.000000000000000000e+00
-5.516866447009526331e-01 -4.631763704039002505e-01 0.000000000000000000e+00
-5.469911551618704681e-01 -4.628243894239147393e-01 0.000000000000000000e+00
-5.422941214281490341e-01 -4.625912347042942518e-01 0.000000000000000000e+00
-5.375988289882370763e-01 -4.624718491876869675e-01 0.000000000000000000e+00
-5.329080116848584625e-01 -4.624613196295302431e-01 0.000000000000000000e+00
-5.282238837270071263e-01 -4.625549512497954541e-01 0.000000000000000000e+00
-5.235481811905912108e-01 -4.627483363304466524e-01 0.000000000000000000e+00
-5.188822120121037162e-01 -4.630374155639090938e-01 0.000000000000000000e+00
-5.142269133125684233e-01 -4.634185311131563956e-01 0.000000000000000000e+00
-5.095829147491953703e-01 -4.638884705203851766e-01 0.000000000000000000e+00
-5.049506064826460028e-01 -4.644445007945949833e-01 0.000000000000000000e+00
-5.003302102707973820e-01 -4.650843922142550713e-01 0.000000000000000000e+00
-4.957218521568602099e-01 -4.658064315949378975e-01 0.000000000000000000e+00
-4.911256352112956525e-01 -4.666094249884396583e-01 0.000000000000000000e+00
-4.865417108130211665e-01 -4.674926899946016956e-01 0.000000000000000000e+00
-4.819703470149107050e-01 -4.684560380749641650e-01 0.000000000000000000e+00
-4.774119926298128203e-01 -4.694997474538917248e-01 0.000000000000000000e+00
-4.728673357937402955e-01 -4.706245273735855661e-01 0.000000000000000000e+00
-4.683373559093375604e-01 -4.718314746305000695e-01 0.000000000000000000e+00
-4.638233680414806659e-01 -4.731220234586964168e-01 0.000000000000000000e+00
-4.593270590236162576e-01 -4.744978899377199633e-01 0.000000000000000000e+00
-4.548505147336027177e-01 -4.759610121864696342e-01 0.000000000000000000e+00
-4.503962382064344294e-01 -4.775134876586997756e-01 0.000000000000000000e+00
-4.459671584632600716e-01 -4.791575088794405857e-01 0.000000000000000000e+00
-4.415666301464619137e-01 -4.808952989546675383e-01 0.000000000000000000e+00
-4.371984242542382715e-01 -4.827290481496364638e-01 0.000000000000000000e+00
-4.328667104603629023e-01 -4.846608527657882415e-01 0.000000000000000000e+00
-4.285760316811347836e-01 -4.866926574540451078e-01 0.000000000000000000e+00
-4.243312717079817387e-01 -4.888262019863125474e-01 0.000000000000000000e+00
-4.201376168572625858e-01 -4.910629733702572830e-01 0.000000000000000000e+00
-4.160005126956873855e-01 -4.934041640386064298e-01 0.000000000000000000e+00
-4.119256169782475330e-01 -4.958506366773401397e-01 0.000000000000000000e+00
-4.079187499841987474e-01 -4.984028960815138909e-01 0.000000000000000000e+00
-4.039858434547460297e-01 -5.010610682475150623e-01 0.000000000000000000e+00
-4.001328893237658391e-01 -5.038248867308388057e-01 0.000000000000000000e+00
-3.963658893909620673e-01 -5.066936861234004885e-01 0.000000000000000000e+00
-3.926908070169007337e-01 -5.096664023382689868e-01 0.000000000000000000e+00
-3.891135218236449478e-01 -5.127415792365093150e-01 0.000000000000000000e+00
-3.856397882661110055e-01 -5.159173809941788313e-01 0.000000000000000000e+00
-3.822751988012286217e-01 -5.191916094906067203e-01 0.000000000000000000e+00
-3.790251522284022734e-01 -5.225617259045265417e-01 0.000000000000000000e+00
-3.758948276098888486e-01 -5.260248756344517718e-01 0.000000000000000000e+00
-3.728891640080236325e-01 -5.295779156152740086e-01 0.000000000000000000e+00
-3.700128461023748927e-01 -5.332174430851346347e-01 0.000000000000000000e+00
-3.672702955785008827e-01 -5.369398248651803263e-01 0.000000000000000000e+00
-3.646656680155874186e-01 -5.407412262492209409e-01 0.000000000000000000e+00
-3.622028548471239451e-01 -5.446176386592024299e-01 0.000000000000000000e+00
-3.598854898309444272e-01 -5.485649053038769152e-01 0.000000000000000000e+00
-3.577169593459358921e-01 -5.525787441795337873e-01 0.000000000000000000e+00
-3.557004157355341811e-01 -5.566547678701423418e-01 0.000000000000000000e+00
-3.538387928452209064e-01 -5.607884997363014046e-01 0.000000000000000000e+00
-3.521348228543627057e-01 -5.649753862241823077e-01 0.000000000000000000e+00
-3.505910534829954628e-01 -5.692108051732072127e-01 0.000000000000000000e+00
-3.492098646618700397e-01 -5.734900701503429232e-01 0.000000000000000000e+00
-3.479934837889083199e-01 -5.778084309854684131e-01 0.000000000000000000e+00
-3.469439987560281047e-01 -5.821610708221852670e-01 0.000000000000000000e+00
-3.460633680153342162e-01 -5.865431001278151868e-01 0.000000000000000000e+00
-3.453534270605014278e-01 -5.909495482215448847e-01 0.000000000000000000e+00
-3.448158908247916377e-01 -5.953753529775399622e-01 0.000000000000000000e+00
-3.442642725374952528e-01 -6.042642581232785526e-01 0.000000000000000000e+00
