8.981042055277571601e-01 5.347030968487367364e-01 0.000000000000000000e+00
8.975984219389090413e-01 5.240331290567273870e-01 0.000000000000000000e+00
8.969408271017113021e-01 5.132285994201549739e-01 0.000000000000000000e+00
8.961526107730286572e-01 5.022150262388297426e-01 0.000000000000000000e+00
8.952414677277812372e-01 4.909397810534978368e-01 0.000000000000000000e+00
8.941995587621776043e-01 4.793779158762167536e-01 0.000000000000000000e+00
8.930037679629024838e-01 4.675348068696963955e-01 0.000000000000000000e+00
8.916182896474663666e-01 4.554452509990700726e-01 0.000000000000000000e+00
8.899992104954748129e-01 4.431691029072375998e-01 0.000000000000000000e+00
8.881004296465903058e-01 4.307839889130837818e-01 0.000000000000000000e+00
8.858800326760548627e-01 4.183760225269071431e-01 0.000000000000000000e+00
8.833061409243891937e-01 4.060297174742794613e-01 0.000000000000000000e+00
8.803613122745355124e-01 3.938184111916481767e-01 0.000000000000000000e+00
8.770447671141456958e-01 3.817964560653818173e-01 0.000000000000000000e+00
8.733720259763025906e-01 3.699942127803363956e-01 0.000000000000000000e+00
8.693719275160267657e-01 3.584165184566133200e-01 0.000000000000000000e+00
8.650813904045528968e-01 3.470448494267005524e-01 0.000000000000000000e+00
8.605386313442874302e-01 3.358429148730849856e-01 0.000000000000000000e+00
8.557758011560363531e-01 3.247649677880561359e-01 0.000000000000000000e+00
8.508121136271695750e-01 3.137657638806991556e-01 0.000000000000000000e+00
8.456484995715852770e-01 3.028108842357722930e-01 0.000000000000000000e+00
8.402646262444801728e-01 2.918860913939224089e-01 0.000000000000000000e+00
8.346188068903857005e-01 2.810045156140903444e-01 0.000000000000000000e+00
8.286509318273342917e-01 2.702107493991404708e-01 0.000000000000000000e+00
8.222881374071758787e-01 2.595813242895239625e-01 0.000000000000000000e+00
8.154525516567534549e-01 2.492214999929664443e-01 0.000000000000000000e+00
8.080701687639206821e-01 2.392587506186324431e-01 0.000000000000000000e+00
8.000797485783909258e-01 2.298337262483785837e-01 0.000000000000000000e+00
7.914406324490409483e-01 2.210897503323620006e-01 0.000000000000000000e+00
7.821385115706941393e-01 2.131620510615530317e-01 0.000000000000000000e+00
7.721884557858368359e-01 2.061679053378151216e-01 0.000000000000000000e+00
7.616348691314560604e-01 2.001987065119210651e-01 0.000000000000000000e+00
7.505484317039837761e-01 1.953146808162235792e-01 0.000000000000000000e+00
7.390204605215457967e-01 1.915426165342054010e-01 0.000000000000000000e+00
7.271554245111349069e-01 1.888765867831813938e-01 0.000000000000000000e+00
7.150625418833599367e-01 1.872812941379426721e-01 0.000000000000000000e+00
7.028474503593620248e-01 1.866973888849216001e-01 0.000000000000000000e+00
6.906048698996329893e-01 1.870479448357612318e-01 0.000000000000000000e+00
6.784129907015108429e-01 1.882452323704131569e-01 0.000000000000000000e+00
6.663300489327735887e-01 1.901970041099609599e-01 0.000000000000000000e+00
6.543932417588372852e-01 1.928116836106170406e-01 0.000000000000000000e+00
6.426198278235324413e-01 1.960020878878073469e-01 0.000000000000000000e+00
6.310100018713232783e-01 1.996875792721807819e-01 0.000000000000000000e+00
6.195509552287312705e-01 2.037947892278281770e-01 0.000000000000000000e+00
6.082214558181647801e-01 2.082572502141235293e-01 0.000000000000000000e+00
5.969963046137060081e-01 2.130143862882562245e-01 0.000000000000000000e+00
5.858501369301155615e-01 2.180103380001133240e-01 0.000000000000000000e+00
5.747602112777898675e-01 2.231930364277222578e-01 0.000000000000000000e+00
5.637080327924939294e-01 2.285138127402258357e-01 0.000000000000000000e+00
5.526798577198797080e-01 2.339276612327705340e-01 0.000000000000000000e+00
5.416662892220331926e-01 2.393940980510193828e-01 0.000000000000000000e+00
5.306612805650593456e-01 2.448784068028057870e-01 0.000000000000000000e+00
5.196608988183908373e-01 2.503529619495359348e-01 0.000000000000000000e+00
5.086621723295600139e-01 2.557982872241770234e-01 0.000000000000000000e+00
4.976622614915390819e-01 2.612035429457484348e-01 0.000000000000000000e+00
4.866580759663105549e-01 2.665662341229559362e-01 0.000000000000000000e+00
4.756463377640156032e-01 2.718910712514278627e-01 0.000000000000000000e+00
4.646239827943580147e-01 2.771880713978733812e-01 0.000000000000000000e+00
4.535887229679563815e-01 2.824701300117714031e-01 0.000000000000000000e+00
4.425395675697549880e-01 2.877503981312417025e-01 0.000000000000000000e+00
4.314771275291769959e-01 2.930398465842419253e-01 0.000000000000000000e+00
4.204035908982586278e-01 2.983453799492267744e-01 0.000000000000000000e+00
4.093223463493638747e-01 3.036687814469850588e-01 0.000000000000000000e+00
3.982373237168531088e-01 3.090066394446501219e-01 0.000000000000000000e+00
3.871521963302330116e-01 3.143512490888777933e-01 0.000000000000000000e+00
3.760696327626709690e-01 3.196923254891299027e-01 0.000000000000000000e+00
3.649907862762343247e-01 3.250192345316101905e-01 0.000000000000000000e+00
3.539151680666058897e-01 3.303233659361710095e-01 0.000000000000000000e+00
3.428409736220836002e-01 3.356002544026127077e-01 0.000000000000000000e+00
3.317658355889653299e-01 3.408511018702974349e-01 0.000000000000000000e+00
3.206878812191672479e-01 3.460834591669472160e-01 0.000000000000000000e+00
3.096068979580405278e-01 3.513109710032819022e-01 0.000000000000000000e+00
2.985253737040156063e-01 3.565522499115983401e-01 0.000000000000000000e+00
2.874491885768042931e-01 3.618290951149874535e-01 0.000000000000000000e+00
2.763877935200020897e-01 3.671643860129438774e-01 0.000000000000000000e+00
2.653538091008252331e-01 3.725800375404735298e-01 0.000000000000000000e+00
2.543620985837117265e-01 3.780953958917155910e-01 0.000000000000000000e+00
2.434284904616802747e-01 3.837263787278439864e-01 0.000000000000000000e+00
2.325684233484737184e-01 3.894855356101776245e-01 0.000000000000000000e+00
2.217958395224999824e-01 3.953830426271567333e-01 0.000000000000000000e+00
2.111226483570668722e-01 4.014284763342976237e-01 0.000000000000000000e+00
2.005590130150457229e-01 4.076330639778313891e-01 0.000000000000000000e+00
1.901145898479760787e-01 4.140120042884258833e-01 0.000000000000000000e+00
1.798006871313163613e-01 4.205864136633670203e-01 0.000000000000000000e+00
1.696331333584387979e-01 4.273844841708543951e-01 0.000000000000000000e+00
1.596354847007353805e-01 4.344415391910319557e-01 0.000000000000000000e+00
1.498420851355495020e-01 4.417988256272702974e-01 0.000000000000000000e+00
1.403004442963980136e-01 4.495010659036741130e-01 0.000000000000000000e+00
1.310724307437853842e-01 4.575929807893192591e-01 0.000000000000000000e+00
1.222338931136662116e-01 4.661151570626282381e-01 0.000000000000000000e+00
1.138725063443340318e-01 4.750997473573611019e-01 0.000000000000000000e+00
1.060838710092650850e-01 4.845665358080047391e-01 0.000000000000000000e+00
9.896613835860411379e-02 4.945198749316173648e-01 0.000000000000000000e+00
9.261365603075896735e-02 5.049469001950429581e-01 0.000000000000000000e+00
8.711029546479683028e-02 5.158172729755046149e-01 0.000000000000000000e+00
8.252320500953728988e-02 5.270845123633874918e-01 0.000000000000000000e+00
7.889771737891169978e-02 5.386887784629263987e-01 0.000000000000000000e+00
7.625402546261363101e-02 5.505607921706435759e-01 0.000000000000000000e+00
7.458604025248576075e-02 5.626264430747378587e-01 0.000000000000000000e+00
7.386258531460485055e-02 5.748115654331196200e-01 0.000000000000000000e+00
7.403079935211756557e-02 5.870463602057121033e-01 0.000000000000000000e+00
7.502135123068963407e-02 5.992690067391649444e-01 0.000000000000000000e+00
7.675485751190481987e-02 6.114281293367902492e-01 0.000000000000000000e+00
7.914876050236735461e-02 6.234839425619805864e-01 0.000000000000000000e+00
8.212389244454623705e-02 6.354080713370148237e-01 0.000000000000000000e+00
8.561002151991015108e-02 6.471822035866178213e-01 0.000000000000000000e+00
8.954983570788922764e-02 6.587958630281498529e-01 0.000000000000000000e+00
9.390104628780811258e-02 6.702436721974477374e-01 0.000000000000000000e+00
9.863655002398311056e-02 6.815225031096706632e-01 0.000000000000000000e+00
1.037428403401234461e-01 6.926288856655864468e-01 0.000000000000000000e+00
1.092170676748786956e-01 7.035569703537928321e-01 0.000000000000000000e+00
1.150632897289660811e-01 7.142972362710923173e-01 0.000000000000000000e+00
1.212885069249896447e-01 7.248360156915010233e-01 0.000000000000000000e+00
1.278990441708395820e-01 7.351557905484308320e-01 0.000000000000000000e+00
1.348977275988207936e-01 7.452361201461912277e-01 0.000000000000000000e+00
1.422821364252370713e-01 7.550549945665833151e-01 0.000000000000000000e+00
1.500440150446453180e-01 7.645903801228310925e-01 0.000000000000000000e+00
1.581697410909440049e-01 7.738217312390515135e-01 0.000000000000000000e+00
1.666415909324760747e-01 7.827312812791268337e-01 0.000000000000000000e+00
1.754394470812627727e-01 7.913049832016019192e-01 0.000000000000000000e+00
1.845425638579046845e-01 7.995330377001025335e-01 0.000000000000000000e+00
1.939310479073337312e-01 8.074100102071962715e-01 0.000000000000000000e+00
2.035868069215036602e-01 8.149345894710017246e-01 0.000000000000000000e+00
2.134938523613079953e-01 8.221090735337310829e-01 0.000000000000000000e+00
2.236379842055393474e-01 8.289386820984495641e-01 0.000000000000000000e+00
2.340060115032542298e-01 8.354307895692548724e-01 0.000000000000000000e+00
2.445847496349823624e-01 8.415941555442321143e-01 0.000000000000000000e+00
2.553600694391059411e-01 8.474382058582320409e-01 0.000000000000000000e+00
2.663162506058146528e-01 8.529723940713361818e-01 0.000000000000000000e+00
2.774358184252014858e-01 8.582056558584932882e-01 0.000000000000000000e+00
2.886999346850770420e-01 8.631459599772768332e-01 0.000000000000000000e+00
3.000892919680848703e-01 8.677999594772245473e-01 0.000000000000000000e+00
3.115853496028516134e-01 8.721727530890041047e-01 0.000000000000000000e+00
3.231716706095029701e-01 8.762677750188068160e-01 0.000000000000000000e+00
3.348350874899553298e-01 8.800868367590621855e-01 0.000000000000000000e+00
3.465664470377676221e-01 8.836303427446187131e-01 0.000000000000000000e+00
3.583607567699000906e-01 8.868976902493335146e-01 0.000000000000000000e+00
3.702166649744871862e-01 8.898878428673713259e-01 0.000000000000000000e+00
3.821353325292095593e-01 8.926000389950582425e-01 0.000000000000000000e+00
3.941188739726778634e-01 8.950345669401303939e-01 0.000000000000000000e+00
4.061686350849870175e-01 8.971935129756550831e-01 0.000000000000000000e+00
4.182836167744868328e-01 8.990813741833770800e-01 0.000000000000000000e+00
4.304593410396341802e-01 9.007054292754954616e-01 0.000000000000000000e+00
4.426873850266359045e-01 9.020757801449805768e-01 0.000000000000000000e+00
4.549556948130885070e-01 9.032050137395019052e-01 0.000000000000000000e+00
4.672496510340633513e-01 9.041074835869967741e-01 0.000000000000000000e+00
4.795537184635313421e-01 9.047982656162831816e-01 0.000000000000000000e+00
4.918533966150696046e-01 9.052918947629048363e-01 0.000000000000000000e+00
5.041371200494857430e-01 9.056010280144700664e-01 0.000000000000000000e+00
5.163977493883145087e-01 9.057351983719471589e-01 0.000000000000000000e+00
5.286333506370083368e-01 9.056998181120999858e-01 0.000000000000000000e+00
5.408470735819240760e-01 9.054955582941970338e-01 0.000000000000000000e+00
5.530460916970415530e-01 9.051181786959379139e-01 0.000000000000000000e+00
5.652397307046151953e-01 9.045588163237120449e-01 0.000000000000000000e+00
5.774370620252510244e-01 9.038046721191568267e-01 0.000000000000000000e+00
5.896443439209835269e-01 9.028399762289968100e-01 0.000000000000000000e+00
6.018627367816359319e-01 9.016470728421539516e-01 0.000000000000000000e+00
6.140866896082980420e-01 9.002074536411939221e-01 0.000000000000000000e+00
6.263032945628380643e-01 8.985025872526265500e-01 0.000000000000000000e+00
6.384927501356075785e-01 8.965144382260505918e-01 0.000000000000000000e+00
6.506298859838536286e-01 8.942256353568288629e-01 0.000000000000000000e+00
6.626865151093429551e-01 8.916193238863794335e-01 0.000000000000000000e+00
6.746342242693154079e-01 8.886788054684926497e-01 0.000000000000000000e+00
6.864471195172704432e-01 8.853871203082579466e-01 0.000000000000000000e+00
6.981040294262007562e-01 8.817267469130812829e-01 0.000000000000000000e+00
7.095897398952198953e-01 8.776795807320639797e-01 0.000000000000000000e+00
7.208949831885900217e-01 8.732273041652751644e-01 0.000000000000000000e+00
7.320151082541569432e-01 8.683521841132842978e-01 0.000000000000000000e+00
7.429475873725343016e-01 8.630382421793783010e-01 0.000000000000000000e+00
7.536887284514236507e-01 8.572726532833957469e-01 0.000000000000000000e+00
7.642301261880939389e-01 8.510471581694049048e-01 0.000000000000000000e+00
7.745554691109037826e-01 8.443592392796757107e-01 0.000000000000000000e+00
7.846383054343656349e-01 8.372128178158968481e-01 0.000000000000000000e+00
7.944412563579992259e-01 8.296182853044813399e-01 0.000000000000000000e+00
8.039169648570617666e-01 8.215917800543188765e-01 0.000000000000000000e+00
8.130108097060833039e-01 8.131537439532937617e-01 0.000000000000000000e+00
8.216651374523096241e-01 8.043269282625136185e-01 0.000000000000000000e+00
8.298245128063587162e-01 7.951341353504455256e-01 0.000000000000000000e+00
8.374413015404521543e-01 7.855960640959235297e-01 0.000000000000000000e+00
8.444808115045395747e-01 7.757296518814127406e-01 0.000000000000000000e+00
8.509252443320002302e-01 7.655472655418924521e-01 0.000000000000000000e+00
8.567758526521450646e-01 7.550569874968832140e-01 0.000000000000000000e+00
8.620529368282118243e-01 7.442640828695057387e-01 0.000000000000000000e+00
8.667936173210263329e-01 7.331735401163779198e-01 0.000000000000000000e+00
8.710476389076745596e-01 7.217933803675078419e-01 0.000000000000000000e+00
8.748717523892638459e-01 7.101382613381741482e-01 0.000000000000000000e+00
8.783234329812137364e-01 6.982327905975383997e-01 0.000000000000000000e+00
8.814547979953564205e-01 6.861139336386528065e-01 0.000000000000000000e+00
8.843075618231398538e-01 6.738319669941893464e-01 0.000000000000000000e+00
8.869097152828888664e-01 6.614495841208678506e-01 0.000000000000000000e+00
8.892743604036440486e-01 6.490389958438532725e-01 0.000000000000000000e+00
8.914008086191012037e-01 6.366771485893359950e-01 0.000000000000000000e+00
8.932777090413063226e-01 6.244394737342485735e-01 0.000000000000000000e+00
8.948876663697710176e-01 6.123928373219653665e-01 0.000000000000000000e+00
8.962125828177071041e-01 6.005885404414574857e-01 0.000000000000000000e+00
8.972388507875277419e-01 5.890562945247593829e-01 0.000000000000000000e+00
8.979615506074403175e-01 5.778000442970081529e-01 0.000000000000000000e+00
8.983869672906064086e-01 5.667963331015269945e-01 0.000000000000000000e+00
8.985330082221386627e-01 5.559956182716413453e-01 0.000000000000000000e+00
8.981042055277571601e-01 5.347030968487367364e-01 0.000000000000000000e+00
