8.045556505921256303e+02 6.343976674485297735e+02 0.000000000000000000e+00
8.108461346440893749e+02 6.181710257552407484e+02 0.000000000000000000e+00
8.166668163037702470e+02 6.002615346595747496e+02 0.000000000000000000e+00
8.221397612707585267e+02 5.803637008309675593e+02 0.000000000000000000e+00
8.271482776192124220e+02 5.586810540101927245e+02 0.000000000000000000e+00
8.314468114219932886e+02 5.358268052639270991e+02 0.000000000000000000e+00
8.348036004060579671e+02 5.125742369264181661e+02 0.000000000000000000e+00
8.371114002721208180e+02 4.895709287311015601e+02 0.000000000000000000e+00
8.384242249002547851e+02 4.671371736080421329e+02 0.000000000000000000e+00
8.389174133875744701e+02 4.452226444969713270e+02 0.000000000000000000e+00
8.388040065010632134e+02 4.235204005883354057e+02 0.000000000000000000e+00
8.382555536671602567e+02 4.016690875750907139e+02 0.000000000000000000e+00
8.373650234749384254e+02 3.794428238604749026e+02 0.000000000000000000e+00
8.361617994941068446e+02 3.568450592548010718e+02 0.000000000000000000e+00
8.346601605656286438e+02 3.340760228651252532e+02 0.000000000000000000e+00
8.329083189619464065e+02 3.114055856765965586e+02 0.000000000000000000e+00
8.310110003808007377e+02 2.890247452269177870e+02 0.000000000000000000e+00
8.291189709367072282e+02 2.669518274793406931e+02 0.000000000000000000e+00
8.274004136441579931e+02 2.450357569715237105e+02 0.000000000000000000e+00
8.260185461610379889e+02 2.230474844151484888e+02 0.000000000000000000e+00
8.251321383368846227e+02 2.008078902849449321e+02 0.000000000000000000e+00
8.249160905323602719e+02 1.782861539479307282e+02 0.000000000000000000e+00
8.255807135689066172e+02 1.556214339732097187e+02 0.000000000000000000e+00
8.273632467128634289e+02 1.330611077409249958e+02 0.000000000000000000e+00
8.304781332802975840e+02 1.108495797490589752e+02 0.000000000000000000e+00
8.350374602601283414e+02 8.912302946353179323e+01 0.000000000000000000e+00
8.409758226068270233e+02 6.785859141284336715e+01 0.000000000000000000e+00
8.480206805411069126e+02 4.689689464418272280e+01 0.000000000000000000e+00
8.557339958532783157e+02 2.602076453802107281e+01 0.000000000000000000e+00
8.636194246761167506e+02 5.048208484305902743e+00 0.000000000000000000e+00
8.712568900971936046e+02 -1.610451260732904899e+01 0.000000000000000000e+00
8.784098907574293662e+02 -3.741481624330219802e+01 0.000000000000000000e+00
8.850600162494696406e+02 -5.879662050440136056e+01 0.000000000000000000e+00
8.913546837226107300e+02 -8.016590575471600744e+01 0.000000000000000000e+00
8.974933337353419347e+02 -1.014932860199858311e+02 0.000000000000000000e+00
9.036051401045591547e+02 -1.228188080489341303e+02 0.000000000000000000e+00
9.096739408501472326e+02 -1.442263073878695252e+02 0.000000000000000000e+00
9.155422250796071921e+02 -1.657956686113393800e+02 0.000000000000000000e+00
9.209874261424434962e+02 -1.875607267284954389e+02 0.000000000000000000e+00
9.258295116282362187e+02 -2.094946763504663068e+02 0.000000000000000000e+00
9.300155757337402065e+02 -2.315282272196619147e+02 0.000000000000000000e+00
9.336407642708337562e+02 -2.535879768016307025e+02 0.000000000000000000e+00
9.368978263644827393e+02 -2.756329090803226904e+02 0.000000000000000000e+00
9.399829146217111884e+02 -2.976698476753364844e+02 0.000000000000000000e+00
9.430053503106835251e+02 -3.197415005960547205e+02 0.000000000000000000e+00
9.459445933470537966e+02 -3.418958824949610857e+02 0.000000000000000000e+00
9.486719642838369282e+02 -3.641552057163490304e+02 0.000000000000000000e+00
9.510216465612447792e+02 -3.865013043646280835e+02 0.000000000000000000e+00
9.528721191030793989e+02 -4.088845747953076852e+02 0.000000000000000000e+00
9.541967184876541523e+02 -4.312502416815436277e+02 0.000000000000000000e+00
9.550605986847742770e+02 -4.535666811161315195e+02 0.000000000000000000e+00
9.555702973407039735e+02 -4.758401202612981820e+02 0.000000000000000000e+00
9.558060075790076553e+02 -4.981080171461525765e+02 0.000000000000000000e+00
9.557734667097844294e+02 -5.204151465561993746e+02 0.000000000000000000e+00
9.553995324907135682e+02 -5.427855303886746015e+02 0.000000000000000000e+00
9.545707769979932209e+02 -5.652052057675009564e+02 0.000000000000000000e+00
9.531913361771114523e+02 -5.876247628546907436e+02 0.000000000000000000e+00
9.512268119667279507e+02 -6.099800294124905804e+02 0.000000000000000000e+00
9.487095073699961176e+02 -6.322197493356966334e+02 0.000000000000000000e+00
9.457013922261628522e+02 -6.543253155740602551e+02 0.000000000000000000e+00
9.422333604919913341e+02 -6.763112153664986863e+02 0.000000000000000000e+00
9.382510628956654273e+02 -6.982038175793690016e+02 0.000000000000000000e+00
9.335934952374583418e+02 -7.200060697753395971e+02 0.000000000000000000e+00
9.280137454967992880e+02 -7.416620523411313570e+02 0.000000000000000000e+00
9.212313270733125137e+02 -7.630356130361030864e+02 0.000000000000000000e+00
9.129927148569529436e+02 -7.839118367056120178e+02 0.000000000000000000e+00
9.031167589372046223e+02 -8.040216314239399935e+02 0.000000000000000000e+00
8.915129549219409455e+02 -8.230818418541335859e+02 0.000000000000000000e+00
8.781756461436019663e+02 -8.408388696493486805e+02 0.000000000000000000e+00
8.631674261559410297e+02 -8.571038568888180862e+02 0.000000000000000000e+00
8.466053269005852826e+02 -8.717713244442840050e+02 0.000000000000000000e+00
8.286551061901517414e+02 -8.848188847771378960e+02 0.000000000000000000e+00
8.095284327032259171e+02 -8.962912076011226645e+02 0.000000000000000000e+00
7.894723208066055804e+02 -9.062752503781579207e+02 0.000000000000000000e+00
7.687435703787995180e+02 -9.148750938921573379e+02 0.000000000000000000e+00
7.475711909956054342e+02 -9.221934949739975309e+02 0.000000000000000000e+00
7.261202580248007052e+02 -9.283240143915040790e+02 0.000000000000000000e+00
7.044742492187743892e+02 -9.333532999253762910e+02 0.000000000000000000e+00
6.826463994956592387e+02 -9.373691564898671231e+02 0.000000000000000000e+00
6.606167901766747264e+02 -9.404678474304500924e+02 0.000000000000000000e+00
6.383782342769212619e+02 -9.427546566366105480e+02 0.000000000000000000e+00
6.159684844615935617e+02 -9.443351329320822742e+02 0.000000000000000000e+00
5.934726509409697428e+02 -9.452993966130563877e+02 0.000000000000000000e+00
5.709951578822671081e+02 -9.457061910635587765e+02 0.000000000000000000e+00
5.486169745294454287e+02 -9.455747222587849592e+02 0.000000000000000000e+00
5.263621955103166101e+02 -9.448895816150707105e+02 0.000000000000000000e+00
5.041934246360755196e+02 -9.436179921598112514e+02 0.000000000000000000e+00
4.820399992949385819e+02 -9.417319428480261649e+02 0.000000000000000000e+00
4.598451231872601284e+02 -9.392239313692048199e+02 0.000000000000000000e+00
4.376073706271242258e+02 -9.361065002159983806e+02 0.000000000000000000e+00
4.153948908616501967e+02 -9.323925607933856554e+02 0.000000000000000000e+00
3.933257454207164869e+02 -9.280628982925828723e+02 0.000000000000000000e+00
3.715270459845183950e+02 -9.230347896445211973e+02 0.000000000000000000e+00
3.500982296298114420e+02 -9.171473496561042111e+02 0.000000000000000000e+00
3.291024893447070667e+02 -9.101736187596804939e+02 0.000000000000000000e+00
3.085951466949742894e+02 -9.018586291199495690e+02 0.000000000000000000e+00
2.886764118911077617e+02 -8.919715723150964095e+02 0.000000000000000000e+00
2.695400438449494800e+02 -8.803540175994976380e+02 0.000000000000000000e+00
2.514879786555945316e+02 -8.669479496636112117e+02 0.000000000000000000e+00
2.348956682103024889e+02 -8.517963999532601065e+02 0.000000000000000000e+00
2.201367179358783233e+02 -8.350212593824801388e+02 0.000000000000000000e+00
2.074963725297683368e+02 -8.167917025018726918e+02 0.000000000000000000e+00
1.971105497964367999e+02 -7.972982973804193989e+02 0.000000000000000000e+00
1.889564479312140577e+02 -7.767418538276880327e+02 0.000000000000000000e+00
1.828973303872982683e+02 -7.553359208095700978e+02 0.000000000000000000e+00
1.787595348691204720e+02 -7.333132589182059746e+02 0.000000000000000000e+00
1.764062086560512341e+02 -7.109243376513609292e+02 0.000000000000000000e+00
1.757761738085272611e+02 -6.884211662125245539e+02 0.000000000000000000e+00
1.768751586165704737e+02 -6.660295424777976905e+02 0.000000000000000000e+00
1.797304051844971582e+02 -6.439214396842650103e+02 0.000000000000000000e+00
1.843362482939092786e+02 -6.222015529078603322e+02 0.000000000000000000e+00
1.906197244010041629e+02 -6.009162110820535645e+02 0.000000000000000000e+00
1.984418443481135910e+02 -5.800816839820103041e+02 0.000000000000000000e+00
2.076298065853718811e+02 -5.597183324488945573e+02 0.000000000000000000e+00
2.180193125148881563e+02 -5.398730359459350439e+02 0.000000000000000000e+00
2.294825932855816006e+02 -5.206175522932891226e+02 0.000000000000000000e+00
2.419279037470958258e+02 -5.020226497965311978e+02 0.000000000000000000e+00
2.552737190587655505e+02 -4.841208081585895115e+02 0.000000000000000000e+00
2.694155790016341143e+02 -4.668771006191877859e+02 0.000000000000000000e+00
2.842073066796555167e+02 -4.501846408364855279e+02 0.000000000000000000e+00
2.994694182911717917e+02 -4.338890314767810992e+02 0.000000000000000000e+00
3.150213649662883313e+02 -4.178316137724919486e+02 0.000000000000000000e+00
3.307202049915158000e+02 -4.018916234898542825e+02 0.000000000000000000e+00
3.464843990243675194e+02 -3.860078039967447694e+02 0.000000000000000000e+00
3.622897691881660194e+02 -3.701705258584760259e+02 0.000000000000000000e+00
3.781403775517773624e+02 -3.543905831071932084e+02 0.000000000000000000e+00
3.940311133019685030e+02 -3.386626142631469065e+02 0.000000000000000000e+00
4.099230987958682135e+02 -3.229432674200558040e+02 0.000000000000000000e+00
4.257451886801197247e+02 -3.071556248298817309e+02 0.000000000000000000e+00
4.414193773988037606e+02 -2.912166505517428732e+02 0.000000000000000000e+00
4.568937810624916551e+02 -2.750715211675184264e+02 0.000000000000000000e+00
4.721622535750558427e+02 -2.587147147190136138e+02 0.000000000000000000e+00
4.872574345629142272e+02 -2.421849467149984889e+02 0.000000000000000000e+00
5.022197958394261263e+02 -2.255356207083526954e+02 0.000000000000000000e+00
5.170599930557995094e+02 -2.087964468774281954e+02 0.000000000000000000e+00
5.317368482850088185e+02 -1.919474765005764141e+02 0.000000000000000000e+00
5.461652719096113060e+02 -1.749206502161281094e+02 0.000000000000000000e+00
5.602514879884228094e+02 -1.576291067473653698e+02 0.000000000000000000e+00
5.739364603601120507e+02 -1.400088829682430287e+02 0.000000000000000000e+00
5.872219295756128759e+02 -1.220498707205176459e+02 0.000000000000000000e+00
6.001611694407542927e+02 -1.037975810863735404e+02 0.000000000000000000e+00
6.128148123037487949e+02 -8.532236170181869284e+01 0.000000000000000000e+00
6.251911756904364665e+02 -6.667044870094656517e+01 0.000000000000000000e+00
6.371999432380082453e+02 -4.782215620386345734e+01 0.000000000000000000e+00
6.486423388843167004e+02 -2.868051652442659716e+01 0.000000000000000000e+00
6.592428319918614079e+02 -9.099394912391787216e+00 0.000000000000000000e+00
6.687065661154932741e+02 1.105935342880137462e+01 0.000000000000000000e+00
6.767744555746483002e+02 3.186476416374816623e+01 0.000000000000000000e+00
6.832510065746139389e+02 5.327903125566692211e+01 0.000000000000000000e+00
6.879967116291169305e+02 7.515924788166138626e+01 0.000000000000000000e+00
6.908979600529271465e+02 9.729580355137836989e+01 0.000000000000000000e+00
6.918408044904244889e+02 1.194678710173786840e+02 0.000000000000000000e+00
6.907126867638706926e+02 1.414903143495280062e+02 0.000000000000000000e+00
6.874390876545048741e+02 1.632335862310339394e+02 0.000000000000000000e+00
6.820393221867550437e+02 1.846143029124246482e+02 0.000000000000000000e+00
6.746703107770167662e+02 2.055701135541990254e+02 0.000000000000000000e+00
6.656285919071613080e+02 2.260395380531519152e+02 0.000000000000000000e+00
6.552996137171023747e+02 2.459621090284026366e+02 0.000000000000000000e+00
6.440702683380864073e+02 2.652999260847680603e+02 0.000000000000000000e+00
6.322414469845946314e+02 2.840671078745316436e+02 0.000000000000000000e+00
6.199803456448548786e+02 3.023472532559249544e+02 0.000000000000000000e+00
6.073346471811623815e+02 3.202847533994381024e+02 0.000000000000000000e+00
5.943007786225762175e+02 3.380504495952249044e+02 0.000000000000000000e+00
5.809113736371972436e+02 3.557972312571916973e+02 0.000000000000000000e+00
5.672971254594689299e+02 3.736277671791910961e+02 0.000000000000000000e+00
5.536911164723803722e+02 3.915904465807877273e+02 0.000000000000000000e+00
5.403733449639685205e+02 4.097039076895057974e+02 0.000000000000000000e+00
5.275845134273677104e+02 4.279941586437337833e+02 0.000000000000000000e+00
5.154549762012874226e+02 4.465209278272350275e+02 0.000000000000000000e+00
5.039881463351055686e+02 4.653762865469229268e+02 0.000000000000000000e+00
4.931107819900161076e+02 4.846555313943448482e+02 0.000000000000000000e+00
4.827690934222445662e+02 5.044179995150712443e+02 0.000000000000000000e+00
4.730266437536404283e+02 5.246629663458049890e+02 0.000000000000000000e+00
4.641191546803669326e+02 5.453374249738590152e+02 0.000000000000000000e+00
4.564426017380973803e+02 5.663719487548921734e+02 0.000000000000000000e+00
4.504829376331842354e+02 5.877195489615078259e+02 0.000000000000000000e+00
4.467216554914389803e+02 6.093639495410996005e+02 0.000000000000000000e+00
4.455581080494283128e+02 6.312756334814247339e+02 0.000000000000000000e+00
4.472745720552030662e+02 6.533228558658763632e+02 0.000000000000000000e+00
4.520428273794938150e+02 6.751764558338801407e+02 0.000000000000000000e+00
4.599473843818743148e+02 6.962636664663876900e+02 0.000000000000000000e+00
4.709940008292123821e+02 7.158148701885073706e+02 0.000000000000000000e+00
4.850864012085197032e+02 7.330094180462457416e+02 0.000000000000000000e+00
5.019806537443431012e+02 7.471779034188390369e+02 0.000000000000000000e+00
5.212494426490329715e+02 7.579824579756431149e+02 0.000000000000000000e+00
5.422928665154415739e+02 7.654940675282815619e+02 0.000000000000000000e+00
5.644136426725603997e+02 7.701224654103476723e+02 0.000000000000000000e+00
5.869411091524441417e+02 7.724166300129447791e+02 0.000000000000000000e+00
6.093578572898023822e+02 7.728146969095652139e+02 0.000000000000000000e+00
6.313728778924319158e+02 7.714516756054259758e+02 0.000000000000000000e+00
6.529036866792437195e+02 7.681147552123306923e+02 0.000000000000000000e+00
6.739701714242434036e+02 7.623740973045851206e+02 0.000000000000000000e+00
6.945459322113832741e+02 7.538378591977457290e+02 0.000000000000000000e+00
7.144368652021443040e+02 7.424197284593637960e+02 0.000000000000000000e+00
7.332482107989125097e+02 7.284947509306292659e+02 0.000000000000000000e+00
7.504624944349843645e+02 7.128629978455541050e+02 0.000000000000000000e+00
7.655992349547562981e+02 6.965230768627179714e+02 0.000000000000000000e+00
7.783874846510829002e+02 6.803424519884484880e+02 0.000000000000000000e+00
7.888736717209136486e+02 6.647604787236740549e+02 0.000000000000000000e+00
8.045556505921256303e+02 6.343976674485297735e+02 0.000000000000000000e+00
