0.000000000000000000e+00 4.381170640400969818e-01 -1.467598972386116862e-01
0.000000000000000000e+00 4.432801779874631642e-01 -1.610304343301636743e-01
0.000000000000000000e+00 4.477893972475157636e-01 -1.762659499196192470e-01
0.000000000000000000e+00 4.514308838482175013e-01 -1.927212712279008644e-01
0.000000000000000000e+00 4.538610065829054574e-01 -2.103860870871437083e-01
0.000000000000000000e+00 4.546632246262223287e-01 -2.289739178131841579e-01
0.000000000000000000e+00 4.534293734067560977e-01 -2.479799695080891209e-01
0.000000000000000000e+00 4.498441033315444537e-01 -2.667882101718793697e-01
0.000000000000000000e+00 4.437501938587811723e-01 -2.847948412627748227e-01
0.000000000000000000e+00 4.351780963861952567e-01 -3.015132028369132966e-01
0.000000000000000000e+00 4.243335169592045153e-01 -3.166341276773196878e-01
0.000000000000000000e+00 4.115487960416933655e-01 -3.300321919611318155e-01
0.000000000000000000e+00 3.972135436156721822e-01 -3.417262147267534633e-01
0.000000000000000000e+00 3.817045374847762296e-01 -3.518156110768226874e-01
0.000000000000000000e+00 3.653331376634709748e-01 -3.604186839041858548e-01
0.000000000000000000e+00 3.483213304794468002e-01 -3.676338738658155858e-01
0.000000000000000000e+00 3.308076066829307993e-01 -3.735330431109510352e-01
0.000000000000000000e+00 3.128745720797506125e-01 -3.781819960442471262e-01
0.000000000000000000e+00 2.945844633407127544e-01 -3.816729480957035681e-01
0.000000000000000000e+00 2.760081965232169532e-01 -3.841502354038146549e-01
0.000000000000000000e+00 2.572379660043048744e-01 -3.858150093041038398e-01
0.000000000000000000e+00 2.383808262282591517e-01 -3.869047236351146890e-01
0.000000000000000000e+00 2.195382986314556584e-01 -3.876545920784817412e-01
0.000000000000000000e+00 2.007821353628242711e-01 -3.882562412251833739e-01
0.000000000000000000e+00 1.821372830483203031e-01 -3.888303620893189261e-01
0.000000000000000000e+00 1.635797567413634912e-01 -3.894247639787967175e-01
0.000000000000000000e+00 1.450510235684749627e-01 -3.900391242035752271e-01
0.000000000000000000e+00 1.264840094523266845e-01 -3.906669919374171074e-01
0.000000000000000000e+00 1.078314084485613306e-01 -3.913385267876027807e-01
0.000000000000000000e+00 8.908616467927013560e-02 -3.921468386801904016e-01
0.000000000000000000e+00 7.028698991954393516e-02 -3.932469033694443450e-01
0.000000000000000000e+00 5.150734792382659355e-02 -3.948264932484398249e-01
0.000000000000000000e+00 3.283234551228463721e-02 -3.970593393006055516e-01
0.000000000000000000e+00 1.433219285113995767e-02 -4.000576734941626023e-01
0.000000000000000000e+00 -3.958169287957833890e-03 -4.038417319920832860e-01
0.000000000000000000e+00 -2.204627488071583472e-02 -4.083375728925986436e-01
0.000000000000000000e+00 -3.997423937280679407e-02 -4.134040671618616214e-01
0.000000000000000000e+00 -5.779943918610180864e-02 -4.188791575817528146e-01
0.000000000000000000e+00 -7.557149469201097924e-02 -4.246285170630845762e-01
0.000000000000000000e+00 -9.331435608719790276e-02 -4.305791620268625830e-01
0.000000000000000000e+00 -1.110200671995754257e-01 -4.367265256793388395e-01
0.000000000000000000e+00 -1.286561854575513641e-01 -4.431136333044872755e-01
0.000000000000000000e+00 -1.461836372709286735e-01 -4.497914574256216547e-01
0.000000000000000000e+00 -1.635779296943364325e-01 -4.567763227771838297e-01
0.000000000000000000e+00 -1.808455148683794922e-01 -4.640208857331769021e-01
0.000000000000000000e+00 -1.980290577415598219e-01 -4.714096116598602837e-01
0.000000000000000000e+00 -2.151995866279359237e-01 -4.787800795524024822e-01
0.000000000000000000e+00 -2.324383872075809210e-01 -4.859615961282688357e-01
0.000000000000000000e+00 -2.498152130730636744e-01 -4.928162616975571009e-01
0.000000000000000000e+00 -2.673705902590963746e-01 -4.992671368674896915e-01
0.000000000000000000e+00 -2.851083128857231364e-01 -5.053035573495330279e-01
0.000000000000000000e+00 -3.030003613509492655e-01 -5.109627081767120771e-01
0.000000000000000000e+00 -3.210019096419031714e-01 -5.162957022667364892e-01
0.000000000000000000e+00 -3.390705252269717307e-01 -5.213320618361928505e-01
0.000000000000000000e+00 -3.571823835730646435e-01 -5.260565510469153994e-01
0.000000000000000000e+00 -3.753397170613470002e-01 -5.304068636001660897e-01
0.000000000000000000e+00 -3.935671893173932623e-01 -5.342919979634864758e-01
0.000000000000000000e+00 -4.118990774714634817e-01 -5.376227651456995105e-01
0.000000000000000000e+00 -4.303624815125022263e-01 -5.403411239775344210e-01
0.000000000000000000e+00 -4.489630571132425807e-01 -5.424358001077688174e-01
0.000000000000000000e+00 -4.676785880938483242e-01 -5.439375734641576088e-01
0.000000000000000000e+00 -4.864626071313132849e-01 -5.448962946014146436e-01
0.000000000000000000e+00 -5.052564673475571366e-01 -5.453495789379854131e-01
0.000000000000000000e+00 -5.240052073625341977e-01 -5.452969867310589747e-01
0.000000000000000000e+00 -5.426713494861833409e-01 -5.446916720794364730e-01
0.000000000000000000e+00 -5.612417976878741888e-01 -5.434545895511907476e-01
0.000000000000000000e+00 -5.797257793999230913e-01 -5.415070500793285335e-01
0.000000000000000000e+00 -5.981451834645912236e-01 -5.388094141067963916e-01
0.000000000000000000e+00 -6.165213732453744822e-01 -5.353902760983381137e-01
0.000000000000000000e+00 -6.348635997629565875e-01 -5.313531833828846196e-01
0.000000000000000000e+00 -6.531631880832168280e-01 -5.268559226631456260e-01
0.000000000000000000e+00 -6.713951834012559239e-01 -5.220677702883550486e-01
0.000000000000000000e+00 -6.895261561292952424e-01 -5.171188926709456846e-01
0.000000000000000000e+00 -7.075245637624286710e-01 -5.120598471376732741e-01
0.000000000000000000e+00 -7.253693207661379150e-01 -5.068462526737299578e-01
0.000000000000000000e+00 -7.430532576773523079e-01 -5.013550535237828454e-01
0.000000000000000000e+00 -7.605804617774868381e-01 -4.954274785313315110e-01
0.000000000000000000e+00 -7.779590877368146584e-01 -4.889239763476152523e-01
0.000000000000000000e+00 -7.951930208401666311e-01 -4.817717700441377926e-01
0.000000000000000000e+00 -8.122760320114901234e-01 -4.739880329921514757e-01
0.000000000000000000e+00 -8.291906949902713153e-01 -4.656702674368320971e-01
0.000000000000000000e+00 -8.459119372717787133e-01 -4.569571767625004166e-01
0.000000000000000000e+00 -8.624127070080839230e-01 -4.479738916916924385e-01
0.000000000000000000e+00 -8.786679197317265322e-01 -4.387809767082474499e-01
0.000000000000000000e+00 -8.946532492483519894e-01 -4.293451884820965181e-01
0.000000000000000000e+00 -9.103374008283151575e-01 -4.195420589788187993e-01
0.000000000000000000e+00 -9.256695040876493641e-01 -4.091889777479004175e-01
0.000000000000000000e+00 -9.405660075743575987e-01 -3.980967558884519475e-01
0.000000000000000000e+00 -9.549027843443573804e-01 -3.861215581931667917e-01
0.000000000000000000e+00 -9.685173813817460342e-01 -3.731997185538418194e-01
0.000000000000000000e+00 -9.812235472088320920e-01 -3.593549020547744943e-01
0.000000000000000000e+00 -9.928362094210958499e-01 -3.446775951474188582e-01
0.000000000000000000e+00 -1.003201296502792328e+00 -3.292869673213291160e-01
0.000000000000000000e+00 -1.012222568613066143e+00 -3.132909920259224767e-01
0.000000000000000000e+00 -1.019877818329621544e+00 -2.967602638886499555e-01
0.000000000000000000e+00 -1.026219485438925494e+00 -2.797245731696916260e-01
0.000000000000000000e+00 -1.031359098909864880e+00 -2.621916333431102974e-01
0.000000000000000000e+00 -1.035439615821073911e+00 -2.441782606412091217e-01
0.000000000000000000e+00 -1.038603155165954695e+00 -2.257393479569299310e-01
0.000000000000000000e+00 -1.040962714428322666e+00 -2.069810657284856525e-01
0.000000000000000000e+00 -1.042584886527528232e+00 -1.880513705668518110e-01
0.000000000000000000e+00 -1.043486933448187770e+00 -1.691104285170277055e-01
0.000000000000000000e+00 -1.043647073288759497e+00 -1.502921470076003241e-01
0.000000000000000000e+00 -1.043022993755964967e+00 -1.316721991562097016e-01
0.000000000000000000e+00 -1.041571636801927436e+00 -1.132559736187473270e-01
0.000000000000000000e+00 -1.039263743716110744e+00 -9.499245976677053727e-02
0.000000000000000000e+00 -1.036089205005159330e+00 -7.681001740625978402e-02
0.000000000000000000e+00 -1.032052921242892385e+00 -5.866120022882905655e-02
0.000000000000000000e+00 -1.027164322750158565e+00 -4.055978616748379811e-02
0.000000000000000000e+00 -1.021425741811704313e+00 -2.259560269445433714e-02
0.000000000000000000e+00 -1.014824857871339026e+00 -4.920830166563599020e-03
0.000000000000000000e+00 -1.007334561926745087e+00 1.228777793018994563e-02
0.000000000000000000e+00 -9.989205905003908370e-01 2.887698738390437336e-02
0.000000000000000000e+00 -9.895542937738102118e-01 4.475742583225745391e-02
0.000000000000000000e+00 -9.792259936339792192e-01 5.992061279579261046e-02
0.000000000000000000e+00 -9.679541852180909567e-01 7.442559683431178297e-02
0.000000000000000000e+00 -9.557873345258193210e-01 8.835948463174678191e-02
0.000000000000000000e+00 -9.427976209556476750e-01 1.017861494995424693e-01
0.000000000000000000e+00 -9.290687107462437533e-01 1.147022489093166703e-01
0.000000000000000000e+00 -9.146815713983881269e-01 1.270174507942665176e-01
0.000000000000000000e+00 -8.997028293859401504e-01 1.385671828277212914e-01
0.000000000000000000e+00 -8.841791436868691179e-01 1.491543800965496602e-01
0.000000000000000000e+00 -8.681389502852785434e-01 1.586059639377829789e-01
0.000000000000000000e+00 -8.516005003618402069e-01 1.668241218903743495e-01
0.000000000000000000e+00 -8.345831886342442996e-01 1.738140102048755797e-01
0.000000000000000000e+00 -8.171183354761865081e-01 1.796777522348312339e-01
0.000000000000000000e+00 -7.992560229021120621e-01 1.845765799073120772e-01
0.000000000000000000e+00 -7.810660351402252122e-01 1.886743160653356621e-01
0.000000000000000000e+00 -7.626328628787595321e-01 1.920820114398817113e-01
0.000000000000000000e+00 -7.440464565728376334e-01 1.948230613708129833e-01
0.000000000000000000e+00 -7.253914555768323780e-01 1.968307613563708980e-01
0.000000000000000000e+00 -7.067377556880485301e-01 1.979787339170219485e-01
0.000000000000000000e+00 -6.881345989802093444e-01 1.981331571838881589e-01
0.000000000000000000e+00 -6.696091991181281067e-01 1.972083546442775781e-01
0.000000000000000000e+00 -6.511696624380137743e-01 1.952066005329597675e-01
0.000000000000000000e+00 -6.328109806811585969e-01 1.922290307692594569e-01
0.000000000000000000e+00 -6.145223517731406293e-01 1.884549711644447623e-01
0.000000000000000000e+00 -5.962940523226545331e-01 1.840979432125515181e-01
0.000000000000000000e+00 -5.781224321292183221e-01 1.793541688415388191e-01
0.000000000000000000e+00 -5.600121664440262936e-01 1.743610290106630545e-01
0.000000000000000000e+00 -5.419755396819930793e-01 1.691783485188907976e-01
0.000000000000000000e+00 -5.240291435870135794e-01 1.637965596921094058e-01
0.000000000000000000e+00 -5.061888891418828695e-01 1.581661623077706413e-01
0.000000000000000000e+00 -4.884645981981165508e-01 1.522359816442980518e-01
0.000000000000000000e+00 -4.708555879930906296e-01 1.459858634158084090e-01
0.000000000000000000e+00 -4.533485146489860673e-01 1.394429540615010343e-01
0.000000000000000000e+00 -4.359182605340175543e-01 1.326778918181331646e-01
0.000000000000000000e+00 -4.185318812063850702e-01 1.257851022780879513e-01
0.000000000000000000e+00 -4.011547329668546658e-01 1.188569115943647614e-01
0.000000000000000000e+00 -3.837571416277097414e-01 1.119624310708855625e-01
0.000000000000000000e+00 -3.663196292637394547e-01 1.051389967531361769e-01
0.000000000000000000e+00 -3.488349834493100765e-01 9.839798515755515673e-02
0.000000000000000000e+00 -3.313063396658642579e-01 9.174070187509769658e-02
0.000000000000000000e+00 -3.137417277512105640e-01 8.517628505513563653e-02
0.000000000000000000e+00 -2.961467975354276638e-01 7.873358630058494012e-02
0.000000000000000000e+00 -2.785182230528149283e-01 7.246253498253878156e-02
0.000000000000000000e+00 -2.608402455214789417e-01 6.642581488973844928e-02
0.000000000000000000e+00 -2.430858813520902773e-01 6.068633144404307622e-02
0.000000000000000000e+00 -2.252227552020492907e-01 5.529782494103839541e-02
0.000000000000000000e+00 -2.072218504064530786e-01 5.030424786804389009e-02
0.000000000000000000e+00 -1.890663188537878570e-01 4.574894916152711516e-02
0.000000000000000000e+00 -1.707573314701587019e-01 4.168936431273603804e-02
0.000000000000000000e+00 -1.523149044488523451e-01 3.820927383417849904e-02
0.000000000000000000e+00 -1.337734047917127078e-01 3.542057089947903137e-02
0.000000000000000000e+00 -1.151733795397410498e-01 3.345019282568735541e-02
0.000000000000000000e+00 -9.655271174426514891e-02 3.241404893054194991e-02
0.000000000000000000e+00 -7.794031025141671953e-02 3.238586557844314734e-02
0.000000000000000000e+00 -5.935444537439338308e-02 3.337216964846998618e-02
0.000000000000000000e+00 -4.080582596828156300e-02 3.530345114055560146e-02
0.000000000000000000e+00 -2.230336414001216766e-02 3.804598283841624518e-02
0.000000000000000000e+00 -3.859203899088168351e-03 4.143079889014814055e-02
0.000000000000000000e+00 1.451033036344787433e-02 4.528908715494704695e-02
0.000000000000000000e+00 3.278955369139818776e-02 4.947982192166108795e-02
0.000000000000000000e+00 5.097299030836392741e-02 5.389761061754843458e-02
0.000000000000000000e+00 6.907595174131206384e-02 5.845605713284001553e-02
0.000000000000000000e+00 8.714081760978223401e-02 6.305191700493693874e-02
0.000000000000000000e+00 1.052341632923193687e-01 6.752412306228638972e-02
0.000000000000000000e+00 1.234324924705556409e-01 7.162574444199595880e-02
0.000000000000000000e+00 1.417984079711080980e-01 7.502408524184389638e-02
0.000000000000000000e+00 1.603532099572809733e-01 7.733495127048609086e-02
0.000000000000000000e+00 1.790545427459522554e-01 7.818464839359812180e-02
0.000000000000000000e+00 1.977875869623861582e-01 7.728206114238990454e-02
0.000000000000000000e+00 2.163750628756807293e-01 7.447758125990340539e-02
0.000000000000000000e+00 2.346057394520614237e-01 6.978825305599731244e-02
0.000000000000000000e+00 2.522749487570546956e-01 6.337888748438300079e-02
0.000000000000000000e+00 2.692259199494961286e-01 5.550372531419472955e-02
0.000000000000000000e+00 2.853793822387930557e-01 4.642729229633719285e-02
0.000000000000000000e+00 3.007416442497026221e-01 3.635116169791181850e-02
0.000000000000000000e+00 3.153876538745223335e-01 2.537213019141933840e-02
0.000000000000000000e+00 3.294234987374445311e-01 1.348678068242268289e-02
0.000000000000000000e+00 3.429398130319580851e-01 6.409307087922755820e-04
0.000000000000000000e+00 3.559711377486873274e-01 -1.319423655076043707e-02
0.000000000000000000e+00 3.684749788530855552e-01 -2.794842833203620841e-02
0.000000000000000000e+00 3.803382555033847923e-01 -4.341077318231420512e-02
0.000000000000000000e+00 3.914098090017729126e-01 -5.924051787031420213e-02
0.000000000000000000e+00 4.015485621059439181e-01 -7.503205506904252198e-02
0.000000000000000000e+00 4.106708736893406875e-01 -9.041695171821188814e-02
0.000000000000000000e+00 4.187798530949951026e-01 -1.051711861886454047e-01
0.000000000000000000e+00 4.259644341902866227e-01 -1.192916261142348971e-01
0.000000000000000000e+00 4.381170640400969818e-01 -1.467598972386116862e-01
