0.000000000000000000e+00 -3.120142225585028628e-01 -1.910645541638056610e-01
0.000000000000000000e+00 -3.111125115183289713e-01 -1.965642361162266427e-01
0.000000000000000000e+00 -3.105673932618515654e-01 -2.021090535923627807e-01
0.000000000000000000e+00 -3.103837286918177396e-01 -2.076873792534527363e-01
0.000000000000000000e+00 -3.105635691441884227e-01 -2.132867978543653842e-01
0.000000000000000000e+00 -3.111061168251317288e-01 -2.188942748887242884e-01
0.000000000000000000e+00 -3.120077504654852341e-01 -2.244963409455999481e-01
0.000000000000000000e+00 -3.132621151993513764e-01 -2.300792867790354690e-01
0.000000000000000000e+00 -3.148602736702261762e-01 -2.356293638413752556e-01
0.000000000000000000e+00 -3.167909134812290639e-01 -2.411329849470843223e-01
0.000000000000000000e+00 -3.190406044027095933e-01 -2.465769198137309770e-01
0.000000000000000000e+00 -3.215940972902981976e-01 -2.519484804639827713e-01
0.000000000000000000e+00 -3.244346554990783504e-01 -2.572356918548544535e-01
0.000000000000000000e+00 -3.275444087430398055e-01 -2.624274436117904341e-01
0.000000000000000000e+00 -3.309047188683975071e-01 -2.675136193656336148e-01
0.000000000000000000e+00 -3.344965468959570365e-01 -2.724852008975521267e-01
0.000000000000000000e+00 -3.383008109386668183e-01 -2.773343450660898935e-01
0.000000000000000000e+00 -3.422987251992764546e-01 -2.820544322962175166e-01
0.000000000000000000e+00 -3.464721111702451228e-01 -2.866400862269851135e-01
0.000000000000000000e+00 -3.508036733528867579e-01 -2.910871649172235842e-01
0.000000000000000000e+00 -3.552772332347282624e-01 -2.953927247742900719e-01
0.000000000000000000e+00 -3.598779168553193353e-01 -2.995549590777958904e-01
0.000000000000000000e+00 -3.645922929883539942e-01 -3.035731136000015540e-01
0.000000000000000000e+00 -3.694084607066519532e-01 -3.074473823616360457e-01
0.000000000000000000e+00 -3.743160868112521134e-01 -3.111787869942593820e-01
0.000000000000000000e+00 -3.793063952343245226e-01 -3.147690434995478181e-01
0.000000000000000000e+00 -3.843721120107787548e-01 -3.182204203972829326e-01
0.000000000000000000e+00 -3.895073707055964896e-01 -3.215355923362895330e-01
0.000000000000000000e+00 -3.947075842424326297e-01 -3.247174932084102017e-01
0.000000000000000000e+00 -3.999692898737201574e-01 -3.277691726603867428e-01
0.000000000000000000e+00 -4.052899745445363022e-01 -3.306936596506336867e-01
0.000000000000000000e+00 -4.106678881247019519e-01 -3.334938363582163334e-01
0.000000000000000000e+00 -4.161018519204715549e-01 -3.361723253328146588e-01
0.000000000000000000e+00 -4.215910695442448564e-01 -3.387313922915627384e-01
0.000000000000000000e+00 -4.271349466434996578e-01 -3.411728664370335951e-01
0.000000000000000000e+00 -4.327329252027336537e-01 -3.434980796065845166e-01
0.000000000000000000e+00 -4.383843371756011575e-01 -3.457078249832833960e-01
0.000000000000000000e+00 -4.440882811245716044e-01 -3.478023355190043575e-01
0.000000000000000000e+00 -4.498435243910925418e-01 -3.497812816567246186e-01
0.000000000000000000e+00 -4.556484321399042470e-01 -3.516437874063180202e-01
0.000000000000000000e+00 -4.615009234649416481e-01 -3.533884633397514907e-01
0.000000000000000000e+00 -4.673984536560001346e-01 -3.550134546395276591e-01
0.000000000000000000e+00 -4.733380207448055210e-01 -3.565165019687131509e-01
0.000000000000000000e+00 -4.793161936096388409e-01 -3.578950126402732912e-01
0.000000000000000000e+00 -4.853291582449433261e-01 -3.591461393539108760e-01
0.000000000000000000e+00 -4.913727783138402416e-01 -3.602668636442549199e-01
0.000000000000000000e+00 -4.974426658059890594e-01 -3.612540811468751834e-01
0.000000000000000000e+00 -5.035342575209617033e-01 -3.621046858377598987e-01
0.000000000000000000e+00 -5.096428931803506091e-01 -3.628156505349126593e-01
0.000000000000000000e+00 -5.157638912248434515e-01 -3.633841011627184092e-01
0.000000000000000000e+00 -5.218926187538730499e-01 -3.638073825637448411e-01
0.000000000000000000e+00 -5.280245525884741387e-01 -3.640831139897933166e-01
0.000000000000000000e+00 -5.341553290524074793e-01 -3.642092328036535265e-01
0.000000000000000000e+00 -5.402807807401075468e-01 -3.641840253629990976e-01
0.000000000000000000e+00 -5.463969592397732722e-01 -3.640061445247985694e-01
0.000000000000000000e+00 -5.525001434741069195e-01 -3.636746136882373359e-01
0.000000000000000000e+00 -5.585868339803665705e-01 -3.631888177716077193e-01
0.000000000000000000e+00 -5.646537340495945134e-01 -3.625484819789634994e-01
0.000000000000000000e+00 -5.706977191607007782e-01 -3.617536396408588817e-01
0.000000000000000000e+00 -5.767157965622802251e-01 -3.608045907962241783e-01
0.000000000000000000e+00 -5.827050571629530662e-01 -3.597018535065747424e-01
0.000000000000000000e+00 -5.886626220847399615e-01 -3.584461101480976297e-01
0.000000000000000000e+00 -5.945855863140717679e-01 -3.570381511025191856e-01
0.000000000000000000e+00 -6.004709618572500185e-01 -3.554788183572273330e-01
0.000000000000000000e+00 -6.063156226817111305e-01 -3.537689515247852690e-01
0.000000000000000000e+00 -6.121162535151661865e-01 -3.519093387005590712e-01
0.000000000000000000e+00 -6.178693042981615591e-01 -3.499006743965978328e-01
0.000000000000000000e+00 -6.235709517601030205e-01 -3.477435265252223351e-01
0.000000000000000000e+00 -6.292170692331724435e-01 -3.454383140651199890e-01
0.000000000000000000e+00 -6.348032054514277656e-01 -3.429852966371964018e-01
0.000000000000000000e+00 -6.403245727209588845e-01 -3.403845767606712425e-01
0.000000000000000000e+00 -6.457760445065021671e-01 -3.376361150678722778e-01
0.000000000000000000e+00 -6.511521621729751130e-01 -3.347397582465377885e-01
0.000000000000000000e+00 -6.564471503564334176e-01 -3.316952789699925686e-01
0.000000000000000000e+00 -6.616549402241505007e-01 -3.285024265876111960e-01
0.000000000000000000e+00 -6.667691997207286780e-01 -3.251609868995830044e-01
0.000000000000000000e+00 -6.717833697860282616e-01 -3.216708489492366985e-01
0.000000000000000000e+00 -6.766907054681824407e-01 -3.180320764494743435e-01
0.000000000000000000e+00 -6.814843208355799709e-01 -3.142449812311822188e-01
0.000000000000000000e+00 -6.861572366083591445e-01 -3.103101959718228553e-01
0.000000000000000000e+00 -6.907024294744270598e-01 -3.062287434391526841e-01
0.000000000000000000e+00 -6.951128821187795293e-01 -3.020020995715814727e-01
0.000000000000000000e+00 -6.993816330696480676e-01 -2.976322479122467946e-01
0.000000000000000000e+00 -7.035018255433708179e-01 -2.931217232132047323e-01
0.000000000000000000e+00 -7.074667545458434015e-01 -2.884736424197125726e-01
0.000000000000000000e+00 -7.112699115577137965e-01 -2.836917217187857609e-01
0.000000000000000000e+00 -7.149050261908250770e-01 -2.787802788738031889e-01
0.000000000000000000e+00 -7.183661042545196329e-01 -2.737442206475376727e-01
0.000000000000000000e+00 -7.216474617139623238e-01 -2.685890157169226744e-01
0.000000000000000000e+00 -7.247437540619481311e-01 -2.633206540799078454e-01
0.000000000000000000e+00 -7.276500006653694452e-01 -2.579455945231384217e-01
0.000000000000000000e+00 -7.303616036931026567e-01 -2.524707022345958340e-01
0.000000000000000000e+00 -7.328743612892139048e-01 -2.469031790848728036e-01
0.000000000000000000e+00 -7.351844747294999927e-01 -2.412504894440149206e-01
0.000000000000000000e+00 -7.372885493949355995e-01 -2.355202846307773989e-01
0.000000000000000000e+00 -7.391835895156194658e-01 -2.297203291948589354e-01
0.000000000000000000e+00 -7.408669867844844825e-01 -2.238584322021612560e-01
0.000000000000000000e+00 -7.423365031102636680e-01 -2.179423865257023030e-01
0.000000000000000000e+00 -7.435902479705321921e-01 -2.119799188434163262e-01
0.000000000000000000e+00 -7.446266510322072651e-01 -2.059786526172971699e-01
0.000000000000000000e+00 -7.454444309205061625e-01 -1.999460857902755351e-01
0.000000000000000000e+00 -7.460425612279317775e-01 -1.938895843070076175e-01
0.000000000000000000e+00 -7.464202350508070127e-01 -1.878163918659756237e-01
0.000000000000000000e+00 -7.465768295097042762e-01 -1.817336555701186684e-01
0.000000000000000000e+00 -7.465118718392429464e-01 -1.756484663913453759e-01
0.000000000000000000e+00 -7.462250087100730234e-01 -1.695679126318596630e-01
0.000000000000000000e+00 -7.457159804608640696e-01 -1.634991438835389499e-01
0.000000000000000000e+00 -7.449846018622843236e-01 -1.574494423858008862e-01
0.000000000000000000e+00 -7.440307509027446198e-01 -1.514262981902154970e-01
0.000000000000000000e+00 -7.428543668749248985e-01 -1.454374841806874985e-01
0.000000000000000000e+00 -7.414554587545872932e-01 -1.394911267907412988e-01
0.000000000000000000e+00 -7.398341245047060921e-01 -1.335957682180293482e-01
0.000000000000000000e+00 -7.379905815185427986e-01 -1.277604160680254342e-01
0.000000000000000000e+00 -7.359252079488175502e-01 -1.219945766644740109e-01
0.000000000000000000e+00 -7.336385941740480865e-01 -1.163082687370164403e-01
0.000000000000000000e+00 -7.311316031476703392e-01 -1.107120148229914502e-01
0.000000000000000000e+00 -7.284054378830562282e-01 -1.052168084806025389e-01
0.000000000000000000e+00 -7.254617138713709279e-01 -9.983405627839880836e-02
0.000000000000000000e+00 -7.223025338326464206e-01 -9.457549447020832667e-02
0.000000000000000000e+00 -7.189305618856230984e-01 -8.945308125028830770e-02
0.000000000000000000e+00 -7.153490940085537320e-01 -8.447886647290463180e-02
0.000000000000000000e+00 -7.115621215675379529e-01 -7.966484167508891545e-02
0.000000000000000000e+00 -7.075743847228898042e-01 -7.502277412261537659e-02
0.000000000000000000e+00 -7.033914126940591371e-01 -7.056402937090495986e-02
0.000000000000000000e+00 -6.990195481704023495e-01 -6.629938746166438857e-02
0.000000000000000000e+00 -6.944659535930898242e-01 -6.223885833450241295e-02
0.000000000000000000e+00 -6.897385975908061351e-01 -5.839150229848712875e-02
0.000000000000000000e+00 -6.848462205108540868e-01 -5.476526146662019645e-02
0.000000000000000000e+00 -6.797982787244679637e-01 -5.136680789928352309e-02
0.000000000000000000e+00 -6.746048681726504181e-01 -4.820141383184337047e-02
0.000000000000000000e+00 -6.692766284251908671e-01 -4.527284878607270441e-02
0.000000000000000000e+00 -6.638246293169257628e-01 -4.258330760223610900e-02
0.000000000000000000e+00 -6.582602429672793631e-01 -4.013337250347529667e-02
0.000000000000000000e+00 -6.525950046478964373e-01 -3.792201124807954848e-02
0.000000000000000000e+00 -6.468404665073468340e-01 -3.594661227539933807e-02
0.000000000000000000e+00 -6.410080485639335635e-01 -3.420305654875711865e-02
0.000000000000000000e+00 -6.351088916152770603e-01 -3.268582458751422698e-02
0.000000000000000000e+00 -6.291537167708606271e-01 -3.138813600513194052e-02
0.000000000000000000e+00 -6.231526961826879818e-01 -3.030211777446835397e-02
0.000000000000000000e+00 -6.171153392293965423e-01 -2.941899646694585285e-02
0.000000000000000000e+00 -6.110503979085767368e-01 -2.872930889570856489e-02
0.000000000000000000e+00 -6.049657945269856230e-01 -2.822312496587800479e-02
0.000000000000000000e+00 -5.988685739728596413e-01 -2.789027612198587830e-02
0.000000000000000000e+00 -5.927648819395646695e-01 -2.772058260016116438e-02
0.000000000000000000e+00 -5.866599694821047484e-01 -2.770407274856505342e-02
0.000000000000000000e+00 -5.805582232684252109e-01 -2.783118797281012788e-02
0.000000000000000000e+00 -5.744632198794635825e-01 -2.809296738358162127e-02
0.000000000000000000e+00 -5.683778015595603028e-01 -2.848120695264567612e-02
0.000000000000000000e+00 -5.623041699648851921e-01 -2.898858889419633766e-02
0.000000000000000000e+00 -5.562439937413504731e-01 -2.960877804741212510e-02
0.000000000000000000e+00 -5.501985252193626330e-01 -3.033648320387222208e-02
0.000000000000000000e+00 -5.441687211680931169e-01 -3.116748255667396023e-02
0.000000000000000000e+00 -5.381553624259323154e-01 -3.209861370078950782e-02
0.000000000000000000e+00 -5.321591673262553446e-01 -3.312772983979196673e-02
0.000000000000000000e+00 -5.261808941684998908e-01 -3.425362500708694496e-02
0.000000000000000000e+00 -5.202214285334241239e-01 -3.547593214757373270e-02
0.000000000000000000e+00 -5.142818519879795991e-01 -3.679499879013271163e-02
0.000000000000000000e+00 -5.083634896397601910e-01 -3.821174574036831362e-02
0.000000000000000000e+00 -5.024679350455859561e-01 -3.972751471170356957e-02
0.000000000000000000e+00 -4.965970521087986200e-01 -4.134391107445964386e-02
0.000000000000000000e+00 -4.907529547657554780e-01 -4.306264792894687332e-02
0.000000000000000000e+00 -4.849379664115343047e-01 -4.488539750086554397e-02
0.000000000000000000e+00 -4.791545620951570550e-01 -4.681365542544082409e-02
0.000000000000000000e+00 -4.734052974747670062e-01 -4.884862284917753511e-02
0.000000000000000000e+00 -4.676927293162888577e-01 -5.099111046114883361e-02
0.000000000000000000e+00 -4.620193329046759501e-01 -5.324146760223347902e-02
0.000000000000000000e+00 -4.563874220826633632e-01 -5.559953852896546561e-02
0.000000000000000000e+00 -4.507990777156251072e-01 -5.806464677075837133e-02
0.000000000000000000e+00 -4.452560901914294766e-01 -6.063560735950506569e-02
0.000000000000000000e+00 -4.397599211016545162e-01 -6.331076557367538993e-02
0.000000000000000000e+00 -4.343116885278237582e-01 -6.608805976848555752e-02
0.000000000000000000e+00 -4.289121793978866171e-01 -6.896510490001360461e-02
0.000000000000000000e+00 -4.235618912194079599e-01 -7.193929253030161008e-02
0.000000000000000000e+00 -4.182611041819567776e-01 -7.500790245271898860e-02
0.000000000000000000e+00 -4.130099832049790587e-01 -7.816822062543622718e-02
0.000000000000000000e+00 -4.078087080478308701e-01 -8.141765786129348537e-02
0.000000000000000000e+00 -4.026576281577771144e-01 -8.475386370191671792e-02
0.000000000000000000e+00 -3.975574375725871579e-01 -8.817483010145941991e-02
0.000000000000000000e+00 -3.925093639778529653e-01 -9.167897995138661604e-02
0.000000000000000000e+00 -3.875153650017843510e-01 -9.526523607497569546e-02
0.000000000000000000e+00 -3.825783240613281899e-01 -9.893306708437095420e-02
0.000000000000000000e+00 -3.777022375931157194e-01 -1.026825073937118332e-01
0.000000000000000000e+00 -3.728923853398289912e-01 -1.065141496839201868e-01
0.000000000000000000e+00 -3.681554755334488505e-01 -1.104291091796247709e-01
0.000000000000000000e+00 -3.634997573242957913e-01 -1.144289601860240396e-01
0.000000000000000000e+00 -3.589350936378323809e-01 -1.185156464025037132e-01
0.000000000000000000e+00 -3.544729887752366415e-01 -1.226913675410488264e-01
0.000000000000000000e+00 -3.501265664714168224e-01 -1.269584456941111605e-01
0.000000000000000000e+00 -3.459104957366013755e-01 -1.313191756858401449e-01
0.000000000000000000e+00 -3.418408635765239345e-01 -1.357756642748691733e-01
0.000000000000000000e+00 -3.379349955458613719e-01 -1.403296635346904242e-01
0.000000000000000000e+00 -3.342112269695819426e-01 -1.449824040043677376e-01
0.000000000000000000e+00 -3.306886294949639149e-01 -1.497344332704561853e-01
0.000000000000000000e+00 -3.273866993420214144e-01 -1.545854655103571229e-01
0.000000000000000000e+00 -3.243250151346426247e-01 -1.595342472049879057e-01
0.000000000000000000e+00 -3.215228744582688813e-01 -1.645784437283494273e-01
0.000000000000000000e+00 -3.189989192510354066e-01 -1.697145508632362521e-01
0.000000000000000000e+00 -3.167707607538057246e-01 -1.749378345010607905e-01
0.000000000000000000e+00 -3.148546149933493243e-01 -1.802423008888472955e-01
0.000000000000000000e+00 -3.120142225585028628e-01 -1.910645541638056610e-01
