7.653208794408692395e-01 0.000000000000000000e+00 1.751182548176610509e-01
7.645562836873908141e-01 0.000000000000000000e+00 1.697735316032640551e-01
7.636425966122911690e-01 0.000000000000000000e+00 1.644018035190377980e-01
7.625604494404090161e-01 0.000000000000000000e+00 1.589952905151700568e-01
7.612908634704362854e-01 0.000000000000000000e+00 1.535502761400397154e-01
7.598157796231713723e-01 0.000000000000000000e+00 1.480678095130481819e-01
7.581185833721859613e-01 0.000000000000000000e+00 1.425542627691868125e-01
7.561846085878712875e-01 0.000000000000000000e+00 1.370217159484645730e-01
7.540016040561404731e-01 0.000000000000000000e+00 1.314881473373515075e-01
7.515601472376184367e-01 0.000000000000000000e+00 1.259774143282774428e-01
7.488539911966072271e-01 0.000000000000000000e+00 1.205190176732572060e-01
7.458803325146426966e-01 0.000000000000000000e+00 1.151476502600108365e-01
7.426399903537728164e-01 0.000000000000000000e+00 1.099025399022676153e-01
7.391374895737474748e-01 0.000000000000000000e+00 1.048266037704978088e-01
7.353810438429368990e-01 0.000000000000000000e+00 9.996543966112206303e-02
7.313824379099743700e-01 0.000000000000000000e+00 9.536618599731916390e-02
7.271568115077379213e-01 0.000000000000000000e+00 9.107628799229942895e-02
7.227223506245319395e-01 0.000000000000000000e+00 8.714221155125803642e-02
7.180998949800833087e-01 0.000000000000000000e+00 8.360814906175605132e-02
7.133124733715275889e-01 0.000000000000000000e+00 8.051476210813718337e-02
7.083847810010657220e-01 0.000000000000000000e+00 7.789800529661992934e-02
7.033426148696402258e-01 0.000000000000000000e+00 7.578807281772534377e-02
6.982122847438841928e-01 0.000000000000000000e+00 7.420850519571968451e-02
6.930200180207274352e-01 0.000000000000000000e+00 7.317548804123200079e-02
6.877913769917691766e-01 0.000000000000000000e+00 7.269736775343187130e-02
6.825507065380044258e-01 0.000000000000000000e+00 7.277440128311245260e-02
6.773206291793217870e-01 0.000000000000000000e+00 7.339874857807519859e-02
6.721216027010229466e-01 0.000000000000000000e+00 7.455470752411992585e-02
6.669715533427511556e-01 0.000000000000000000e+00 7.621918241780313574e-02
6.618855948454611671e-01 0.000000000000000000e+00 7.836236860775697144e-02
6.568758406085372092e-01 0.000000000000000000e+00 8.094862824991747030e-02
6.519513129246503613e-01 0.000000000000000000e+00 8.393752543824994916e-02
6.471179498564260113e-01 0.000000000000000000e+00 8.728498355353821181e-02
6.423787069230135760e-01 0.000000000000000000e+00 9.094452372241024207e-02
6.377337475024059676e-01 0.000000000000000000e+00 9.486854093957088063e-02
6.331807128477000557e-01 0.000000000000000000e+00 9.900957375397166638e-02
6.287150599733157819e-01 0.000000000000000000e+00 1.033215244607092187e-01
6.243304534870564027e-01 0.000000000000000000e+00 1.077607894120966858e-01
6.200191958042821083e-01 0.000000000000000000e+00 1.122872632351074318e-01
6.157726791387562182e-01 0.000000000000000000e+00 1.168651862300526534e-01
6.115818422550231004e-01 0.000000000000000000e+00 1.214638107875500861e-01
6.074376151990141803e-01 0.000000000000000000e+00 1.260578700176564482e-01
6.033313360816882076e-01 0.000000000000000000e+00 1.306278396282574694e-01
5.992551254355217294e-01 0.000000000000000000e+00 1.351599920962145984e-01
5.952022056337437084e-01 0.000000000000000000e+00 1.396462500199221468e-01
5.911671552757147285e-01 0.000000000000000000e+00 1.440838529137943302e-01
5.871460912005456168e-01 0.000000000000000000e+00 1.484748583171233427e-01
5.831367737842502175e-01 0.000000000000000000e+00 1.528255036920211363e-01
5.791386342846028823e-01 0.000000000000000000e+00 1.571454599749971814e-01
5.751527261003422931e-01 0.000000000000000000e+00 1.614470106759192114e-01
5.711816047868670809e-01 0.000000000000000000e+00 1.657441919982819145e-01
5.672291444048538356e-01 0.000000000000000000e+00 1.700519295599108582e-01
5.633003001678498212e-01 0.000000000000000000e+00 1.743852059597185700e-01
5.594008293110921404e-01 0.000000000000000000e+00 1.787582907595601511e-01
5.555369835560566294e-01 0.000000000000000000e+00 1.831840605802506905e-01
5.517151874436547754e-01 0.000000000000000000e+00 1.876734321434612995e-01
5.479417171262030983e-01 0.000000000000000000e+00 1.922349254594633572e-01
5.442223939401964472e-01 0.000000000000000000e+00 1.968743682235396253e-01
5.405623062475669593e-01 0.000000000000000000e+00 2.015947461145869146e-01
5.369655716736682072e-01 0.000000000000000000e+00 2.063961973633384461e-01
5.334351500469943774e-01 0.000000000000000000e+00 2.112761439402328634e-01
5.299727151373671008e-01 0.000000000000000000e+00 2.162295462486179543e-01
5.265785907887793327e-01 0.000000000000000000e+00 2.212492635108991579e-01
5.232517543532118065e-01 0.000000000000000000e+00 2.263264982770283595e-01
5.199899075612972599e-01 0.000000000000000000e+00 2.314513007938799605e-01
5.167896122249774349e-01 0.000000000000000000e+00 2.366131074277772750e-01
5.136464855635010096e-01 0.000000000000000000e+00 2.418012869556280808e-01
5.105554475773359524e-01 0.000000000000000000e+00 2.470056693059640984e-01
5.075110108538042342e-01 0.000000000000000000e+00 2.522170331637990648e-01
5.045076015480561837e-01 0.000000000000000000e+00 2.574275316326409269e-01
5.015398991008634955e-01 0.000000000000000000e+00 2.626310387158786175e-01
4.986031815689752067e-01 0.000000000000000000e+00 2.678234035515928424e-01
4.956936632725956193e-01 0.000000000000000000e+00 2.730026039032846796e-01
4.928088118054638755e-01 0.000000000000000000e+00 2.781687951577941909e-01
4.899476322836106568e-01 0.000000000000000000e+00 2.833242557946973328e-01
4.871109079879351600e-01 0.000000000000000000e+00 2.884732347625371118e-01
4.843013882254967872e-01 0.000000000000000000e+00 2.936217102390740741e-01
4.815239162230053327e-01 0.000000000000000000e+00 2.987770727048177921e-01
4.787854920908143352e-01 0.000000000000000000e+00 3.039477479939790561e-01
4.760952682668951885e-01 0.000000000000000000e+00 3.091427779149295008e-01
4.734644772743773489e-01 0.000000000000000000e+00 3.143713771039298721e-01
4.709062940101668704e-01 0.000000000000000000e+00 3.196424849830476478e-01
4.684356370367233624e-01 0.000000000000000000e+00 3.249643310674744656e-01
4.660689153925087758e-01 0.000000000000000000e+00 3.303440304772938263e-01
4.638237291975529919e-01 0.000000000000000000e+00 3.357872244546831753e-01
4.617185337505798071e-01 0.000000000000000000e+00 3.412977780961088392e-01
4.597722778496640128e-01 0.000000000000000000e+00 3.468775445258103218e-01
4.580040276920207543e-01 0.000000000000000000e+00 3.525262015184894571e-01
4.564325879095680327e-01 0.000000000000000000e+00 3.582411632856014605e-01
4.550761310812520555e-01 0.000000000000000000e+00 3.640175669263417957e-01
4.539518464524963104e-01 0.000000000000000000e+00 3.698483300547893982e-01
4.530756176226485299e-01 0.000000000000000000e+00 3.757242734738037715e-01
4.524617376815679992e-01 0.000000000000000000e+00 3.816343005756188123e-01
4.521226687452171711e-01 0.000000000000000000e+00 3.875656234825437529e-01
4.520688511234406404e-01 0.000000000000000000e+00 3.935040248427670306e-01
4.523085655216582679e-01 0.000000000000000000e+00 3.994341436792709366e-01
4.528478498041889067e-01 0.000000000000000000e+00 4.053397737377986143e-01
4.536904700011941127e-01 0.000000000000000000e+00 4.112041633485917225e-01
4.548379434905513441e-01 0.000000000000000000e+00 4.170103068383314571e-01
4.562896106905370286e-01 0.000000000000000000e+00 4.227412189162900735e-01
4.580427502106096949e-01 0.000000000000000000e+00 4.283801851115184300e-01
4.600927312671103664e-01 0.000000000000000000e+00 4.339109831478009660e-01
4.624331963082357611e-01 0.000000000000000000e+00 4.393180720006709117e-01
4.650562662259918878e-01 0.000000000000000000e+00 4.445867471813312322e-01
4.679527602676388232e-01 0.000000000000000000e+00 4.497032624414609714e-01
4.711124227892673488e-01 0.000000000000000000e+00 4.546549195113878117e-01
4.745241493025224022e-01 0.000000000000000000e+00 4.594301286115229366e-01
4.781762048253512254e-01 0.000000000000000000e+00 4.640184432743441056e-01
4.820564283241718928e-01 0.000000000000000000e+00 4.684105734653563058e-01
4.861524179868626505e-01 0.000000000000000000e+00 4.725983811027556492e-01
4.904516931480470965e-01 0.000000000000000000e+00 4.765748618747415177e-01
4.949418298525767312e-01 0.000000000000000000e+00 4.803341167870002759e-01
4.996105682419033633e-01 0.000000000000000000e+00 4.838713162024710912e-01
5.044458911348650432e-01 0.000000000000000000e+00 4.871826583334384342e-01
5.094360743062575914e-01 0.000000000000000000e+00 4.902653232904712888e-01
5.145697100052258888e-01 0.000000000000000000e+00 4.931174229625372996e-01
5.198357061687430836e-01 0.000000000000000000e+00 4.957379462720187258e-01
5.252232645477767914e-01 0.000000000000000000e+00 4.981266987823382841e-01
5.307218415570775782e-01 0.000000000000000000e+00 5.002842352859220298e-01
5.363210960731245036e-01 0.000000000000000000e+00 5.022117839009986318e-01
5.420108286353486626e-01 0.000000000000000000e+00 5.039111603728930744e-01
5.477809165568156002e-01 0.000000000000000000e+00 5.053846717045369363e-01
5.536212493318583006e-01 0.000000000000000000e+00 5.066350089074247443e-01
5.595216684548106612e-01 0.000000000000000000e+00 5.076651295251416451e-01
5.654719153554123023e-01 0.000000000000000000e+00 5.084781315778076349e-01
5.714615906353318620e-01 0.000000000000000000e+00 5.090771216357417028e-01
5.774801271814051784e-01 0.000000000000000000e+00 5.094650807747285182e-01
5.835167790604797178e-01 0.000000000000000000e+00 5.096447331106505052e-01
5.895606273941387254e-01 0.000000000000000000e+00 5.096184223772289856e-01
5.956006036941277060e-01 0.000000000000000000e+00 5.093880025238333165e-01
6.016255304345431432e-01 0.000000000000000000e+00 5.089547485095899937e-01
6.076241779660419562e-01 0.000000000000000000e+00 5.083192933107836264e-01
6.135853362592145199e-01 0.000000000000000000e+00 5.074815966161778658e-01
6.194978994145938778e-01 0.000000000000000000e+00 5.064409497572022190e-01
6.253509604083408169e-01 0.000000000000000000e+00 5.051960201282854612e-01
6.311339131651981793e-01 0.000000000000000000e+00 5.037449367416558799e-01
6.368365587707087716e-01 0.000000000000000000e+00 5.020854166972169574e-01
6.424492124570776452e-01 0.000000000000000000e+00 5.002149303171653516e-01
6.479628079230596027e-01 0.000000000000000000e+00 4.981309005974221549e-01
6.533689955772991054e-01 0.000000000000000000e+00 4.958309305742515938e-01
6.586602314239937694e-01 0.000000000000000000e+00 4.933130503095348729e-01
6.638298535352519236e-01 0.000000000000000000e+00 4.905759735750476191e-01
6.688721433699891250e-01 0.000000000000000000e+00 4.876193530695643874e-01
6.737823695971926208e-01 0.000000000000000000e+00 4.844440222232586635e-01
6.785568125528717021e-01 0.000000000000000000e+00 4.810522114023785822e-01
6.831927679946860898e-01 0.000000000000000000e+00 4.774477266698104461e-01
6.876885294043402208e-01 0.000000000000000000e+00 4.736360802019985439e-01
6.920433487121789851e-01 0.000000000000000000e+00 4.696245629976464886e-01
6.962573759665263706e-01 0.000000000000000000e+00 4.654222525955182266e-01
7.003315791262292311e-01 0.000000000000000000e+00 4.610399510742537732e-01
7.042676458015394436e-01 0.000000000000000000e+00 4.564900515355411748e-01
7.080678693877103802e-01 0.000000000000000000e+00 4.517863344487560995e-01
7.117350226086028853e-01 0.000000000000000000e+00 4.469436985175580523e-01
7.152722219949453342e-01 0.000000000000000000e+00 4.419778339623432473e-01
7.186827872446045484e-01 0.000000000000000000e+00 4.369048491379027288e-01
7.219700997319674629e-01 0.000000000000000000e+00 4.317408640673518483e-01
7.251374646335402296e-01 0.000000000000000000e+00 4.265015866268278000e-01
7.281879812025203735e-01 0.000000000000000000e+00 4.212018886347960733e-01
7.311244256449430656e-01 0.000000000000000000e+00 4.158553998849345290e-01
7.339491508163107358e-01 0.000000000000000000e+00 4.104741381438947179e-01
7.366640065673339954e-01 0.000000000000000000e+00 4.050681922822382819e-01
7.392702840226512695e-01 0.000000000000000000e+00 3.996454740248772675e-01
7.417686863849508594e-01 0.000000000000000000e+00 3.942115513427786322e-01
7.441593280326617155e-01 0.000000000000000000e+00 3.887695733459573533e-01
7.464417627421348067e-01 0.000000000000000000e+00 3.833202928006940735e-01
7.486150408408249746e-01 0.000000000000000000e+00 3.778621882349171845e-01
7.506777940175373143e-01 0.000000000000000000e+00 3.723916831936609495e-01
7.526283454151473373e-01 0.000000000000000000e+00 3.669034557579599065e-01
7.544648415497893224e-01 0.000000000000000000e+00 3.613908271508894932e-01
7.561854015800805184e-01 0.000000000000000000e+00 3.558462143285263113e-01
7.577882785331117033e-01 0.000000000000000000e+00 3.502616280859202069e-01
7.592720263224304045e-01 0.000000000000000000e+00 3.446291955734989698e-01
7.606356658062012333e-01 0.000000000000000000e+00 3.389416843638178856e-01
7.618788427658446105e-01 0.000000000000000000e+00 3.331930044420854942e-01
7.630019705652881790e-01 0.000000000000000000e+00 3.273786647837954034e-01
7.640063503992317040e-01 0.000000000000000000e+00 3.214961625495744157e-01
7.648942624670994617e-01 0.000000000000000000e+00 3.155452853423587056e-01
7.656690221189009771e-01 0.000000000000000000e+00 3.095283103573949202e-01
7.663349960002457939e-01 0.000000000000000000e+00 3.034500884865525272e-01
7.668975744551681517e-01 0.000000000000000000e+00 2.973180063477946500e-01
7.673630978948697834e-01 0.000000000000000000e+00 2.911418245952818729e-01
7.677387364650778423e-01 0.000000000000000000e+00 2.849333964948863041e-01
7.680323240920852168e-01 0.000000000000000000e+00 2.787062763756333328e-01
7.682521497974498237e-01 0.000000000000000000e+00 2.724752329348328339e-01
7.684067109776288040e-01 0.000000000000000000e+00 2.662556872331626190e-01
7.685044350779276501e-01 0.000000000000000000e+00 2.600630993317621376e-01
7.685533776794624128e-01 0.000000000000000000e+00 2.539123306897256849e-01
7.685609063948272146e-01 0.000000000000000000e+00 2.478170114878003871e-01
7.685333810689926048e-01 0.000000000000000000e+00 2.417889428489153891e-01
7.684758415504547857e-01 0.000000000000000000e+00 2.358375634171551161e-01
7.683917146878727067e-01 0.000000000000000000e+00 2.299695079195431535e-01
7.682825521859549811e-01 0.000000000000000000e+00 2.241882822138534515e-01
7.681478105023512581e-01 0.000000000000000000e+00 2.184940750230074946e-01
7.679846830817025349e-01 0.000000000000000000e+00 2.128837212295847381e-01
7.677879939175438206e-01 0.000000000000000000e+00 2.073508254585976207e-01
7.675501597379400520e-01 0.000000000000000000e+00 2.018860479597809898e-01
7.672612260734523737e-01 0.000000000000000000e+00 1.964775477896937850e-01
7.669089801482258384e-01 0.000000000000000000e+00 1.911115712854620508e-01
7.664791410118614312e-01 0.000000000000000000e+00 1.857731671188683487e-01
7.653208794408692395e-01 0.000000000000000000e+00 1.751182548176610509e-01
