8.893396027299772868e+02 -3.074395954040261927e+02 0.000000000000000000e+00
8.914762278451228212e+02 -3.175122604515749458e+02 0.000000000000000000e+00
8.934805892795484397e+02 -3.276773870763350374e+02 0.000000000000000000e+00
8.953850173739750744e+02 -3.379886390142775099e+02 0.000000000000000000e+00
8.972133933327758086e+02 -3.484949062945343599e+02 0.000000000000000000e+00
8.989784304443138581e+02 -3.592344786094295159e+02 0.000000000000000000e+00
9.006806868081666835e+02 -3.702299940173314781e+02 0.000000000000000000e+00
9.023094306972407139e+02 -3.814849841257857292e+02 0.000000000000000000e+00
9.038451717267546428e+02 -3.929826344733745032e+02 0.000000000000000000e+00
9.052634029187033775e+02 -4.046870661682771129e+02 0.000000000000000000e+00
9.065389131501692646e+02 -4.165470716157747120e+02 0.000000000000000000e+00
9.076499543704510415e+02 -4.285018633646305375e+02 0.000000000000000000e+00
9.085815925880291388e+02 -4.404880812239149463e+02 0.000000000000000000e+00
9.093277253465030299e+02 -4.524471000039176261e+02 0.000000000000000000e+00
9.098914829764967180e+02 -4.643316220266108303e+02 0.000000000000000000e+00
9.102840054792831097e+02 -4.761106353792473556e+02 0.000000000000000000e+00
9.105218550180111379e+02 -4.877720564643391299e+02 0.000000000000000000e+00
9.106235413874084088e+02 -4.993227170406999562e+02 0.000000000000000000e+00
9.106057696626697862e+02 -5.107857484816370288e+02 0.000000000000000000e+00
9.104800456585373922e+02 -5.221957982878877829e+02 0.000000000000000000e+00
9.102501940193908467e+02 -5.335928267104117140e+02 0.000000000000000000e+00
9.099111718186994722e+02 -5.450154266476271232e+02 0.000000000000000000e+00
9.094493285089307619e+02 -5.564946585923722751e+02 0.000000000000000000e+00
9.088440114471534343e+02 -5.680492884498062267e+02 0.000000000000000000e+00
9.080701880804180064e+02 -5.796830777283215639e+02 0.000000000000000000e+00
9.071015895397754321e+02 -5.913844420782430689e+02 0.000000000000000000e+00
9.059138031058948854e+02 -6.031284191052043298e+02 0.000000000000000000e+00
9.044867645041829292e+02 -6.148805293494298212e+02 0.000000000000000000e+00
9.028062197139396403e+02 -6.266018311461850772e+02 0.000000000000000000e+00
9.008639182555066327e+02 -6.382543040884123684e+02 0.000000000000000000e+00
8.986565317891605673e+02 -6.498056710576198611e+02 0.000000000000000000e+00
8.961835229448347491e+02 -6.612328864872528129e+02 0.000000000000000000e+00
8.934443797087269559e+02 -6.725237571644807986e+02 0.000000000000000000e+00
8.904357477611490594e+02 -6.836764809876709705e+02 0.000000000000000000e+00
8.871490169435786584e+02 -6.946972359917485846e+02 0.000000000000000000e+00
8.835688445998632687e+02 -7.055962703584278870e+02 0.000000000000000000e+00
8.796729405492837941e+02 -7.163831832687507131e+02 0.000000000000000000e+00
8.754332229448650651e+02 -7.270622091381300152e+02 0.000000000000000000e+00
8.708182180298641697e+02 -7.376283061730347299e+02 0.000000000000000000e+00
8.657963601008771093e+02 -7.480647084314157382e+02 0.000000000000000000e+00
8.603396877631438429e+02 -7.583423537488284865e+02 0.000000000000000000e+00
8.544273562059095184e+02 -7.684212897061247531e+02 0.000000000000000000e+00
8.480484059447870777e+02 -7.782538375804576845e+02 0.000000000000000000e+00
8.412033430989980616e+02 -7.877890124327924468e+02 0.000000000000000000e+00
8.339042757774619758e+02 -7.969775012912937200e+02 0.000000000000000000e+00
8.261735838881335212e+02 -8.057764213797614730e+02 0.000000000000000000e+00
8.180413367018089730e+02 -8.141531277835705396e+02 0.000000000000000000e+00
8.095418740805695279e+02 -8.220875052312047728e+02 0.000000000000000000e+00
8.007100996265866115e+02 -8.295724331524038462e+02 0.000000000000000000e+00
7.915780749236869269e+02 -8.366124140884888902e+02 0.000000000000000000e+00
7.821724466725992215e+02 -8.432206531327799439e+02 0.000000000000000000e+00
7.725130925042979015e+02 -8.494151218313078289e+02 0.000000000000000000e+00
7.626131611402108774e+02 -8.552142944272086424e+02 0.000000000000000000e+00
7.524804437032041733e+02 -8.606332834310067028e+02 0.000000000000000000e+00
7.421197856087158016e+02 -8.656810203043452248e+02 0.000000000000000000e+00
7.315360709676173201e+02 -8.703589403013061201e+02 0.000000000000000000e+00
7.207372138989065888e+02 -8.746613700080106355e+02 0.000000000000000000e+00
7.097365902990703717e+02 -8.785775253133353999e+02 0.000000000000000000e+00
6.985544399468667507e+02 -8.820947543474106851e+02 0.000000000000000000e+00
6.872179464781429488e+02 -8.852024488758702319e+02 0.000000000000000000e+00
6.757599321168769393e+02 -8.878959326981403137e+02 0.000000000000000000e+00
6.642163465992066449e+02 -8.901796347680585768e+02 0.000000000000000000e+00
6.526229445126693918e+02 -8.920689673455866568e+02 0.000000000000000000e+00
6.410116957015542312e+02 -8.935905364558293513e+02 0.000000000000000000e+00
6.294075333848240916e+02 -8.947805791823794834e+02 0.000000000000000000e+00
6.178260030564546241e+02 -8.956818064068435206e+02 0.000000000000000000e+00
6.062722378475599498e+02 -8.963390848482024467e+02 0.000000000000000000e+00
5.947414746440882709e+02 -8.967945781338792131e+02 0.000000000000000000e+00
5.832210742453790999e+02 -8.970830542265069880e+02 0.000000000000000000e+00
5.716937595350354968e+02 -8.972280429819168148e+02 0.000000000000000000e+00
5.601415794884591151e+02 -8.972393979459519642e+02 0.000000000000000000e+00
5.485499786295021067e+02 -8.971126025055004902e+02 0.000000000000000000e+00
5.369113235431773319e+02 -8.968298969803773844e+02 0.000000000000000000e+00
5.252273162544944398e+02 -8.963630321585048932e+02 0.000000000000000000e+00
5.135098973091488688e+02 -8.956772184713892102e+02 0.000000000000000000e+00
5.017804821921058078e+02 -8.947356744144195773e+02 0.000000000000000000e+00
4.900676448871314506e+02 -8.935041068963050748e+02 0.000000000000000000e+00
4.784036183275393910e+02 -8.919544884190523817e+02 0.000000000000000000e+00
4.668201815087971340e+02 -8.900676233736302265e+02 0.000000000000000000e+00
4.553446140844520187e+02 -8.878341956085146194e+02 0.000000000000000000e+00
4.439964023754396862e+02 -8.852542284518015094e+02 0.000000000000000000e+00
4.327852741305682684e+02 -8.823351281984351999e+02 0.000000000000000000e+00
4.217109389057130784e+02 -8.790886856501140301e+02 0.000000000000000000e+00
4.107646475139794688e+02 -8.755275477178547590e+02 0.000000000000000000e+00
3.999323987702935028e+02 -8.716617241548258335e+02 0.000000000000000000e+00
3.891993594850623595e+02 -8.674956591214629498e+02 0.000000000000000000e+00
3.785548656278082262e+02 -8.630262836559045354e+02 0.000000000000000000e+00
3.679972699886557734e+02 -8.582422953420291378e+02 0.000000000000000000e+00
3.575379107060510933e+02 -8.531247154532887862e+02 0.000000000000000000e+00
3.472035943579215314e+02 -8.476485840602092594e+02 0.000000000000000000e+00
3.370371983365876645e+02 -8.417854995489295789e+02 0.000000000000000000e+00
3.270962671439183396e+02 -8.355066125580785865e+02 0.000000000000000000e+00
3.174497643321136024e+02 -8.287856564353246540e+02 0.000000000000000000e+00
3.081734021045646728e+02 -8.216016357177153395e+02 0.000000000000000000e+00
2.993441648183470534e+02 -8.139408883641323200e+02 0.000000000000000000e+00
2.910347423783128988e+02 -8.057983655677526258e+02 0.000000000000000000e+00
2.833085815396826206e+02 -7.971781096986879902e+02 0.000000000000000000e+00
2.762161512179487772e+02 -7.880930314384041822e+02 0.000000000000000000e+00
2.697928219328288151e+02 -7.785641714965186111e+02 0.000000000000000000e+00
2.640585120204855798e+02 -7.686196687156103735e+02 0.000000000000000000e+00
2.590189939705634856e+02 -7.582936431172956873e+02 0.000000000000000000e+00
2.546685236201944349e+02 -7.476251475784681588e+02 0.000000000000000000e+00
2.509932876240900157e+02 -7.366572612188712128e+02 0.000000000000000000e+00
2.479750840818477684e+02 -7.254363114999313211e+02 0.000000000000000000e+00
2.455946662309553403e+02 -7.140111409847351069e+02 0.000000000000000000e+00
2.438342828139467713e+02 -7.024322952997930543e+02 0.000000000000000000e+00
2.426791201047114441e+02 -6.907510104686526802e+02 0.000000000000000000e+00
2.421175583931874939e+02 -6.790179207592096873e+02 0.000000000000000000e+00
2.421403639565308481e+02 -6.672814836161010135e+02 0.000000000000000000e+00
2.427391115018793926e+02 -6.555862097790711687e+02 0.000000000000000000e+00
2.439042441514912980e+02 -6.439708736963401634e+02 0.000000000000000000e+00
2.456232121674631799e+02 -6.324669410519611574e+02 0.000000000000000000e+00
2.478790855860029296e+02 -6.210974699424481287e+02 0.000000000000000000e+00
2.506499214231858161e+02 -6.098767109077623445e+02 0.000000000000000000e+00
2.539090062792211313e+02 -5.988105494278555625e+02 0.000000000000000000e+00
2.576259203410305645e+02 -5.878978136294962269e+02 0.000000000000000000e+00
2.617682110290071478e+02 -5.771323294351194590e+02 0.000000000000000000e+00
2.663033520029094916e+02 -5.665054701987602357e+02 0.000000000000000000e+00
2.712006152977600095e+02 -5.560088438830068753e+02 0.000000000000000000e+00
2.764325083195558932e+02 -5.456367099712532536e+02 0.000000000000000000e+00
2.819755174544434908e+02 -5.353877342507676076e+02 0.000000000000000000e+00
2.878100383613107169e+02 -5.252657747258062955e+02 0.000000000000000000e+00
2.939195332339692186e+02 -5.152795362149753373e+02 0.000000000000000000e+00
3.002891072379480306e+02 -5.054411133424865170e+02 0.000000000000000000e+00
3.069038114113435540e+02 -4.957636322259430699e+02 0.000000000000000000e+00
3.137470358446220189e+02 -4.862583674600543304e+02 0.000000000000000000e+00
3.207993439421906032e+02 -4.769318225801670792e+02 0.000000000000000000e+00
3.280380178065852306e+02 -4.677832964573335062e+02 0.000000000000000000e+00
3.354374505742759993e+02 -4.588034046186466526e+02 0.000000000000000000e+00
3.429703581897611571e+02 -4.499738875443295569e+02 0.000000000000000000e+00
3.506096206656794152e+02 -4.412688364734068500e+02 0.000000000000000000e+00
3.583304317194834994e+02 -4.326572321913379824e+02 0.000000000000000000e+00
3.661123610286650774e+02 -4.241064620945397223e+02 0.000000000000000000e+00
3.739409306301411107e+02 -4.155862950844887109e+02 0.000000000000000000e+00
3.818083788503014944e+02 -4.070726865084124029e+02 0.000000000000000000e+00
3.897134207081647901e+02 -3.985507787482359277e+02 0.000000000000000000e+00
3.976599902210298865e+02 -3.900165634677220510e+02 0.000000000000000000e+00
4.056551366057499308e+02 -3.814768674281145877e+02 0.000000000000000000e+00
4.137064093770915747e+02 -3.729475869279731910e+02 0.000000000000000000e+00
4.218191763176918130e+02 -3.644503853447944834e+02 0.000000000000000000e+00
4.299943514271336085e+02 -3.560083365770100272e+02 0.000000000000000000e+00
4.382269582602813216e+02 -3.476411982820918638e+02 0.000000000000000000e+00
4.465058233620839019e+02 -3.393610955953672033e+02 0.000000000000000000e+00
4.548145048971283586e+02 -3.311693670577649300e+02 0.000000000000000000e+00
4.631333443783137227e+02 -3.230551682750372038e+02 0.000000000000000000e+00
4.714423220575355913e+02 -3.149961649638565859e+02 0.000000000000000000e+00
4.797242362746815161e+02 -3.069613139080239534e+02 0.000000000000000000e+00
4.879676443756637809e+02 -2.989153796734553907e+02 0.000000000000000000e+00
4.961690159361676251e+02 -2.908245238579212355e+02 0.000000000000000000e+00
5.043336602841367267e+02 -2.826620856231534162e+02 0.000000000000000000e+00
5.124751850750070616e+02 -2.744135881149967418e+02 0.000000000000000000e+00
5.206134911961422631e+02 -2.660800761475475156e+02 0.000000000000000000e+00
5.287715711683256359e+02 -2.576791131187946462e+02 0.000000000000000000e+00
5.369716088688941227e+02 -2.492431117488692109e+02 0.000000000000000000e+00
5.452310363963837290e+02 -2.408150947646975624e+02 0.000000000000000000e+00
5.535592581096486811e+02 -2.324424145525870813e+02 0.000000000000000000e+00
5.619556871611609949e+02 -2.241693365769916682e+02 0.000000000000000000e+00
5.704095602577747286e+02 -2.160296472156844345e+02 0.000000000000000000e+00
5.789017253302126846e+02 -2.080405355904076430e+02 0.000000000000000000e+00
5.874082740052202780e+02 -2.001988977909440166e+02 0.000000000000000000e+00
5.959055664798295311e+02 -1.924809257874263153e+02 0.000000000000000000e+00
6.043759235682572353e+02 -1.848454061641501482e+02 0.000000000000000000e+00
6.128130865667181979e+02 -1.772406239939481054e+02 0.000000000000000000e+00
6.212265038120016243e+02 -1.696142196051505380e+02 0.000000000000000000e+00
6.296436075250101112e+02 -1.619248612462528740e+02 0.000000000000000000e+00
6.381094873245988310e+02 -1.541542489797891733e+02 0.000000000000000000e+00
6.466837172073123838e+02 -1.463178111210629027e+02 0.000000000000000000e+00
6.554345022833465464e+02 -1.384725241438343346e+02 0.000000000000000000e+00
6.644307204933946878e+02 -1.307205784104773727e+02 0.000000000000000000e+00
6.737327810451895402e+02 -1.232080913265466080e+02 0.000000000000000000e+00
6.833834508128002199e+02 -1.161186746645003609e+02 0.000000000000000000e+00
6.933998737129627443e+02 -1.096623126387126490e+02 0.000000000000000000e+00
7.037679095989126381e+02 -1.040606128970200217e+02 0.000000000000000000e+00
7.144396572523968416e+02 -9.952997008799046341e+01 0.000000000000000000e+00
7.253346338792537153e+02 -9.626446455291237214e+01 0.000000000000000000e+00
7.363446143807025237e+02 -9.442036751093588975e+01 0.000000000000000000e+00
7.473416531797248581e+02 -9.410393221415434084e+01 0.000000000000000000e+00
7.581883878381120212e+02 -9.536374507823978774e+01 0.000000000000000000e+00
7.687494179655856215e+02 -9.818834861675341585e+01 0.000000000000000000e+00
7.789024092795679053e+02 -1.025092073390905512e+02 0.000000000000000000e+00
7.885476121276935828e+02 -1.082084566749420418e+02 0.000000000000000000e+00
7.976147008391010331e+02 -1.151303385159948789e+02 0.000000000000000000e+00
8.060662036857094108e+02 -1.230948548917263707e+02 0.000000000000000000e+00
8.138972506640886877e+02 -1.319120082629599722e+02 0.000000000000000000e+00
8.211318521078336516e+02 -1.413950564664922922e+02 0.000000000000000000e+00
8.278163661604958179e+02 -1.513714736856580600e+02 0.000000000000000000e+00
8.340111550033270760e+02 -1.616907284577885093e+02 0.000000000000000000e+00
8.397816220269015730e+02 -1.722284973196705948e+02 0.000000000000000000e+00
8.451898411197687437e+02 -1.828874498866089482e+02 0.000000000000000000e+00
8.502878370685731397e+02 -1.935951916973748155e+02 0.000000000000000000e+00
8.551132800233318676e+02 -2.043002723416844333e+02 0.000000000000000000e+00
8.596879649920712154e+02 -2.149673181979729861e+02 0.000000000000000000e+00
8.640190203113947973e+02 -2.255723195687718317e+02 0.000000000000000000e+00
8.681023914565706718e+02 -2.360989080458555236e+02 0.000000000000000000e+00
8.719278365691018280e+02 -2.465361437507156950e+02 0.000000000000000000e+00
8.754844908581109166e+02 -2.568779535653349626e+02 0.000000000000000000e+00
8.787660305223791966e+02 -2.671239880366450734e+02 0.000000000000000000e+00
8.817745909479789361e+02 -2.772813602063814074e+02 0.000000000000000000e+00
8.845228434792531971e+02 -2.873665442807479735e+02 0.000000000000000000e+00
8.893396027299772868e+02 -3.074395954040261927e+02 0.000000000000000000e+00
