-1.114416216292168542e+02 -5.563674643422823465e+02 0.000000000000000000e+00
-1.100738929514299116e+02 -5.665487400986183957e+02 0.000000000000000000e+00
-1.090429087199188274e+02 -5.768845597695692504e+02 0.000000000000000000e+00
-1.083187575030814003e+02 -5.874228310956186760e+02 0.000000000000000000e+00
-1.078790340258326950e+02 -5.981979572212532048e+02 0.000000000000000000e+00
-1.077102126599452419e+02 -6.092265222184454387e+02 0.000000000000000000e+00
-1.078082272994695927e+02 -6.205050209994672059e+02 0.000000000000000000e+00
-1.081782255864472972e+02 -6.320098150001082331e+02 0.000000000000000000e+00
-1.088335509715254119e+02 -6.436992292278549712e+02 0.000000000000000000e+00
-1.097940845035358421e+02 -6.555174569760141594e+02 0.000000000000000000e+00
-1.110841402986919633e+02 -6.673997362018732247e+02 0.000000000000000000e+00
-1.127301471523856833e+02 -6.792781303887787772e+02 0.000000000000000000e+00
-1.147583594986089821e+02 -6.910872014211477108e+02 0.000000000000000000e+00
-1.171928231631931538e+02 -7.027689062235713209e+02 0.000000000000000000e+00
-1.200537779373821650e+02 -7.142761748353410667e+02 0.000000000000000000e+00
-1.233566159387559651e+02 -7.255748171391667256e+02 0.000000000000000000e+00
-1.271114404258895689e+02 -7.366436328135071108e+02 0.000000000000000000e+00
-1.313231938579839948e+02 -7.474728341316359774e+02 0.000000000000000000e+00
-1.359922562068342415e+02 -7.580611035942388298e+02 0.000000000000000000e+00
-1.411153632421481916e+02 -7.684117713283925468e+02 0.000000000000000000e+00
-1.466866657873321742e+02 -7.785286910642065550e+02 0.000000000000000000e+00
-1.526987477434812206e+02 -7.884124081616956801e+02 0.000000000000000000e+00
-1.591434425214209227e+02 -7.980571490837039619e+02 0.000000000000000000e+00
-1.660123305976184724e+02 -8.074490297072650264e+02 0.000000000000000000e+00
-1.732968586502152561e+02 -8.165656994212182553e+02 0.000000000000000000e+00
-1.809880847320742987e+02 -8.253774344552391540e+02 0.000000000000000000e+00
-1.890761151218657119e+02 -8.338494950994082728e+02 0.000000000000000000e+00
-1.975493483523111138e+02 -8.419453938170506717e+02 0.000000000000000000e+00
-2.063936736527447522e+02 -8.496306062837512627e+02 0.000000000000000000e+00
-2.155917804848330661e+02 -8.568762090322503582e+02 0.000000000000000000e+00
-2.251227219730487832e+02 -8.636619502612350061e+02 0.000000000000000000e+00
-2.349618400663077580e+02 -8.699783493766681204e+02 0.000000000000000000e+00
-2.450811093528098183e+02 -8.758275620841877753e+02 0.000000000000000000e+00
-2.554498968925865654e+02 -8.812229207421552246e+02 0.000000000000000000e+00
-2.660360756743752404e+02 -8.861872398660501631e+02 0.000000000000000000e+00
-2.768073777479550586e+02 -8.907501394394034833e+02 0.000000000000000000e+00
-2.877328369320267711e+02 -8.949447623432399723e+02 0.000000000000000000e+00
-2.987841552671376917e+02 -8.988043309764620972e+02 0.000000000000000000e+00
-3.099368342273110670e+02 -9.023589941341992926e+02 0.000000000000000000e+00
-3.211709401396077510e+02 -9.056333593785187759e+02 0.000000000000000000e+00
-3.324714193260357433e+02 -9.086449978836657237e+02 0.000000000000000000e+00
-3.438279358056063302e+02 -9.114040644477958040e+02 0.000000000000000000e+00
-3.552342650920860478e+02 -9.139140159674258257e+02 0.000000000000000000e+00
-3.666873333981495762e+02 -9.161732596549965137e+02 0.000000000000000000e+00
-3.781860348473747990e+02 -9.181774385347372345e+02 0.000000000000000000e+00
-3.897299843134990169e+02 -9.199219827146438320e+02 0.000000000000000000e+00
-4.013183670222069850e+02 -9.214045304068978339e+02 0.000000000000000000e+00
-4.129490278202214313e+02 -9.226268546152090266e+02 0.000000000000000000e+00
-4.246179057904946603e+02 -9.235960138473595862e+02 0.000000000000000000e+00
-4.363188690124993059e+02 -9.243245652444504685e+02 0.000000000000000000e+00
-4.480439469051975152e+02 -9.248298182839743049e+02 0.000000000000000000e+00
-4.597839017421108565e+02 -9.251322465047426249e+02 0.000000000000000000e+00
-4.715290342959664827e+02 -9.252532938544673016e+02 0.000000000000000000e+00
-4.832700875000715541e+02 -9.252128949101099806e+02 0.000000000000000000e+00
-4.949991006234291717e+02 -9.250270635344108996e+02 0.000000000000000000e+00
-5.067100760849030507e+02 -9.247058886201011774e+02 0.000000000000000000e+00
-5.183993500736136184e+02 -9.242522118929593944e+02 0.000000000000000000e+00
-5.300656022981727347e+02 -9.236611614553543177e+02 0.000000000000000000e+00
-5.417094930827526014e+02 -9.229205911347962683e+02 0.000000000000000000e+00
-5.533329701225460440e+02 -9.220123478849956200e+02 0.000000000000000000e+00
-5.649383348600820227e+02 -9.209141758057296556e+02 0.000000000000000000e+00
-5.765271929690551360e+02 -9.196019817279760673e+02 0.000000000000000000e+00
-5.880994300515709483e+02 -9.180521450399112382e+02 0.000000000000000000e+00
-5.996523501401887870e+02 -9.162435586319721779e+02 0.000000000000000000e+00
-6.111800915718019951e+02 -9.141591368587960460e+02 0.000000000000000000e+00
-6.226733956388402476e+02 -9.117866121792935701e+02 0.000000000000000000e+00
-6.341197537579577101e+02 -9.091185514313453950e+02 0.000000000000000000e+00
-6.455039058196592805e+02 -9.061516391693080550e+02 0.000000000000000000e+00
-6.568086134423961084e+02 -9.028853820571006281e+02 0.000000000000000000e+00
-6.680155939924788981e+02 -8.993204696379539200e+02 0.000000000000000000e+00
-6.791064798063609942e+02 -8.954570715106741545e+02 0.000000000000000000e+00
-6.900636650931386384e+02 -8.912933531828775813e+02 0.000000000000000000e+00
-7.008709207793488076e+02 -8.868244530951506022e+02 0.000000000000000000e+00
-7.115136925756318078e+02 -8.820420881083928180e+02 0.000000000000000000e+00
-7.219790448545721802e+02 -8.769348558039758927e+02 0.000000000000000000e+00
-7.322552658531776615e+02 -8.714891942640565503e+02 0.000000000000000000e+00
-7.423312007731440190e+02 -8.656908596583109556e+02 0.000000000000000000e+00
-7.521954213134591782e+02 -8.595267037552669080e+02 0.000000000000000000e+00
-7.618353670545476461e+02 -8.529864887484375231e+02 0.000000000000000000e+00
-7.712366020320497455e+02 -8.460644718124168548e+02 0.000000000000000000e+00
-7.803823175339537102e+02 -8.387605269083090889e+02 0.000000000000000000e+00
-7.892531811770722925e+02 -8.310806409280650087e+02 0.000000000000000000e+00
-7.978275868109443536e+02 -8.230367146283132342e+02 0.000000000000000000e+00
-8.060823059226852365e+02 -8.146457018332964708e+02 0.000000000000000000e+00
-8.139934863074572604e+02 -8.059282176232009078e+02 0.000000000000000000e+00
-8.215378953162764901e+02 -7.969068231649117706e+02 0.000000000000000000e+00
-8.286942696135746473e+02 -7.876042400819495697e+02 0.000000000000000000e+00
-8.354446159097311693e+02 -7.780417541685784499e+02 0.000000000000000000e+00
-8.417753099790286342e+02 -7.682380359406155321e+02 0.000000000000000000e+00
-8.476778640724260185e+02 -7.582085389519020282e+02 0.000000000000000000e+00
-8.531492725289180044e+02 -7.479655460725052762e+02 0.000000000000000000e+00
-8.581918966509849724e+02 -7.375188327165570854e+02 0.000000000000000000e+00
-8.628129058793128934e+02 -7.268768195982564748e+02 0.000000000000000000e+00
-8.670233455325854948e+02 -7.160480105720126858e+02 0.000000000000000000e+00
-8.708369448525477310e+02 -7.050424652111278192e+02 0.000000000000000000e+00
-8.742688071763059270e+02 -6.938730481285416545e+02 0.000000000000000000e+00
-8.773341332448144385e+02 -6.825562290914376717e+02 0.000000000000000000e+00
-8.800471180357353660e+02 -6.711122752535478639e+02 0.000000000000000000e+00
-8.824201328519786784e+02 -6.595647695544840872e+02 0.000000000000000000e+00
-8.844632618875099297e+02 -6.479394938609256087e+02 0.000000000000000000e+00
-8.861842121238812524e+02 -6.362628162043342854e+02 0.000000000000000000e+00
-8.875885641480963386e+02 -6.245598033474242357e+02 0.000000000000000000e+00
-8.886802862934558789e+02 -6.128523303590109208e+02 0.000000000000000000e+00
-8.894624014108096617e+02 -6.011574698651575090e+02 0.000000000000000000e+00
-8.899376788416146837e+02 -5.894864128693487828e+02 0.000000000000000000e+00
-8.901092257358277493e+02 -5.778441043138034274e+02 0.000000000000000000e+00
-8.899808711425209822e+02 -5.662296793346148434e+02 0.000000000000000000e+00
-8.895572702848370454e+02 -5.546376742005270444e+02 0.000000000000000000e+00
-8.888437001351866229e+02 -5.430598753221123616e+02 0.000000000000000000e+00
-8.878455646090559412e+02 -5.314875766046658327e+02 0.000000000000000000e+00
-8.865676718097905677e+02 -5.199139536017424916e+02 0.000000000000000000e+00
-8.850133807468143914e+02 -5.083362418568180487e+02 0.000000000000000000e+00
-8.831837361543151701e+02 -4.967574301654047417e+02 0.000000000000000000e+00
-8.810767147859787656e+02 -4.851872445314600668e+02 0.000000000000000000e+00
-8.786866945030865281e+02 -4.736422965416351190e+02 0.000000000000000000e+00
-8.760042305766378377e+02 -4.621453870737616398e+02 0.000000000000000000e+00
-8.730161858522185412e+02 -4.507240760609720382e+02 0.000000000000000000e+00
-8.697062181405703996e+02 -4.394087342117790058e+02 0.000000000000000000e+00
-8.660555853764504946e+02 -4.282303677663070971e+02 0.000000000000000000e+00
-8.620441924805040799e+02 -4.172185412742016979e+02 0.000000000000000000e+00
-8.576517781791034167e+02 -4.063997105023924519e+02 0.000000000000000000e+00
-8.528591283344902649e+02 -3.957962190430720852e+02 0.000000000000000000e+00
-8.476492056101316166e+02 -3.854261156717105905e+02 0.000000000000000000e+00
-8.420081024075431060e+02 -3.753038282235604584e+02 0.000000000000000000e+00
-8.359257519142230421e+02 -3.654416006693210761e+02 0.000000000000000000e+00
-8.293963663339717414e+02 -3.558514815005946161e+02 0.000000000000000000e+00
-8.224186067369872717e+02 -3.465475605959539962e+02 0.000000000000000000e+00
-8.149955203213359027e+02 -3.375481018926745378e+02 0.000000000000000000e+00
-8.071343038746649654e+02 -3.288772183078353351e+02 0.000000000000000000e+00
-7.988459639419019140e+02 -3.205657845389494582e+02 0.000000000000000000e+00
-7.901449435379763599e+02 -3.126513767346635291e+02 0.000000000000000000e+00
-7.810487730324740596e+02 -3.051771534220275157e+02 0.000000000000000000e+00
-7.715777816848528801e+02 -2.981897327620764031e+02 0.000000000000000000e+00
-7.617548801718131699e+02 -2.917362581210712165e+02 0.000000000000000000e+00
-7.516053979791975053e+02 -2.858609583542617543e+02 0.000000000000000000e+00
-7.411569373657885080e+02 -2.806015852942624065e+02 0.000000000000000000e+00
-7.304391916411079819e+02 -2.759861380470604217e+02 0.000000000000000000e+00
-7.194836722844099768e+02 -2.720302577952628553e+02 0.000000000000000000e+00
-7.083232977749936481e+02 -2.687356010801565844e+02 0.000000000000000000e+00
-6.969918158366471062e+02 -2.660893839645260073e+02 0.000000000000000000e+00
-6.855230573301555523e+02 -2.640651494677917981e+02 0.000000000000000000e+00
-6.739500501578602325e+02 -2.626246648996874455e+02 0.000000000000000000e+00
-6.623040504819681473e+02 -2.617207235776579637e+02 0.000000000000000000e+00
-6.506135715471415324e+02 -2.613005242837080004e+02 0.000000000000000000e+00
-6.389035034448407941e+02 -2.613092446924695196e+02 0.000000000000000000e+00
-6.271944176552813133e+02 -2.616934187061191892e+02 0.000000000000000000e+00
-6.155021373557572133e+02 -2.624037719096290857e+02 0.000000000000000000e+00
-6.038376294636331068e+02 -2.633972569782313258e+02 0.000000000000000000e+00
-5.922072401993972335e+02 -2.646381486972720722e+02 0.000000000000000000e+00
-5.806132570554729000e+02 -2.660981891781801778e+02 0.000000000000000000e+00
-5.690547416995344747e+02 -2.677558992442753265e+02 0.000000000000000000e+00
-5.575285458513134245e+02 -2.695952743466598918e+02 0.000000000000000000e+00
-5.460304001696404157e+02 -2.716041489351278528e+02 0.000000000000000000e+00
-5.345559579109038850e+02 -2.737725337397262138e+02 0.000000000000000000e+00
-5.231016819435935759e+02 -2.760912044444057187e+02 0.000000000000000000e+00
-5.116654849097100737e+02 -2.785507531766064062e+02 0.000000000000000000e+00
-5.002470651837809328e+02 -2.811412175545659693e+02 0.000000000000000000e+00
-4.888479214192844324e+02 -2.838522914848199434e+02 0.000000000000000000e+00
-4.774710704754607491e+02 -2.866740151695204304e+02 0.000000000000000000e+00
-4.661205316893500594e+02 -2.895977558168044652e+02 0.000000000000000000e+00
-4.548006696275780882e+02 -2.926172390029990424e+02 0.000000000000000000e+00
-4.435155037083449088e+02 -2.957293817898690236e+02 0.000000000000000000e+00
-4.322680943317915876e+02 -2.989347141545156319e+02 0.000000000000000000e+00
-4.210601014183999382e+02 -3.022372496576913932e+02 0.000000000000000000e+00
-4.098915846647514627e+02 -3.056437679166509156e+02 0.000000000000000000e+00
-3.987610793225334191e+02 -3.091625841448244500e+02 0.000000000000000000e+00
-3.876659420631585817e+02 -3.128019863778649210e+02 0.000000000000000000e+00
-3.766029241642085594e+02 -3.165686012207124236e+02 0.000000000000000000e+00
-3.655688991644205998e+02 -3.204659895543093171e+02 0.000000000000000000e+00
-3.545616534868717622e+02 -3.244937658099101441e+02 0.000000000000000000e+00
-3.435806438022978568e+02 -3.286474765062963002e+02 0.000000000000000000e+00
-3.326276344805819463e+02 -3.329193717876845540e+02 0.000000000000000000e+00
-3.217071505930661601e+02 -3.373000708055079713e+02 0.000000000000000000e+00
-3.108267129272594502e+02 -3.417809764589168253e+02 0.000000000000000000e+00
-2.999968563585301808e+02 -3.463571586243857610e+02 0.000000000000000000e+00
-2.892309660933141799e+02 -3.510303187892815799e+02 0.000000000000000000e+00
-2.785449924074946466e+02 -3.558113909197815019e+02 0.000000000000000000e+00
-2.679571192743924257e+02 -3.607223353886799373e+02 0.000000000000000000e+00
-2.574874631748882052e+02 -3.657967488104420113e+02 0.000000000000000000e+00
-2.471578650399902415e+02 -3.710790377046535014e+02 0.000000000000000000e+00
-2.369918125994138052e+02 -3.766220744472441879e+02 0.000000000000000000e+00
-2.270144963453670357e+02 -3.824834493022909214e+02 0.000000000000000000e+00
-2.172529653122788034e+02 -3.887206272793807216e+02 0.000000000000000000e+00
-2.077363150772590359e+02 -3.953854867387939294e+02 0.000000000000000000e+00
-1.984958157583285754e+02 -4.025188340275748828e+02 0.000000000000000000e+00
-1.895648771692712273e+02 -4.101455366492799044e+02 0.000000000000000000e+00
-1.809787546283913571e+02 -4.182708866332556568e+02 0.000000000000000000e+00
-1.727739227372787241e+02 -4.268786960040652616e+02 0.000000000000000000e+00
-1.649870836511430241e+02 -4.359314480580914619e+02 0.000000000000000000e+00
-1.576538264218768859e+02 -4.453726013488399076e+02 0.000000000000000000e+00
-1.508070084749052171e+02 -4.551308946702874891e+02 0.000000000000000000e+00
-1.444749816765589969e+02 -4.651262613871735994e+02 0.000000000000000000e+00
-1.386798261999851434e+02 -4.752767604639555543e+02 0.000000000000000000e+00
-1.334357789505744165e+02 -4.855057956170062425e+02 0.000000000000000000e+00
-1.287480450803197698e+02 -4.957488416663172188e+02 0.000000000000000000e+00
-1.246121592094056467e+02 -5.059589367441456034e+02 0.000000000000000000e+00
-1.210140185574938414e+02 -5.161103274642606493e+02 0.000000000000000000e+00
-1.179306474826650231e+02 -5.261998571972081891e+02 0.000000000000000000e+00
-1.153316787472547134e+02 -5.362459414275975860e+02 0.000000000000000000e+00
-1.114416216292168542e+02 -5.563674643422823465e+02 0.000000000000000000e+00
