-2.632848630753908958e-01 -5.047470996705177848e-01 0.000000000000000000e+00
-2.571746812990311493e-01 -5.123725432174369709e-01 0.000000000000000000e+00
-2.511063682825098731e-01 -5.200801035605698841e-01 0.000000000000000000e+00
-2.450730719668677005e-01 -5.278985217921261519e-01 0.000000000000000000e+00
-2.390696871349740071e-01 -5.358555571356978797e-01 0.000000000000000000e+00
-2.330938039712236731e-01 -5.439777552277439421e-01 0.000000000000000000e+00
-2.271469422842173902e-01 -5.522900507148251759e-01 0.000000000000000000e+00
-2.212360435871222053e-01 -5.608151297090121501e-01 0.000000000000000000e+00
-2.153751391054825881e-01 -5.695725299456930735e-01 0.000000000000000000e+00
-2.095870596924491736e-01 -5.785775132790398345e-01 0.000000000000000000e+00
-2.039050109220680029e-01 -5.878397971927250554e-01 0.000000000000000000e+00
-1.983738100215365618e-01 -5.973622711890727022e-01 0.000000000000000000e+00
-1.930505760252624881e-01 -6.071398444246177695e-01 0.000000000000000000e+00
-1.880046836110248198e-01 -6.171585700026765986e-01 0.000000000000000000e+00
-1.833168348349142607e-01 -6.273951694463327788e-01 0.000000000000000000e+00
-1.790771688423161978e-01 -6.378170416706586687e-01 0.000000000000000000e+00
-1.753824122553395426e-01 -6.483827902640521001e-01 0.000000000000000000e+00
-1.723321646717185796e-01 -6.590432484850556882e-01 0.000000000000000000e+00
-1.700245053399964956e-01 -6.697429307254982866e-01 0.000000000000000000e+00
-1.685511887760247907e-01 -6.804217990160242868e-01 0.000000000000000000e+00
-1.679927594925743617e-01 -6.910172083274603860e-01 0.000000000000000000e+00
-1.684139512884119672e-01 -7.014658873352670465e-01 0.000000000000000000e+00
-1.698597393113208676e-01 -7.117058216410978577e-01 0.000000000000000000e+00
-1.723523811653136228e-01 -7.216779313543142393e-01 0.000000000000000000e+00
-1.758897180187116438e-01 -7.313274696604734615e-01 0.000000000000000000e+00
-1.804449128822300796e-01 -7.406051076804296418e-01 0.000000000000000000e+00
-1.859676890253052217e-01 -7.494677075605484795e-01 0.000000000000000000e+00
-1.923870073628326793e-01 -7.578788151490805092e-01 0.000000000000000000e+00
-1.996149994327684474e-01 -7.658089221995145746e-01 0.000000000000000000e+00
-2.075518643196772872e-01 -7.732355542490058076e-01 0.000000000000000000e+00
-2.160913544734147373e-01 -7.801432347857357730e-01 0.000000000000000000e+00
-2.251264254454268532e-01 -7.865233616391564819e-01 0.000000000000000000e+00
-2.345546134796897830e-01 -7.923740117186455212e-01 0.000000000000000000e+00
-2.442827341235626337e-01 -7.976996699773746258e-01 0.000000000000000000e+00
-2.542305619264849659e-01 -8.025108623128414109e-01 0.000000000000000000e+00
-2.643332493410368578e-01 -8.068236636096723924e-01 0.000000000000000000e+00
-2.745423623572023075e-01 -8.106590533091164730e-01 0.000000000000000000e+00
-2.848255391783573454e-01 -8.140421018981012224e-01 0.000000000000000000e+00
-2.951649034093528079e-01 -8.170009908086279804e-01 0.000000000000000000e+00
-3.055544722105285049e-01 -8.195658920952771931e-01 0.000000000000000000e+00
-3.159968818776364152e-01 -8.217677586139352508e-01 0.000000000000000000e+00
-3.264998004640710105e-01 -8.236370957139929061e-01 0.000000000000000000e+00
-3.370724052676776217e-01 -8.252027976799065634e-01 0.000000000000000000e+00
-3.477222723600724152e-01 -8.264911335631864864e-01 0.000000000000000000e+00
-3.584529601065450932e-01 -8.275249566228027875e-01 0.000000000000000000e+00
-3.692624767370430994e-01 -8.283231902841072802e-01 0.000000000000000000e+00
-3.801427141640983942e-01 -8.289006141169595887e-01 0.000000000000000000e+00
-3.910798186187881553e-01 -8.292679400251735666e-01 0.000000000000000000e+00
-4.020553656601940640e-01 -8.294321365908077226e-01 0.000000000000000000e+00
-4.130481238365312224e-01 -8.293969332458190902e-01 0.000000000000000000e+00
-4.240361363857046428e-01 -8.291634197205368650e-01 0.000000000000000000e+00
-4.349988290819878367e-01 -8.287306525846354077e-01 0.000000000000000000e+00
-4.459188659185971404e-01 -8.280961902190355772e-01 0.000000000000000000e+00
-4.567835199740635233e-01 -8.272564986978363510e-01 0.000000000000000000e+00
-4.675853981061988129e-01 -8.262072003821423483e-01 0.000000000000000000e+00
-4.783224457839586052e-01 -8.249431697213055470e-01 0.000000000000000000e+00
-4.889972514492533784e-01 -8.234585113923572619e-01 0.000000000000000000e+00
-4.996157569811918719e-01 -8.217464793132742695e-01 0.000000000000000000e+00
-5.101855517897122549e-01 -8.197994071803066385e-01 0.000000000000000000e+00
-5.207139746781228595e-01 -8.176087197520556238e-01 0.000000000000000000e+00
-5.312062649128479475e-01 -8.151650791098731252e-01 0.000000000000000000e+00
-5.416639906392712867e-01 -8.124586938404690928e-01 0.000000000000000000e+00
-5.520839413769700332e-01 -8.094797857834155064e-01 0.000000000000000000e+00
-5.624576077117131589e-01 -8.062191742938171757e-01 0.000000000000000000e+00
-5.727712939909063161e-01 -8.026689079980510177e-01 0.000000000000000000e+00
-5.830068288626496509e-01 -7.988228543657878156e-01 0.000000000000000000e+00
-5.931427641680265817e-01 -7.946771522245070773e-01 0.000000000000000000e+00
-6.031558942600907525e-01 -7.902304435363206592e-01 0.000000000000000000e+00
-6.130228923637858207e-01 -7.854838276418577570e-01 0.000000000000000000e+00
-6.227218521578052890e-01 -7.804405203995098406e-01 0.000000000000000000e+00
-6.322335418997907519e-01 -7.751052466072942959e-01 0.000000000000000000e+00
-6.415422221534677893e-01 -7.694834397166147033e-01 0.000000000000000000e+00
-6.506359404310139150e-01 -7.635803606435845881e-01 0.000000000000000000e+00
-6.595062884644318224e-01 -7.574002707209357421e-01 0.000000000000000000e+00
-6.681476807956023833e-01 -7.509457976461694217e-01 0.000000000000000000e+00
-6.765562773938249563e-01 -7.442176155491557754e-01 0.000000000000000000e+00
-6.847287198003982889e-01 -7.372145221454334818e-01 0.000000000000000000e+00
-6.926608739034628703e-01 -7.299339417409360653e-01 0.000000000000000000e+00
-7.003467699665820723e-01 -7.223728197679207819e-01 0.000000000000000000e+00
-7.077779024894685911e-01 -7.145288115608816604e-01 0.000000000000000000e+00
-7.149430027129917153e-01 -7.064016148006483364e-01 0.000000000000000000e+00
-7.218283317474154526e-01 -6.979942601931313773e-01 0.000000000000000000e+00
-7.284184709916968758e-01 -6.893141650174852142e-01 0.000000000000000000e+00
-7.346975181245838371e-01 -6.803737723619046607e-01 0.000000000000000000e+00
-7.406505404775132195e-01 -6.711906443540743838e-01 0.000000000000000000e+00
-7.462651004613485295e-01 -6.617869455758789154e-01 0.000000000000000000e+00
-7.515326547951440839e-01 -6.521883346128384273e-01 0.000000000000000000e+00
-7.564496422924196217e-01 -6.424223662665875523e-01 0.000000000000000000e+00
-7.610181122338244286e-01 -6.325165822355527379e-01 0.000000000000000000e+00
-7.652458020681618400e-01 -6.224965225909327993e-01 0.000000000000000000e+00
-7.691456419797997324e-01 -6.123839150636023465e-01 0.000000000000000000e+00
-7.727347358114127207e-01 -6.021952887595201087e-01 0.000000000000000000e+00
-7.760329336002433909e-01 -5.919412129739985984e-01 0.000000000000000000e+00
-7.790611620446276087e-01 -5.816262849230423582e-01 0.000000000000000000e+00
-7.818397089552006074e-01 -5.712498917955739497e-01 0.000000000000000000e+00
-7.843866623326175569e-01 -5.608076654867208966e-01 0.000000000000000000e+00
-7.867166836028495203e-01 -5.502934475423368887e-01 0.000000000000000000e+00
-7.888402505387160923e-01 -5.397015019447132245e-01 0.000000000000000000e+00
-7.907634442988846768e-01 -5.290286668712224083e-01 0.000000000000000000e+00
-7.924882848537575519e-01 -5.182761317923835209e-01 0.000000000000000000e+00
-7.940135490562526543e-01 -5.074505660367651938e-01 0.000000000000000000e+00
-7.953359449454167063e-01 -4.965644058197238309e-01 0.000000000000000000e+00
-7.964514725001319295e-01 -4.856352192617699459e-01 0.000000000000000000e+00
-7.973567806619151765e-01 -4.746841986736552443e-01 0.000000000000000000e+00
-7.980503356508319435e-01 -4.637339587364607829e-01 0.000000000000000000e+00
-7.985332456343313678e-01 -4.528059296859378025e-01 0.000000000000000000e+00
-7.988096375835092022e-01 -4.419177094734522138e-01 0.000000000000000000e+00
-7.988865467758501371e-01 -4.310807655466131205e-01 0.000000000000000000e+00
-7.987733490860172703e-01 -4.202988489521630733e-01 0.000000000000000000e+00
-7.984808314062900036e-01 -4.095674018641986547e-01 0.000000000000000000e+00
-7.980200472309321169e-01 -3.988741129498774574e-01 0.000000000000000000e+00
-7.974011353262591140e-01 -3.882006185803448806e-01 0.000000000000000000e+00
-7.966322849183791188e-01 -3.775251821743709213e-01 0.000000000000000000e+00
-7.957190097712458776e-01 -3.668260317707464080e-01 0.000000000000000000e+00
-7.946638483052972379e-01 -3.560849195178230064e-01 0.000000000000000000e+00
-7.934665432765011239e-01 -3.452904047062672621e-01 0.000000000000000000e+00
-7.921246809061935901e-01 -3.344403663723752307e-01 0.000000000000000000e+00
-7.906346957315597557e-01 -3.235433260344184880e-01 0.000000000000000000e+00
-7.889930841557516450e-01 -3.126183000611852392e-01 0.000000000000000000e+00
-7.871976259942446985e-01 -3.016930896471668455e-01 0.000000000000000000e+00
-7.852483962260179418e-01 -2.908011319042087539e-01 0.000000000000000000e+00
-7.831483623726805954e-01 -2.799772506906238467e-01 0.000000000000000000e+00
-7.809034062880954030e-01 -2.692528313983065802e-01 0.000000000000000000e+00
-7.785216785134884132e-01 -2.586510730928451296e-01 0.000000000000000000e+00
-7.760122810265958071e-01 -2.481830230781887359e-01 0.000000000000000000e+00
-7.733833697543406327e-01 -2.378450609727796594e-01 0.000000000000000000e+00
-7.706398596950575497e-01 -2.276183705281017988e-01 0.000000000000000000e+00
-7.677809909231885221e-01 -2.174707281474526355e-01 0.000000000000000000e+00
-7.647980625791044318e-01 -2.073606687250262037e-01 0.000000000000000000e+00
-7.616726564238317509e-01 -1.972437920746646922e-01 0.000000000000000000e+00
-7.583756477485879000e-01 -1.870806822017583304e-01 0.000000000000000000e+00
-7.548672399087195117e-01 -1.768456634223868340e-01 0.000000000000000000e+00
-7.510981645761072301e-01 -1.665354448534170639e-01 0.000000000000000000e+00
-7.470120721335368197e-01 -1.561766334092505315e-01 0.000000000000000000e+00
-7.425490077625711560e-01 -1.458311393478425866e-01 0.000000000000000000e+00
-7.376497427869194157e-01 -1.355986585168168224e-01 0.000000000000000000e+00
-7.322606220170326807e-01 -1.256156787694828469e-01 0.000000000000000000e+00
-7.263385090572431757e-01 -1.160507987555160631e-01 0.000000000000000000e+00
-7.198553727054108897e-01 -1.070965295353897423e-01 0.000000000000000000e+00
-7.128020644875243672e-01 -9.895813120093947812e-02 0.000000000000000000e+00
-7.051908909458253216e-01 -9.184037461131012992e-02 0.000000000000000000e+00
-6.970566803905104969e-01 -8.593337300617356900e-02 0.000000000000000000e+00
-6.884561735876326694e-01 -8.139876874245217941e-02 0.000000000000000000e+00
-6.794657186527619519e-01 -7.835756820120221011e-02 0.000000000000000000e+00
-6.701774071566742874e-01 -7.688078927673970553e-02 0.000000000000000000e+00
-6.606939351898456492e-01 -7.698383246428452953e-02 0.000000000000000000e+00
-6.511225948165751953e-01 -7.862513433908088767e-02 0.000000000000000000e+00
-6.415688854179260048e-01 -8.170924849778053722e-02 0.000000000000000000e+00
-6.321302721696641091e-01 -8.609406830321796045e-02 0.000000000000000000e+00
-6.228906064051343838e-01 -9.160150459361059150e-02 0.000000000000000000e+00
-6.139156611427262211e-01 -9.803060315672723624e-02 0.000000000000000000e+00
-6.052501309164765031e-01 -1.051718662449545177e-01 0.000000000000000000e+00
-5.969163088744084966e-01 -1.128214524939289559e-01 0.000000000000000000e+00
-5.889144997163149320e-01 -1.207939783071943635e-01 0.000000000000000000e+00
-5.812250699341272586e-01 -1.289328235259269151e-01 0.000000000000000000e+00
-5.738118925396331615e-01 -1.371171329483800716e-01 0.000000000000000000e+00
-5.666268259785767203e-01 -1.452650691541532701e-01 0.000000000000000000e+00
-5.596147871879822988e-01 -1.533332695819506208e-01 0.000000000000000000e+00
-5.527189436143628010e-01 -1.613128475847792898e-01 0.000000000000000000e+00
-5.458855606210236688e-01 -1.692226112993582554e-01 0.000000000000000000e+00
-5.390680964007023013e-01 -1.771004208251593937e-01 0.000000000000000000e+00
-5.322302291925394835e-01 -1.849937396029626424e-01 0.000000000000000000e+00
-5.253476206520342195e-01 -1.929504496283852844e-01 0.000000000000000000e+00
-5.184083516839008698e-01 -2.010108960690402680e-01 0.000000000000000000e+00
-5.114120990656044752e-01 -2.092019221239149462e-01 0.000000000000000000e+00
-5.043682394876574104e-01 -2.175333775724681562e-01 0.000000000000000000e+00
-4.972931608862661834e-01 -2.259972695921525776e-01 0.000000000000000000e+00
-4.902071208765090837e-01 -2.345694100351017886e-01 0.000000000000000000e+00
-4.831310142511832106e-01 -2.432131355976513420e-01 0.000000000000000000e+00
-4.760833955575089482e-01 -2.518844663316013865e-01 0.000000000000000000e+00
-4.690780523536648428e-01 -2.605379445483444467e-01 0.000000000000000000e+00
-4.621223469613742751e-01 -2.691323697813859384e-01 0.000000000000000000e+00
-4.552164489773790623e-01 -2.776357135345464688e-01 0.000000000000000000e+00
-4.483534784832799991e-01 -2.860286463770474463e-01 0.000000000000000000e+00
-4.415204819491544974e-01 -2.943063169611347951e-01 0.000000000000000000e+00
-4.347000793611445757e-01 -3.024782594088304966e-01 0.000000000000000000e+00
-4.278725601312740046e-01 -3.105665419243836545e-01 0.000000000000000000e+00
-4.210181720349198131e-01 -3.186024769326498696e-01 0.000000000000000000e+00
-4.141193436653972104e-01 -3.266223682228219793e-01 0.000000000000000000e+00
-4.071626052821740727e-01 -3.346628579795269953e-01 0.000000000000000000e+00
-4.001400210554214576e-01 -3.427564499598805270e-01 0.000000000000000000e+00
-3.930500108171450235e-01 -3.509277276802636458e-01 0.000000000000000000e+00
-3.858975132741869207e-01 -3.591906701042372752e-01 0.000000000000000000e+00
-3.786935164847844426e-01 -3.675473103180134093e-01 0.000000000000000000e+00
-3.714540470239937608e-01 -3.759878072315615549e-01 0.000000000000000000e+00
-3.641987598544166316e-01 -3.844918294439621520e-01 0.000000000000000000e+00
-3.569493017852832240e-01 -3.930310048884017582e-01 0.000000000000000000e+00
-3.497276304033452021e-01 -4.015720858727421239e-01 0.000000000000000000e+00
-3.425544580248021109e-01 -4.100804263630036250e-01 0.000000000000000000e+00
-3.354479595636033484e-01 -4.185233692678798634e-01 0.000000000000000000e+00
-3.284228392658493645e-01 -4.268731914410749395e-01 0.000000000000000000e+00
-3.214898003750445432e-01 -4.351093425093189859e-01 0.000000000000000000e+00
-3.146554108248618142e-01 -4.432198256736643582e-01 0.000000000000000000e+00
-3.079223135107098108e-01 -4.512016876212260330e-01 0.000000000000000000e+00
-3.012896969362973132e-01 -4.590606943736827983e-01 0.000000000000000000e+00
-2.947539246651600386e-01 -4.668103566362482582e-01 0.000000000000000000e+00
-2.883092214565956546e-01 -4.744705226028756995e-01 0.000000000000000000e+00
-2.819483293549756020e-01 -4.820657740549553760e-01 0.000000000000000000e+00
-2.756630753059214345e-01 -4.896238442151945591e-01 0.000000000000000000e+00
-2.632848630753908958e-01 -5.047470996705177848e-01 0.000000000000000000e+00
