0.000000000000000000e+00 2.002138446203066691e-01 4.050319305090157584e-01
0.000000000000000000e+00 2.019687650741163187e-01 3.975305159928438914e-01
0.000000000000000000e+00 2.028577323319725179e-01 3.899701881753686039e-01
0.000000000000000000e+00 2.028412033612743415e-01 3.823636944367573287e-01
0.000000000000000000e+00 2.019019038715240966e-01 3.747289690587440880e-01
0.000000000000000000e+00 2.000459739898690636e-01 3.670886766800376955e-01
0.000000000000000000e+00 1.973027611687419858e-01 3.594693693480281449e-01
0.000000000000000000e+00 1.937232682824018282e-01 3.519003053609723874e-01
0.000000000000000000e+00 1.893773624706753533e-01 3.444120071151697826e-01
0.000000000000000000e+00 1.843499399116305393e-01 3.370346586035834480e-01
0.000000000000000000e+00 1.787363161095752717e-01 3.297964589363314158e-01
0.000000000000000000e+00 1.726371644901771862e-01 3.227220547787829630e-01
0.000000000000000000e+00 1.661533538942120414e-01 3.158311712097154889e-01
0.000000000000000000e+00 1.593810358826326656e-01 3.091375473154081566e-01
0.000000000000000000e+00 1.524073058420659932e-01 3.026482608259344342e-01
0.000000000000000000e+00 1.453067102230236052e-01 2.963634970065788798e-01
0.000000000000000000e+00 1.381388004141661796e-01 2.902767832032904782e-01
0.000000000000000000e+00 1.309468479590823742e-01 2.843756746910706124e-01
0.000000000000000000e+00 1.237577433560236445e-01 2.786428427533976238e-01
0.000000000000000000e+00 1.165830092986014921e-01 2.730574851165906702e-01
0.000000000000000000e+00 1.094207764477050371e-01 2.675969545324617949e-01
0.000000000000000000e+00 1.022585023316013031e-01 2.622384854486387584e-01
0.000000000000000000e+00 9.507616697457510480e-02 2.569608926027233675e-01
0.000000000000000000e+00 8.784965570669868440e-02 2.517461194594148299e-01
0.000000000000000000e+00 8.055404152898998360e-02 2.465805282405433008e-01
0.000000000000000000e+00 7.316650541975872057e-02 2.414558456072682380e-01
0.000000000000000000e+00 6.566868001797823706e-02 2.363697068577911842e-01
0.000000000000000000e+00 5.804826539629464460e-02 2.313257742844342379e-01
0.000000000000000000e+00 5.029983903166170001e-02 2.263334392641191961e-01
0.000000000000000000e+00 4.242485876383249310e-02 2.214071498531396676e-01
0.000000000000000000e+00 3.443093057348924763e-02 2.165654334363221467e-01
0.000000000000000000e+00 2.633047601445391572e-02 2.118297050911180368e-01
0.000000000000000000e+00 1.813898179470324959e-02 2.072229651440421483e-01
0.000000000000000000e+00 9.873042564939623136e-03 2.027684930560246235e-01
0.000000000000000000e+00 1.548415541422110088e-03 1.984886392350552753e-01
0.000000000000000000e+00 -6.821707755687502796e-03 1.944038024123964092e-01
0.000000000000000000e+00 -1.522803961739802557e-02 1.905316593338629294e-01
0.000000000000000000e+00 -2.366601853661463861e-02 1.868866877892516043e-01
0.000000000000000000e+00 -3.213604794366461959e-02 1.834799958874393511e-01
0.000000000000000000e+00 -4.064314537749524198e-02 1.803194425844659998e-01
0.000000000000000000e+00 -4.919605651564779719e-02 1.774100092948663054e-01
0.000000000000000000e+00 -5.780594139409512416e-02 1.747543621480383558e-01
0.000000000000000000e+00 -6.648478075900111917e-02 1.723535307611772094e-01
0.000000000000000000e+00 -7.524367523602037977e-02 1.702076233001505734e-01
0.000000000000000000e+00 -8.409121691956372713e-02 1.683164993659844177e-01
0.000000000000000000e+00 -9.303210187620539195e-02 1.666803314106422851e-01
0.000000000000000000e+00 -1.020661244658371269e-01 1.653000008040255431e-01
0.000000000000000000e+00 -1.111876534097588354e-01 1.641772946416103218e-01
0.000000000000000000e+00 -1.203856395008144620e-01 1.633148918153978502e-01
0.000000000000000000e+00 -1.296441508657272812e-01 1.627161495136772718e-01
0.000000000000000000e+00 -1.389433791393130946e-01 1.623847219581720513e-01
0.000000000000000000e+00 -1.482610139306320962e-01 1.623240598789774392e-01
0.000000000000000000e+00 -1.575738479474733389e-01 1.625368504562851313e-01
0.000000000000000000e+00 -1.668594543391900276e-01 1.630244622864917836e-01
0.000000000000000000e+00 -1.760977730121462415e-01 1.637864580748484566e-01
0.000000000000000000e+00 -1.852724540626723426e-01 1.648202295985962684e-01
0.000000000000000000e+00 -1.943718326651114603e-01 1.661207960176543652e-01
0.000000000000000000e+00 -2.033894479241069309e-01 1.676807893301252295e-01
0.000000000000000000e+00 -2.123240643962641672e-01 1.694906315160016885e-01
0.000000000000000000e+00 -2.211792045238949733e-01 1.715388886771772869e-01
0.000000000000000000e+00 -2.299622481595788026e-01 1.738127702103042516e-01
0.000000000000000000e+00 -2.386831969781977592e-01 1.762987274455780073e-01
0.000000000000000000e+00 -2.473532328413267367e-01 1.789830975463774509e-01
0.000000000000000000e+00 -2.559832171365027942e-01 1.818527355586268268e-01
0.000000000000000000e+00 -2.645822811474388137e-01 1.848955804925002111e-01
0.000000000000000000e+00 -2.731566454965360657e-01 1.881011097735096060e-01
0.000000000000000000e+00 -2.817087809985220903e-01 1.914606493224058070e-01
0.000000000000000000e+00 -2.902369865692999706e-01 1.949675224755627045e-01
0.000000000000000000e+00 -2.987354159000487619e-01 1.986170382082815544e-01
0.000000000000000000e+00 -3.071945378655446812e-01 2.024063358282673086e-01
0.000000000000000000e+00 -3.156019707591295465e-01 2.063341176981229874e-01
0.000000000000000000e+00 -3.239435918865631314e-01 2.104003121149527478e-01
0.000000000000000000e+00 -3.322047956062378904e-01 2.146057141250059808e-01
0.000000000000000000e+00 -3.403717573549472353e-01 2.189516522079850425e-01
0.000000000000000000e+00 -3.484325600465734696e-01 2.234397234366131135e-01
0.000000000000000000e+00 -3.563780525587559311e-01 2.280716294895569207e-01
0.000000000000000000e+00 -3.642023364984535161e-01 2.328491318766922891e-01
0.000000000000000000e+00 -3.719028144555066029e-01 2.377741284385193055e-01
0.000000000000000000e+00 -3.794797768952511419e-01 2.428488363721471865e-01
0.000000000000000000e+00 -3.869355514330776735e-01 2.480760515525140264e-01
0.000000000000000000e+00 -3.942732829636795278e-01 2.534594414810368845e-01
0.000000000000000000e+00 -4.014954516719654865e-01 2.590038212326582490e-01
0.000000000000000000e+00 -4.086022646287975069e-01 2.647153592718022863e-01
0.000000000000000000e+00 -4.155900727315621768e-01 2.706016634058111547e-01
0.000000000000000000e+00 -4.224499666609275450e-01 2.766717062796920090e-01
0.000000000000000000e+00 -4.291666931145789454e-01 2.829355639363726471e-01
0.000000000000000000e+00 -4.357180070233542257e-01 2.894039587962463078e-01
0.000000000000000000e+00 -4.420745391597604712e-01 2.960876182685644453e-01
0.000000000000000000e+00 -4.482002149040536509e-01 3.029964801716500400e-01
0.000000000000000000e+00 -4.540532129828385721e-01 3.101387942279821286e-01
0.000000000000000000e+00 -4.595874070462108718e-01 3.175201832690318082e-01
0.000000000000000000e+00 -4.647541921614135596e-01 3.251427369064937012e-01
0.000000000000000000e+00 -4.695045662967908817e-01 3.330042132452817882e-01
0.000000000000000000e+00 -4.737913164037884650e-01 3.410974202527545796e-01
0.000000000000000000e+00 -4.775711514188896722e-01 3.494098378144819828e-01
0.000000000000000000e+00 -4.808066307983457355e-01 3.579235250820267389e-01
0.000000000000000000e+00 -4.834677562057607680e-01 3.666153367946825559e-01
0.000000000000000000e+00 -4.855331236866240463e-01 3.754574486157825630e-01
0.000000000000000000e+00 -4.869905711423267447e-01 3.844181672219945112e-01
0.000000000000000000e+00 -4.878372975839852521e-01 3.934629780639716801e-01
0.000000000000000000e+00 -4.880794726497697522e-01 4.025557644093252785e-01
0.000000000000000000e+00 -4.877313934481078972e-01 4.116601172132114406e-01
0.000000000000000000e+00 -4.868142776301251362e-01 4.207406478048403842e-01
0.000000000000000000e+00 -4.853548041336098740e-01 4.297642150169623254e-01
0.000000000000000000e+00 -4.833835246825982090e-01 4.387009852635461171e-01
0.000000000000000000e+00 -4.809332693659818525e-01 4.475252575853411185e-01
0.000000000000000000e+00 -4.780376590501330125e-01 4.562160046407134351e-01
0.000000000000000000e+00 -4.747298176019891791e-01 4.647571033484804714e-01
0.000000000000000000e+00 -4.710413503173903615e-01 4.731372533956332282e-01
0.000000000000000000e+00 -4.670016245140901634e-01 4.813496059721375508e-01
0.000000000000000000e+00 -4.626373571386635519e-01 4.893911468107230989e-01
0.000000000000000000e+00 -4.579724855343119683e-01 4.972618950606231825e-01
0.000000000000000000e+00 -4.530282739034845463e-01 5.049639912893963967e-01
0.000000000000000000e+00 -4.478235914998339173e-01 5.125007530988890947e-01
0.000000000000000000e+00 -4.423752903863851227e-01 5.198757751797196125e-01
0.000000000000000000e+00 -4.366986109642279068e-01 5.270921424554640966e-01
0.000000000000000000e+00 -4.308075517570036372e-01 5.341518112048837530e-01
0.000000000000000000e+00 -4.247151546693915258e-01 5.410551951036304263e-01
0.000000000000000000e+00 -4.184336760373550956e-01 5.478009727454872246e-01
0.000000000000000000e+00 -4.119746347915725915e-01 5.543861123114692813e-01
0.000000000000000000e+00 -4.053487494030912908e-01 5.608060895691452385e-01
0.000000000000000000e+00 -3.985657925963695947e-01 5.670552590340061094e-01
0.000000000000000000e+00 -3.916344051640432422e-01 5.731273262959158954e-01
0.000000000000000000e+00 -3.845619163060313705e-01 5.790158631282071866e-01
0.000000000000000000e+00 -3.773542172177199450e-01 5.847148064372510445e-01
0.000000000000000000e+00 -3.700157274520117223e-01 5.902188871981046692e-01
0.000000000000000000e+00 -3.625494809221694870e-01 5.955239455507354007e-01
0.000000000000000000e+00 -3.549573419686079534e-01 6.006271020491816826e-01
0.000000000000000000e+00 -3.472403437827691342e-01 6.055267711880548687e-01
0.000000000000000000e+00 -3.393991239468426291e-01 6.102225201308399960e-01
0.000000000000000000e+00 -3.314344171098721481e-01 6.147147913789235973e-01
0.000000000000000000e+00 -3.233475547450681553e-01 6.190045214486030734e-01
0.000000000000000000e+00 -3.151409178377493903e-01 6.230926972593807678e-01
0.000000000000000000e+00 -3.068182908551529975e-01 6.269798970776591096e-01
0.000000000000000000e+00 -2.983850742904751718e-01 6.306658631720202246e-01
0.000000000000000000e+00 -2.898483275341275367e-01 6.341491489737085541e-01
0.000000000000000000e+00 -2.812166322221370529e-01 6.374268751097397212e-01
0.000000000000000000e+00 -2.724997864719594376e-01 6.404946171788538090e-01
0.000000000000000000e+00 -2.637083602071308430e-01 6.433464348351083384e-01
0.000000000000000000e+00 -2.548531587636581608e-01 6.459750380277375914e-01
0.000000000000000000e+00 -2.459446540992912544e-01 6.483720735057457718e-01
0.000000000000000000e+00 -2.369924486341608849e-01 6.505285041672043134e-01
0.000000000000000000e+00 -2.280048351724422440e-01 6.524350464798612803e-01
0.000000000000000000e+00 -2.189885074297561185e-01 6.540826276225822911e-01
0.000000000000000000e+00 -2.099484601911057458e-01 6.554628243849442981e-01
0.000000000000000000e+00 -2.008880975860501683e-01 6.565682499846611231e-01
0.000000000000000000e+00 -1.918095445425316292e-01 6.573928622076831152e-01
0.000000000000000000e+00 -1.827141327112255520e-01 6.579321757271064941e-01
0.000000000000000000e+00 -1.736030107025472446e-01 6.581833719995228149e-01
0.000000000000000000e+00 -1.644778118431811653e-01 6.581453105833324768e-01
0.000000000000000000e+00 -1.553413028835697041e-01 6.578184549422810834e-01
0.000000000000000000e+00 -1.461979355299841965e-01 6.572047328372095931e-01
0.000000000000000000e+00 -1.370542298343051801e-01 6.563073555961921324e-01
0.000000000000000000e+00 -1.279189339106397705e-01 6.551306215603213134e-01
0.000000000000000000e+00 -1.188029267956286078e-01 6.536797268764834579e-01
0.000000000000000000e+00 -1.097188583564797787e-01 6.519606019584779366e-01
0.000000000000000000e+00 -1.006805492043547634e-01 6.499797850816940725e-01
0.000000000000000000e+00 -9.170220149442037672e-02 6.477443366546906667e-01
0.000000000000000000e+00 -8.279749518909383654e-02 6.452617897754474585e-01
0.000000000000000000e+00 -7.397866105879216669e-02 6.425401257715834813e-01
0.000000000000000000e+00 -6.525562926365564842e-02 6.395877584506154401e-01
0.000000000000000000e+00 -5.663534955817587507e-02 6.364135084172147794e-01
0.000000000000000000e+00 -4.812136580198436014e-02 6.330265493989699621e-01
0.000000000000000000e+00 -3.971370447504435353e-02 6.294363120461604622e-01
0.000000000000000000e+00 -3.140910627916057574e-02 6.256523367528862289e-01
0.000000000000000000e+00 -2.320159455330859238e-02 6.216840749755904172e-01
0.000000000000000000e+00 -1.508333766386264242e-02 6.175406473362263782e-01
0.000000000000000000e+00 -7.045728570319349272e-03 6.132305753796243319e-01
0.000000000000000000e+00 9.194228615159705763e-04 6.087615110748815228e-01
0.000000000000000000e+00 8.818707279070308810e-03 6.041399929850205242e-01
0.000000000000000000e+00 1.665607154281247698e-02 5.993712596857543318e-01
0.000000000000000000e+00 2.443203404800874112e-02 5.944591490333528405e-01
0.000000000000000000e+00 3.214326054361967000e-02 5.894061062027355913e-01
0.000000000000000000e+00 3.978256896676581750e-02 5.842133144037368053e-01
0.000000000000000000e+00 4.733939021457486684e-02 5.788809506032640551e-01
0.000000000000000000e+00 5.480066466041350060e-02 5.734085555393491074e-01
0.000000000000000000e+00 6.215210605733188093e-02 5.677954941489523621e-01
0.000000000000000000e+00 6.937972006307786821e-02 5.620414706835390461e-01
0.000000000000000000e+00 7.647142864914135973e-02 5.561470536429368172e-01
0.000000000000000000e+00 8.341862821138711082e-02 5.501141604052146583e-01
0.000000000000000000e+00 9.021750135506848012e-02 5.439464509166664907e-01
0.000000000000000000e+00 9.686991179402848484e-02 5.376495844352568998e-01
0.000000000000000000e+00 1.033837387070867531e-01 5.312313029871584824e-01
0.000000000000000000e+00 1.097725496898798586e-01 5.247013192684681915e-01
0.000000000000000000e+00 1.160545669907721844e-01 5.180710040849861864e-01
0.000000000000000000e+00 1.222509455252924204e-01 5.113528875562548537e-01
0.000000000000000000e+00 1.283834477306911304e-01 5.045600074352257769e-01
0.000000000000000000e+00 1.344716636367830898e-01 4.977051551315477829e-01
0.000000000000000000e+00 1.405299785978733340e-01 4.908000835764628200e-01
0.000000000000000000e+00 1.465645305369395468e-01 4.838547493959707291e-01
0.000000000000000000e+00 1.525704189791660392e-01 4.768766638574690742e-01
0.000000000000000000e+00 1.585294268133096707e-01 4.698704221675508719e-01
0.000000000000000000e+00 1.644084916742422353e-01 4.628374690000848224e-01
0.000000000000000000e+00 1.701591181365383620e-01 4.557761403499038799e-01
0.000000000000000000e+00 1.757178575559135703e-01 4.486819992728172113e-01
0.000000000000000000e+00 1.810079041532623445e-01 4.415484576283780771e-01
0.000000000000000000e+00 1.859417699443695615e-01 4.343676497817818838e-01
0.000000000000000000e+00 1.904249143885947959e-01 4.271314996997667146e-01
0.000000000000000000e+00 1.943601244484685353e-01 4.198329022931817089e-01
0.000000000000000000e+00 2.002138446203066691e-01 4.050319305090157584e-01
