1.011325676196489637e-01 0.000000000000000000e+00 5.924019315838605637e-01
1.003959169777532134e-01 0.000000000000000000e+00 5.907363071783721109e-01
9.959355247643125741e-02 0.000000000000000000e+00 5.891030989852216182e-01
9.872631846344330497e-02 0.000000000000000000e+00 5.875045217337818704e-01
9.779510244244851713e-02 0.000000000000000000e+00 5.859427415037035125e-01
9.680083407224446268e-02 0.000000000000000000e+00 5.844198712648072114e-01
9.574448420723193076e-02 0.000000000000000000e+00 5.829379665356720919e-01
9.462706398021829279e-02 0.000000000000000000e+00 5.814990211741111192e-01
9.344962392830322151e-02 0.000000000000000000e+00 5.801049633122938864e-01
9.221325316222074575e-02 0.000000000000000000e+00 5.787576514488055324e-01
9.091907857914431623e-02 0.000000000000000000e+00 5.774588707094105988e-01
8.956826411859648840e-02 0.000000000000000000e+00 5.762103292877326366e-01
8.816201006074488034e-02 0.000000000000000000e+00 5.750136550764550769e-01
8.670155236601362336e-02 0.000000000000000000e+00 5.738703924990092853e-01
8.518816205459266155e-02 0.000000000000000000e+00 5.727819995510430306e-01
8.362314462409299598e-02 0.000000000000000000e+00 5.717498450602467308e-01
8.200783950326975824e-02 0.000000000000000000e+00 5.707752061723797565e-01
8.034361953942438517e-02 0.000000000000000000e+00 5.698592660705663615e-01
7.863189051679725372e-02 0.000000000000000000e+00 5.690031119341396604e-01
7.687409070298029112e-02 0.000000000000000000e+00 5.682077331424950639e-01
7.507169042011180293e-02 0.000000000000000000e+00 5.674740197285801369e-01
7.322619163736751591e-02 0.000000000000000000e+00 5.668027610857969689e-01
7.133912758103179430e-02 0.000000000000000000e+00 5.661946449312295071e-01
6.941206235822229564e-02 0.000000000000000000e+00 5.656502565272378824e-01
6.744659059015362113e-02 0.000000000000000000e+00 5.651700781625783598e-01
6.544433705065696993e-02 0.000000000000000000e+00 5.647544888933333507e-01
6.340695630552838080e-02 0.000000000000000000e+00 5.644037645430468597e-01
6.133613234815711579e-02 0.000000000000000000e+00 5.641180779605922124e-01
5.923357822678704254e-02 0.000000000000000000e+00 5.638974995334232743e-01
5.710103565869193570e-02 0.000000000000000000e+00 5.637419979530041703e-01
5.494027462649529736e-02 0.000000000000000000e+00 5.636514412283681885e-01
5.275309295184350822e-02 0.000000000000000000e+00 5.636255979429265484e-01
5.054131584164119062e-02 0.000000000000000000e+00 5.636641387488409149e-01
4.830679540208593359e-02 0.000000000000000000e+00 5.637666380924890586e-01
4.605141011579053090e-02 0.000000000000000000e+00 5.639325761637928869e-01
4.377706427735925804e-02 0.000000000000000000e+00 5.641613410614514379e-01
4.148568738288613278e-02 0.000000000000000000e+00 5.644522311654184277e-01
3.917923346897064785e-02 0.000000000000000000e+00 5.648044577073060291e-01
3.685968039699642068e-02 0.000000000000000000e+00 5.652171475287648406e-01
3.452902907859380782e-02 0.000000000000000000e+00 5.656893460173043620e-01
3.218930263840378420e-02 0.000000000000000000e+00 5.662200202084711753e-01
2.984254551048082585e-02 0.000000000000000000e+00 5.668080620427984329e-01
2.749082246491286671e-02 0.000000000000000000e+00 5.674522917654820642e-01
2.513621756149779854e-02 0.000000000000000000e+00 5.681514614563258903e-01
2.278083302759679324e-02 0.000000000000000000e+00 5.689042586771392296e-01
2.042678805758355726e-02 0.000000000000000000e+00 5.697093102234483952e-01
1.807621753162451730e-02 0.000000000000000000e+00 5.705651859671294623e-01
1.573127065185720916e-02 0.000000000000000000e+00 5.714704027763501948e-01
1.339410949438000695e-02 0.000000000000000000e+00 5.724234284990544763e-01
1.106690747582669485e-02 0.000000000000000000e+00 5.734226859961105704e-01
8.751847733669562701e-03 0.000000000000000000e+00 5.744665572101980144e-01
6.451121419777204082e-03 0.000000000000000000e+00 5.755533872564979614e-01
4.166925907142573875e-03 0.000000000000000000e+00 5.766814885213085162e-01
1.901462910094391372e-03 0.000000000000000000e+00 5.778491447548133042e-01
-3.430634812927913250e-04 0.000000000000000000e+00 5.790546151443803913e-01
-2.564448851467533621e-03 0.000000000000000000e+00 5.802961383549839480e-01
-4.760490592819409048e-03 0.000000000000000000e+00 5.815719365235942906e-01
-6.928990120306331192e-03 0.000000000000000000e+00 5.828802191946902411e-01
-9.067755164944166224e-03 0.000000000000000000e+00 5.842191871844025775e-01
-1.117460214340694827e-02 0.000000000000000000e+00 5.855870363611987983e-01
-1.324735860058585783e-02 0.000000000000000000e+00 5.869819613314656293e-01
-1.528386572156113961e-02 0.000000000000000000e+00 5.884021590188311945e-01
-1.728198090905584336e-02 0.000000000000000000e+00 5.898458321266023541e-01
-1.923958042206335914e-02 0.000000000000000000e+00 5.913111924732573632e-01
-2.115456207097672278e-02 0.000000000000000000e+00 5.927964641915375310e-01
-2.302484796419432267e-02 0.000000000000000000e+00 5.942998867823217068e-01
-2.484838730084005035e-02 0.000000000000000000e+00 5.958197180151331152e-01
-2.662315920391254351e-02 0.000000000000000000e+00 5.973542366678245008e-01
-2.834717558787406416e-02 0.000000000000000000e+00 5.989017450987154101e-01
-3.001848405440275119e-02 0.000000000000000000e+00 6.004605716451896225e-01
-3.163517080976548795e-02 0.000000000000000000e+00 6.020290728435379046e-01
-3.319536359702272149e-02 0.000000000000000000e+00 6.036056354655999767e-01
-3.469723463605323827e-02 0.000000000000000000e+00 6.051886783685630489e-01
-3.613900356418673493e-02 0.000000000000000000e+00 6.067766541550706494e-01
-3.751894037005508442e-02 0.000000000000000000e+00 6.083680506416138112e-01
-3.883536831312309895e-02 0.000000000000000000e+00 6.099613921339829270e-01
-4.008666682123279701e-02 0.000000000000000000e+00 6.115552405093813704e-01
-4.127127435839749586e-02 0.000000000000000000e+00 6.131481961056071128e-01
-4.238769125500903290e-02 0.000000000000000000e+00 6.147388984185184757e-01
-4.343448249257748917e-02 0.000000000000000000e+00 6.163260266097930762e-01
-4.441028043510580892e-02 0.000000000000000000e+00 6.179082998277748429e-01
-4.531378749921364385e-02 0.000000000000000000e+00 6.194844773449711406e-01
-4.614377875516386535e-02 0.000000000000000000e+00 6.210533585165073367e-01
-4.689910445101380665e-02 0.000000000000000000e+00 6.226137825645804424e-01
-4.757869245220912313e-02 0.000000000000000000e+00 6.241646281946483521e-01
-4.818155058906290616e-02 0.000000000000000000e+00 6.257048130497682159e-01
-4.870676890471468956e-02 0.000000000000000000e+00 6.272332930101482962e-01
-4.915352179634317753e-02 0.000000000000000000e+00 6.287490613455781752e-01
-4.952107004261362827e-02 0.000000000000000000e+00 6.302511477289891584e-01
-4.980876271057294025e-02 0.000000000000000000e+00 6.317386171199311784e-01
-5.001603893546405916e-02 0.000000000000000000e+00 6.332105685272543250e-01
-5.014242956721440964e-02 0.000000000000000000e+00 6.346661336607392068e-01
-5.018755867765987977e-02 0.000000000000000000e+00 6.361044754818410141e-01
-5.015114492289576842e-02 0.000000000000000000e+00 6.375247866640735284e-01
-5.003300275549822651e-02 0.000000000000000000e+00 6.389262879738940581e-01
-4.983304348173071135e-02 0.000000000000000000e+00 6.403082265832180653e-01
-4.955127615924342227e-02 0.000000000000000000e+00 6.416698743249245052e-01
-4.918780833118163026e-02 0.000000000000000000e+00 6.430105259028900955e-01
-4.874284659304661121e-02 0.000000000000000000e+00 6.443294970682201805e-01
-4.821669698909323426e-02 0.000000000000000000e+00 6.456261227734191310e-01
-4.760976523550429496e-02 0.000000000000000000e+00 6.468997553162719738e-01
-4.692255676804839293e-02 0.000000000000000000e+00 6.481497624851859651e-01
-4.615567661240651404e-02 0.000000000000000000e+00 6.493755257176603291e-01
-4.530982907583765151e-02 0.000000000000000000e+00 6.505764382834388071e-01
-4.438581725934917510e-02 0.000000000000000000e+00 6.517519035037090402e-01
-4.338454239003472490e-02 0.000000000000000000e+00 6.529013330175034158e-01
-4.230700297374609398e-02 0.000000000000000000e+00 6.540241451061764577e-01
-4.115429376876899442e-02 0.000000000000000000e+00 6.551197630865127630e-01
-3.992760458167704529e-02 0.000000000000000000e+00 6.561876137826654354e-01
-3.862821888704111306e-02 0.000000000000000000e+00 6.572271260867020848e-01
-3.725751227316881353e-02 0.000000000000000000e+00 6.582377296170990322e-01
-3.581695071654411588e-02 0.000000000000000000e+00 6.592188534840212055e-01
-3.430808868812128959e-02 0.000000000000000000e+00 6.601699251697021875e-01
-3.273256709510722479e-02 0.000000000000000000e+00 6.610903695316743267e-01
-3.109211106233067748e-02 0.000000000000000000e+00 6.619796079359899776e-01
-2.938852755775400033e-02 0.000000000000000000e+00 6.628370575269575404e-01
-2.762370286712191939e-02 0.000000000000000000e+00 6.636621306392423980e-01
-2.579959992316890882e-02 0.000000000000000000e+00 6.644542343575061683e-01
-2.391825549521425093e-02 0.000000000000000000e+00 6.652127702280461463e-01
-2.198177724536476765e-02 0.000000000000000000e+00 6.659371341261650645e-01
-1.999234065791537229e-02 0.000000000000000000e+00 6.666267162822565595e-01
-1.795218584888728236e-02 0.000000000000000000e+00 6.672809014688312335e-01
-1.586361426297063643e-02 0.000000000000000000e+00 6.678990693499365916e-01
-1.372898526544235991e-02 0.000000000000000000e+00 6.684805949936400982e-01
-1.155071263690900067e-02 0.000000000000000000e+00 6.690248495474672152e-01
-9.331260978978518986e-03 0.000000000000000000e+00 6.695312010758900367e-01
-7.073142039192057730e-03 0.000000000000000000e+00 6.699990155581930784e-01
-4.778910963747487126e-03 0.000000000000000000e+00 6.704276580442450895e-01
-2.451162486718736714e-03 0.000000000000000000e+00 6.708164939649515768e-01
-9.252706461979621198e-05 0.000000000000000000e+00 6.711648905933904619e-01
2.294333034723021730e-03 0.000000000000000000e+00 6.714722186518995439e-01
4.706727679940185712e-03 0.000000000000000000e+00 6.717378540596459224e-01
7.141942851422240952e-03 0.000000000000000000e+00 6.719611798145121995e-01
9.597244635022886272e-03 0.000000000000000000e+00 6.721415880024405043e-01
1.206988322502978474e-02 0.000000000000000000e+00 6.722784819267296763e-01
1.455709692730251803e-02 0.000000000000000000e+00 6.723712783491452294e-01
1.705611615353850793e-02 0.000000000000000000e+00 6.724194098341104153e-01
1.956416739771761962e-02 0.000000000000000000e+00 6.724223271866855978e-01
2.207847718589470848e-02 0.000000000000000000e+00 6.723795019745186785e-01
2.459627599065645348e-02 0.000000000000000000e+00 6.722904291234624852e-01
2.711480210173276145e-02 0.000000000000000000e+00 6.721546295761123835e-01
2.963130544445398765e-02 0.000000000000000000e+00 6.719716530021174750e-01
3.214305133797205200e-02 0.000000000000000000e+00 6.717410805487559200e-01
3.464732418541566217e-02 0.000000000000000000e+00 6.714625276199638337e-01
3.714143108842539454e-02 0.000000000000000000e+00 6.711356466717337543e-01
3.962270537881285720e-02 0.000000000000000000e+00 6.707601300115938470e-01
4.208851006040964515e-02 0.000000000000000000e+00 6.703357125897083657e-01
4.453624115451144255e-02 0.000000000000000000e+00 6.698621747690279848e-01
4.696333094268349134e-02 0.000000000000000000e+00 6.693393450618565499e-01
4.936725110107116621e-02 0.000000000000000000e+00 6.687671028201899182e-01
5.174551572075342110e-02 0.000000000000000000e+00 6.681453808672204175e-01
5.409568420908563574e-02 0.000000000000000000e+00 6.674741680574952651e-01
5.641536406740032400e-02 0.000000000000000000e+00 6.667535117533606170e-01
5.870221354086765930e-02 0.000000000000000000e+00 6.659835202055173209e-01
6.095394413676114009e-02 0.000000000000000000e+00 6.651643648257582475e-01
6.316832300782546095e-02 0.000000000000000000e+00 6.642962823402562833e-01
6.534317519790125428e-02 0.000000000000000000e+00 6.633795768121082403e-01
6.747638574742470530e-02 0.000000000000000000e+00 6.624146215222369571e-01
6.956590165688567029e-02 0.000000000000000000e+00 6.614018606981892923e-01
7.160973370679500627e-02 0.000000000000000000e+00 6.603418110808446650e-01
7.360595813317803715e-02 0.000000000000000000e+00 6.592350633195758203e-01
7.555271815807645952e-02 0.000000000000000000e+00 6.580822831869662659e-01
7.744822537499994330e-02 0.000000000000000000e+00 6.568842126047914620e-01
7.929076098972466513e-02 0.000000000000000000e+00 6.556416704736102163e-01
8.107867691728241899e-02 0.000000000000000000e+00 6.543555532989807633e-01
8.281039673642301424e-02 0.000000000000000000e+00 6.530268356080252135e-01
8.448441650325989871e-02 0.000000000000000000e+00 6.516565701507960329e-01
8.609930542622475091e-02 0.000000000000000000e+00 6.502458878816540500e-01
8.765370640485871390e-02 0.000000000000000000e+00 6.487959977166498637e-01
8.914633643535489760e-02 0.000000000000000000e+00 6.473081860637013296e-01
9.057598688613677229e-02 0.000000000000000000e+00 6.457838161231765906e-01
9.194152364711012659e-02 0.000000000000000000e+00 6.442243269573230124e-01
9.324188715655977455e-02 0.000000000000000000e+00 6.426312323278220440e-01
9.447609230997447427e-02 0.000000000000000000e+00 6.410061193016022285e-01
9.564322825537814599e-02 0.000000000000000000e+00 6.393506466258918053e-01
9.674245808001234737e-02 0.000000000000000000e+00 6.376665428743448771e-01
9.777301839346413947e-02 0.000000000000000000e+00 6.359556043669298830e-01
9.873421881255554922e-02 0.000000000000000000e+00 6.342196928671065548e-01
9.962544135350839825e-02 0.000000000000000000e+00 6.324607330606578648e-01
1.004461397370730313e-01 0.000000000000000000e+00 6.306807098213635943e-01
1.011958386124551662e-01 0.000000000000000000e+00 6.288816652695086162e-01
1.018741327059976276e-01 0.000000000000000000e+00 6.270656956300075802e-01
1.024806859006681115e-01 0.000000000000000000e+00 6.252349478976907404e-01
1.030152302524726393e-01 0.000000000000000000e+00 6.233916163180410752e-01
1.034775649499564687e-01 0.000000000000000000e+00 6.215379386923802763e-01
1.038675552229688104e-01 0.000000000000000000e+00 6.196761925171861973e-01
1.041851312068576979e-01 0.000000000000000000e+00 6.178086909678740524e-01
1.044302867682225661e-01 0.000000000000000000e+00 6.159377787379812785e-01
1.046030782982901725e-01 0.000000000000000000e+00 6.140658277452785141e-01
1.047036234798903453e-01 0.000000000000000000e+00 6.121952327168531660e-01
1.047321000338951869e-01 0.000000000000000000e+00 6.103284066657133078e-01
1.046887444508473042e-01 0.000000000000000000e+00 6.084677762718959659e-01
1.045738507133426171e-01 0.000000000000000000e+00 6.066157771814721933e-01
1.043877690145499637e-01 0.000000000000000000e+00 6.047748492371878282e-01
1.041309044780436982e-01 0.000000000000000000e+00 6.029474316547841495e-01
1.038037158839019702e-01 0.000000000000000000e+00 6.011359581592906620e-01
1.034067144057769089e-01 0.000000000000000000e+00 5.993428520957888583e-01
1.029404623633806554e-01 0.000000000000000000e+00 5.975705215292829164e-01
1.024055719945507759e-01 0.000000000000000000e+00 5.958213543484202068e-01
1.011325676196489637e-01 0.000000000000000000e+00 5.924019315838605637e-01
