3.262078917875968487e-01 3.955469294075070197e-02 0.000000000000000000e+00
3.267193693422754119e-01 3.663960444546617012e-02 0.000000000000000000e+00
3.271664263749591850e-01 3.372831734633083972e-02 0.000000000000000000e+00
3.275509651380128506e-01 3.082147873405317526e-02 0.000000000000000000e+00
3.278748029230512673e-01 2.791945781617367547e-02 0.000000000000000000e+00
3.281396495137404168e-01 2.502236582946913007e-02 0.000000000000000000e+00
3.283470863216279012e-01 2.213007840057477915e-02 0.000000000000000000e+00
3.284985474004025741e-01 1.924226014105459223e-02 0.000000000000000000e+00
3.285953025162014485e-01 1.635839124335804889e-02 0.000000000000000000e+00
3.286384424322030262e-01 1.347779582636621752e-02 0.000000000000000000e+00
3.286288665449332846e-01 1.059967176370844345e-02 0.000000000000000000e+00
3.285672729876676912e-01 7.723121714860600728e-03 0.000000000000000000e+00
3.284541512932130369e-01 4.847185068332319352e-03 0.000000000000000000e+00
3.282897776844368454e-01 1.970870498110537626e-03 0.000000000000000000e+00
3.280742130363658027e-01 -9.068111709802495870e-04 0.000000000000000000e+00
3.278073035287331627e-01 -3.786814096162414295e-03 0.000000000000000000e+00
3.274886839827441665e-01 -6.670024855109995057e-03 0.000000000000000000e+00
3.271177838507688951e-01 -9.557230494552837810e-03 0.000000000000000000e+00
3.266938358028857459e-01 -1.244908748847461943e-02 0.000000000000000000e+00
3.262158868299221415e-01 -1.534609189737356182e-02 0.000000000000000000e+00
3.256828117590760963e-01 -1.824855100955684317e-02 0.000000000000000000e+00
3.250933290555746979e-01 -2.115655673246151502e-02 0.000000000000000000e+00
3.244460187623320335e-01 -2.406996098665181716e-02 0.000000000000000000e+00
3.237393424094053840e-01 -2.698835333756812935e-02 0.000000000000000000e+00
3.229716647064003743e-01 -2.991104108045250162e-02 0.000000000000000000e+00
3.221412768140005656e-01 -3.283703197232223231e-02 0.000000000000000000e+00
3.212464209756605849e-01 -3.576501978159606077e-02 0.000000000000000000e+00
3.202853162773370843e-01 -3.869337280120117156e-02 0.000000000000000000e+00
3.192561852920493548e-01 -4.162012544492463273e-02 0.000000000000000000e+00
3.181572813571816871e-01 -4.454297301964393191e-02 0.000000000000000000e+00
3.169869162258199258e-01 -4.745926973812384514e-02 0.000000000000000000e+00
3.157434878291384139e-01 -5.036603000854072282e-02 0.000000000000000000e+00
3.144255078849431118e-01 -5.325993300804496289e-02 0.000000000000000000e+00
3.130316290879661123e-01 -5.613733051875228336e-02 0.000000000000000000e+00
3.115606716203778159e-01 -5.899425797581552000e-02 0.000000000000000000e+00
3.100116487262305487e-01 -6.182644864892869463e-02 0.000000000000000000e+00
3.083837911011068078e-01 -6.462935085099852373e-02 0.000000000000000000e+00
3.066765698580684041e-01 -6.739814804103128054e-02 0.000000000000000000e+00
3.048897178429917365e-01 -7.012778166275858427e-02 0.000000000000000000e+00
3.030232490864298578e-01 -7.281297653638826861e-02 0.000000000000000000e+00
3.010774761951397482e-01 -7.544826859832777510e-02 0.000000000000000000e+00
2.990530255042078700e-01 -7.802803476298807162e-02 0.000000000000000000e+00
2.969508498301504096e-01 -8.054652466201249472e-02 0.000000000000000000e+00
2.947722386862725030e-01 -8.299789399965819270e-02 0.000000000000000000e+00
2.925188258437695366e-01 -8.537623924872743408e-02 0.000000000000000000e+00
2.901925941453378788e-01 -8.767563339953100832e-02 0.000000000000000000e+00
2.877958775022329552e-01 -8.989016246497028018e-02 0.000000000000000000e+00
2.853313600305458775e-01 -9.201396243802442698e-02 0.000000000000000000e+00
2.828020723077537268e-01 -9.404125639379269652e-02 0.000000000000000000e+00
2.802113847561047422e-01 -9.596639142679505574e-02 0.000000000000000000e+00
2.775629981848974914e-01 -9.778387511549269107e-02 0.000000000000000000e+00
2.748609315489836113e-01 -9.948841120994282583e-02 0.000000000000000000e+00
2.721095070056328002e-01 -1.010749342451083832e-01 0.000000000000000000e+00
2.693133323760323883e-01 -1.025386427915465914e-01 0.000000000000000000e+00
2.664772811409309439e-01 -1.038750310669180332e-01 0.000000000000000000e+00
2.636064701220741657e-01 -1.050799186458830775e-01 0.000000000000000000e+00
2.607062350219163660e-01 -1.061494780223602302e-01 0.000000000000000000e+00
2.577821040134440356e-01 -1.070802597966675207e-01 0.000000000000000000e+00
2.548397695896382209e-01 -1.078692152805826032e-01 0.000000000000000000e+00
2.518850588979756333e-01 -1.085137163356647422e-01 0.000000000000000000e+00
2.489239027992798114e-01 -1.090115722840778179e-01 0.000000000000000000e+00
2.459623039020584767e-01 -1.093610437564310617e-01 0.000000000000000000e+00
2.430063038330940450e-01 -1.095608533675859197e-01 0.000000000000000000e+00
2.400619500124002714e-01 -1.096101931387311601e-01 0.000000000000000000e+00
2.371352622056614456e-01 -1.095087286120601938e-01 0.000000000000000000e+00
2.342321991298695616e-01 -1.092565996328502265e-01 0.000000000000000000e+00
2.313586253880583476e-01 -1.088544178023854309e-01 0.000000000000000000e+00
2.285202790067895617e-01 -1.083032606337367559e-01 0.000000000000000000e+00
2.257227398453908185e-01 -1.076046624706575722e-01 0.000000000000000000e+00
2.229713991389270511e-01 -1.067606022575225549e-01 0.000000000000000000e+00
2.202714304275502910e-01 -1.057734882750914068e-01 0.000000000000000000e+00
2.176277621133156648e-01 -1.046461399826750932e-01 0.000000000000000000e+00
2.150450518718571014e-01 -1.033817671317962122e-01 0.000000000000000000e+00
2.125276631306171060e-01 -1.019839463394567741e-01 0.000000000000000000e+00
2.100796438077481565e-01 -1.004565953304403098e-01 0.000000000000000000e+00
2.077047074865099319e-01 -9.880394507751319444e-02 0.000000000000000000e+00
2.054062171791387614e-01 -9.703051008576196734e-02 0.000000000000000000e+00
2.031871718119515891e-01 -9.514105708247734550e-02 0.000000000000000000e+00
2.010501955400579299e-01 -9.314057238682239837e-02 0.000000000000000000e+00
1.989975299756960025e-01 -9.103422824390434986e-02 0.000000000000000000e+00
1.970310293890980835e-01 -8.882734841570949502e-02 0.000000000000000000e+00
1.951521589151444802e-01 -8.652537332659594738e-02 0.000000000000000000e+00
1.933619957731140815e-01 -8.413382506362483693e-02 0.000000000000000000e+00
1.916612334808041052e-01 -8.165827253192775581e-02 0.000000000000000000e+00
1.900501890184131404e-01 -7.910429706256076610e-02 0.000000000000000000e+00
1.885288128720717660e-01 -7.647745876491046646e-02 0.000000000000000000e+00
1.870967018620074696e-01 -7.378326390774803123e-02 0.000000000000000000e+00
1.857531146362475516e-01 -7.102713360254406250e-02 0.000000000000000000e+00
1.844969896877192705e-01 -6.821437404976030128e-02 0.000000000000000000e+00
1.833269657307999012e-01 -6.535014859363977302e-02 0.000000000000000000e+00
1.822414042529916234e-01 -6.243945181366224173e-02 0.000000000000000000e+00
1.812384140386299747e-01 -5.948708586147703065e-02 0.000000000000000000e+00
1.803158774445458024e-01 -5.649763923094245494e-02 0.000000000000000000e+00
1.794714781925354774e-01 -5.347546812608358624e-02 0.000000000000000000e+00
1.787027304304910358e-01 -5.042468056753264538e-02 0.000000000000000000e+00
1.780070088032134901e-01 -4.734912335255797577e-02 0.000000000000000000e+00
1.773815792653729573e-01 -4.425237195734614548e-02 0.000000000000000000e+00
1.768236303628676620e-01 -4.113772344301672851e-02 0.000000000000000000e+00
1.763303047050245043e-01 -3.800819239916296971e-02 0.000000000000000000e+00
1.758987303487089260e-01 -3.486650993077380217e-02 0.000000000000000000e+00
1.755260518164857009e-01 -3.171512566645248027e-02 0.000000000000000000e+00
1.752094604744873219e-01 -2.855621273815815708e-02 0.000000000000000000e+00
1.749462240015657866e-01 -2.539167565550210989e-02 0.000000000000000000e+00
1.747337146895867610e-01 -2.222316097117887218e-02 0.000000000000000000e+00
1.745694363252847936e-01 -1.905207060863684659e-02 0.000000000000000000e+00
1.744510494168560744e-01 -1.587957769882482675e-02 0.000000000000000000e+00
1.743763945432980633e-01 -1.270664475000278341e-02 0.000000000000000000e+00
1.743435136212894421e-01 -9.534043953387145998e-03 0.000000000000000000e+00
1.743506689029885592e-01 -6.362379407996518986e-03 0.000000000000000000e+00
1.743963595383503651e-01 -3.192111030652089454e-03 0.000000000000000000e+00
1.744793355572450411e-01 -2.357990181873326180e-05 0.000000000000000000e+00
1.745986091496112003e-01 3.142965215011859180e-03 0.000000000000000000e+00
1.747534631458950993e-01 6.307340453282845975e-03 0.000000000000000000e+00
1.749434566248992684e-01 9.469398803660756397e-03 0.000000000000000000e+00
1.751684276016740038e-01 1.262900174116472589e-02 0.000000000000000000e+00
1.754284927740041578e-01 1.578599080856826764e-02 0.000000000000000000e+00
1.757240443321487489e-01 1.894015944578505625e-02 0.000000000000000000e+00
1.760557438625471038e-01 2.209122535258823891e-02 0.000000000000000000e+00
1.764245134019861161e-01 2.523880366703248543e-02 0.000000000000000000e+00
1.768315237240027649e-01 2.838238123439195543e-02 0.000000000000000000e+00
1.772781799638453171e-01 3.152129223136586333e-02 0.000000000000000000e+00
1.777661047119316329e-01 3.465469539782663894e-02 0.000000000000000000e+00
1.782971187282004488e-01 3.778155311360308771e-02 0.000000000000000000e+00
1.788732194508687590e-01 4.090061254084029208e-02 0.000000000000000000e+00
1.794965574926892515e-01 4.401038903350615317e-02 0.000000000000000000e+00
1.801694113356786808e-01 4.710915199479535909e-02 0.000000000000000000e+00
1.808941604513047696e-01 5.019491334070056571e-02 0.000000000000000000e+00
1.816732570871313901e-01 5.326541870407987961e-02 0.000000000000000000e+00
1.825091969728100671e-01 5.631814148836265799e-02 0.000000000000000000e+00
1.834044892079661482e-01 5.935027985383184435e-02 0.000000000000000000e+00
1.843616256018711375e-01 6.235875669243145375e-02 0.000000000000000000e+00
1.853830497397626065e-01 6.534022261951667743e-02 0.000000000000000000e+00
1.864711260532197490e-01 6.829106198314092990e-02 0.000000000000000000e+00
1.876281091721083982e-01 7.120740186360242918e-02 0.000000000000000000e+00
1.888561138332718048e-01 7.408512400831167299e-02 0.000000000000000000e+00
1.901570856163902756e-01 7.691987961983078048e-02 0.000000000000000000e+00
1.915327727702926530e-01 7.970710688842631841e-02 0.000000000000000000e+00
1.929846993835613589e-01 8.244205113490581105e-02 0.000000000000000000e+00
1.945141401415906579e-01 8.511978740510318941e-02 0.000000000000000000e+00
1.961220968984589696e-01 8.773524533436308226e-02 0.000000000000000000e+00
1.978092772761694540e-01 9.028323607895261116e-02 0.000000000000000000e+00
1.995760754861468367e-01 9.275848109169813893e-02 0.000000000000000000e+00
2.014225555485070762e-01 9.515564250147839909e-02 0.000000000000000000e+00
2.033484370637081151e-01 9.746935484066793220e-02 0.000000000000000000e+00
2.053530836689380079e-01 9.969425785135234419e-02 0.000000000000000000e+00
2.074354942881883046e-01 1.018250300902563132e-01 0.000000000000000000e+00
2.095942972606117394e-01 1.038564230439314034e-01 0.000000000000000000e+00
2.118277474066830868e-01 1.057832954599229325e-01 0.000000000000000000e+00
2.141337260660947928e-01 1.076006475964303988e-01 0.000000000000000000e+00
2.165097441154516522e-01 1.093036550924209732e-01 0.000000000000000000e+00
2.189529479479074281e-01 1.108877021622639708e-01 0.000000000000000000e+00
2.214601283711412905e-01 1.123484138237043767e-01 0.000000000000000000e+00
2.240277323547297805e-01 1.136816868753491860e-01 0.000000000000000000e+00
2.266518775332555524e-01 1.148837193497418141e-01 0.000000000000000000e+00
2.293283693476205198e-01 1.159510381804507717e-01 0.000000000000000000e+00
2.320527206842168677e-01 1.168805248363082999e-01 0.000000000000000000e+00
2.348201738500452218e-01 1.176694386928577724e-01 0.000000000000000000e+00
2.376257247017514451e-01 1.183154379300696141e-01 0.000000000000000000e+00
2.404641487280591294e-01 1.188165977662906103e-01 0.000000000000000000e+00
2.433300288683584722e-01 1.191714258610201554e-01 0.000000000000000000e+00
2.462177848354293597e-01 1.193788747432576319e-01 0.000000000000000000e+00
2.491217036975500454e-01 1.194383511476281440e-01 0.000000000000000000e+00
2.520359714646853710e-01 1.193497221670403174e-01 0.000000000000000000e+00
2.549547054151510839e-01 1.191133181580294048e-01 0.000000000000000000e+00
2.578719868931861336e-01 1.187299323629452674e-01 0.000000000000000000e+00
2.607818943042806703e-01 1.182008172415139197e-01 0.000000000000000000e+00
2.636785360339362616e-01 1.175276775327798867e-01 0.000000000000000000e+00
2.665560830167820194e-01 1.167126600967709066e-01 0.000000000000000000e+00
2.694088006866247609e-01 1.157583406131692250e-01 0.000000000000000000e+00
2.722310800440355116e-01 1.146677072415736992e-01 0.000000000000000000e+00
2.750174675864158202e-01 1.134441413743519506e-01 0.000000000000000000e+00
2.777626938560655012e-01 1.120913956383794985e-01 0.000000000000000000e+00
2.804617003744979686e-01 1.106135693259145125e-01 0.000000000000000000e+00
2.831096647459963589e-01 1.090150814572541232e-01 0.000000000000000000e+00
2.857020237300497145e-01 1.073006416984561978e-01 0.000000000000000000e+00
2.882344941006983463e-01 1.054752193761096107e-01 0.000000000000000000e+00
2.907030911307832977e-01 1.035440108477269916e-01 0.000000000000000000e+00
2.931041445604674611e-01 1.015124055006681875e-01 0.000000000000000000e+00
2.954343119319701727e-01 9.938595066445392312e-02 0.000000000000000000e+00
2.976905891960436867e-01 9.717031573078595275e-02 0.000000000000000000e+00
2.998703185200983778e-01 9.487125578247143642e-02 0.000000000000000000e+00
3.019711932528419962e-01 9.249457503668952196e-02 0.000000000000000000e+00
3.039912600256104991e-01 9.004609040959836441e-02 0.000000000000000000e+00
3.059289179960089089e-01 8.753159550814715306e-02 0.000000000000000000e+00
3.077829152648247080e-01 8.495682535113413536e-02 0.000000000000000000e+00
3.095523425221949343e-01 8.232742211507793062e-02 0.000000000000000000e+00
3.112366240034805664e-01 7.964890219138977268e-02 0.000000000000000000e+00
3.128355058590102100e-01 7.692662482973905425e-02 0.000000000000000000e+00
3.143490420645858596e-01 7.416576262848526002e-02 0.000000000000000000e+00
3.157775780211986572e-01 7.137127411673450939e-02 0.000000000000000000e+00
3.171217320125866990e-01 6.854787865410691405e-02 0.000000000000000000e+00
3.183823747079028710e-01 6.570003385383650640e-02 0.000000000000000000e+00
3.195606069136842087e-01 6.283191571254606589e-02 0.000000000000000000e+00
3.206577357943712903e-01 5.994740160614339675e-02 0.000000000000000000e+00
3.216752497936888333e-01 5.705005628597725753e-02 0.000000000000000000e+00
3.226147925001477956e-01 5.414312098290222086e-02 0.000000000000000000e+00
3.234781357086697340e-01 5.122950569945455834e-02 0.000000000000000000e+00
3.242671519367908983e-01 4.831178474218768976e-02 0.000000000000000000e+00
3.249837866580144174e-01 4.539219551759480359e-02 0.000000000000000000e+00
3.262078917875968487e-01 3.955469294075070197e-02 0.000000000000000000e+00
