0.000000000000000000e+00 8.275049828508562744e-01 1.847256365240239617e-01
0.000000000000000000e+00 8.270905461930213587e-01 1.790997250281321507e-01
0.000000000000000000e+00 8.265683430081957050e-01 1.734894968701603535e-01
0.000000000000000000e+00 8.259347209656681121e-01 1.678900310925973138e-01
0.000000000000000000e+00 8.251851981081035348e-01 1.622962984073941239e-01
0.000000000000000000e+00 8.243145292467044527e-01 1.567034465231083584e-01
0.000000000000000000e+00 8.233167917277728343e-01 1.511071038121562793e-01
0.000000000000000000e+00 8.221854887998918393e-01 1.455036922863114091e-01
0.000000000000000000e+00 8.209136684669084971e-01 1.398907400174027871e-01
0.000000000000000000e+00 8.194940554352139195e-01 1.342671826319966344e-01
0.000000000000000000e+00 8.179191935548897341e-01 1.286336433550237801e-01
0.000000000000000000e+00 8.161815960110023749e-01 1.229926812964832611e-01
0.000000000000000000e+00 8.142739004395420643e-01 1.173489982723420200e-01
0.000000000000000000e+00 8.121890261165534142e-01 1.117095954160089583e-01
0.000000000000000000e+00 8.099203303923347974e-01 1.060838721463620293e-01
0.000000000000000000e+00 8.074617616082854221e-01 1.004836616745206773e-01
0.000000000000000000e+00 8.048080058353386246e-01 9.492319910398333560e-02
0.000000000000000000e+00 8.019546249038869146e-01 8.941902024602807475e-02
0.000000000000000000e+00 7.988981833506730856e-01 8.398979146421201025e-02
0.000000000000000000e+00 7.956363620845168239e-01 7.865607310191888302e-02
0.000000000000000000e+00 7.921680567676264717e-01 7.344002125532038405e-02
0.000000000000000000e+00 7.884934591215776445e-01 6.836503475053003209e-02
0.000000000000000000e+00 7.846141195970312010e-01 6.345535609058064463e-02
0.000000000000000000e+00 7.805329900950154220e-01 5.873563678333064420e-02
0.000000000000000000e+00 7.762544456967863660e-01 5.423047878230728008e-02
0.000000000000000000e+00 7.717842846506945964e-01 4.996396471680882023e-02
0.000000000000000000e+00 7.671297061795181449e-01 4.595919011663764792e-02
0.000000000000000000e+00 7.622992660109882967e-01 4.223781092690656602e-02
0.000000000000000000e+00 7.573028098969754041e-01 3.881961925180271722e-02
0.000000000000000000e+00 7.521513857706620954e-01 3.572215947186346829e-02
0.000000000000000000e+00 7.468571355916758803e-01 3.296039567236791479e-02
0.000000000000000000e+00 7.414331683401321760e-01 3.054643974151492400e-02
0.000000000000000000e+00 7.358934160333362451e-01 2.848934760077818235e-02
0.000000000000000000e+00 7.302524750429537637e-01 2.679498888283188274e-02
0.000000000000000000e+00 7.245254353736056974e-01 2.546599305085474677e-02
0.000000000000000000e+00 7.187277009126116223e-01 2.450177253956428020e-02
0.000000000000000000e+00 7.128748039608888698e-01 2.389862107918193021e-02
0.000000000000000000e+00 7.069822175926507857e-01 2.364988302499559242e-02
0.000000000000000000e+00 7.010651695531772143e-01 2.374618734040520249e-02
0.000000000000000000e+00 6.951384614775907300e-01 2.417573794709932875e-02
0.000000000000000000e+00 6.892162971896564905e-01 2.492465052978325157e-02
0.000000000000000000e+00 6.833121237113782831e-01 2.597732462026424924e-02
0.000000000000000000e+00 6.774384883784831946e-01 2.731683892833085964e-02
0.000000000000000000e+00 6.716069151145943605e-01 2.892535746084423307e-02
0.000000000000000000e+00 6.658278024732138256e-01 3.078453398547431261e-02
0.000000000000000000e+00 6.601103455211566606e-01 3.287590284452921591e-02
0.000000000000000000e+00 6.544624830237104618e-01 3.518124498400009709e-02
0.000000000000000000e+00 6.488908707184357638e-01 3.768291929466791035e-02
0.000000000000000000e+00 6.434008807524921325e-01 4.036415091364617402e-02
0.000000000000000000e+00 6.379966266316700052e-01 4.320926994234728508e-02
0.000000000000000000e+00 6.326810123137521780e-01 4.620389602800512724e-02
0.000000000000000000e+00 6.274558034009130036e-01 4.933506635205903157e-02
0.000000000000000000e+00 6.223217177717319526e-01 5.259130668865802383e-02
0.000000000000000000e+00 6.172785324676314245e-01 5.596264725946579338e-02
0.000000000000000000e+00 6.123252032329341565e-01 5.944058703965609397e-02
0.000000000000000000e+00 6.074599928203754384e-01 6.301801189393931024e-02
0.000000000000000000e+00 6.026806040280567878e-01 6.668907337939365687e-02
0.000000000000000000e+00 5.979843134372879732e-01 7.044903619415932017e-02
0.000000000000000000e+00 5.933681019752820029e-01 7.429410304142779198e-02
0.000000000000000000e+00 5.888287787275996443e-01 7.822122609496501289e-02
0.000000000000000000e+00 5.843630948616599374e-01 8.222791428925410595e-02
0.000000000000000000e+00 5.799678450774973237e-01 8.631204532300965071e-02
0.000000000000000000e+00 5.756399546527467548e-01 9.047169058273614450e-02
0.000000000000000000e+00 5.713765508684333083e-01 9.470496019996767212e-02
0.000000000000000000e+00 5.671750183597553674e-01 9.900987420032029973e-02
0.000000000000000000e+00 5.630330386987240088e-01 1.033842642424765979e-01
0.000000000000000000e+00 5.589486152492822990e-01 1.078257088456493623e-01
0.000000000000000000e+00 5.549200850071838165e-01 1.123315033340867158e-01
0.000000000000000000e+00 5.509461197152893952e-01 1.168986640572472757e-01
0.000000000000000000e+00 5.470257190025168414e-01 1.215239648433074360e-01
0.000000000000000000e+00 5.431581986089100145e-01 1.262040021762166619e-01
0.000000000000000000e+00 5.393431769136066700e-01 1.309352843102929154e-01
0.000000000000000000e+00 5.355805629673896506e-01 1.357143384999507374e-01
0.000000000000000000e+00 5.318705490450351681e-01 1.405378297633088081e-01
0.000000000000000000e+00 5.282136103807000271e-01 1.454026841426748207e-01
0.000000000000000000e+00 5.246105142458141746e-01 1.503062092848172215e-01
0.000000000000000000e+00 5.210623398943371454e-01 1.552462053388704855e-01
0.000000000000000000e+00 5.175705101623845339e-01 1.602210596461488001e-01
0.000000000000000000e+00 5.141368347011449069e-01 1.652298194484631555e-01
0.000000000000000000e+00 5.107635639808395522e-01 1.702722378334083631e-01
0.000000000000000000e+00 5.074534523688450927e-01 1.753487893211498061e-01
0.000000000000000000e+00 5.042098277974448317e-01 1.804606528251363751e-01
0.000000000000000000e+00 5.010366648353781205e-01 1.856096611319101031e-01
0.000000000000000000e+00 4.979386573989612041e-01 1.907982174834834121e-01
0.000000000000000000e+00 4.949212869150636518e-01 1.960291812505881304e-01
0.000000000000000000e+00 4.919908815055238360e-01 2.013057260000143678e-01
0.000000000000000000e+00 4.891546617191354640e-01 2.066311744326554956e-01
0.000000000000000000e+00 4.864207685031829986e-01 2.120088156559512271e-01
0.000000000000000000e+00 4.837982694826096219e-01 2.174417110188240909e-01
0.000000000000000000e+00 4.812971401928702875e-01 2.229324952522525050e-01
0.000000000000000000e+00 4.789282176747974851e-01 2.284831799081842585e-01
0.000000000000000000e+00 4.767031247601604682e-01 2.340949660682590527e-01
0.000000000000000000e+00 4.746341644211257704e-01 2.397680730073209476e-01
0.000000000000000000e+00 4.727341846852692875e-01 2.455015889607201907e-01
0.000000000000000000e+00 4.710164157850768030e-01 2.512933493840671662e-01
0.000000000000000000e+00 4.694942823690735900e-01 2.571398471426092902e-01
0.000000000000000000e+00 4.681811947019763887e-01 2.630361779644559972e-01
0.000000000000000000e+00 4.670903237759110316e-01 2.689760232819385366e-01
0.000000000000000000e+00 4.662343660993958916e-01 2.749516713157624803e-01
0.000000000000000000e+00 4.656253045862759343e-01 2.809540759754560191e-01
0.000000000000000000e+00 4.652741724009616386e-01 2.869729519041450683e-01
0.000000000000000000e+00 4.651908268054759654e-01 2.929969028302137346e-01
0.000000000000000000e+00 4.653837399839457212e-01 2.990135793428844724e-01
0.000000000000000000e+00 4.658598134876261732e-01 3.050098613172649298e-01
0.000000000000000000e+00 4.666242223554145641e-01 3.109720595041849389e-01
0.000000000000000000e+00 4.676802941387302459e-01 3.168861302907453048e-01
0.000000000000000000e+00 4.690294270232387985e-01 3.227378973403802198e-01
0.000000000000000000e+00 4.706710500297709432e-01 3.285132737397114533e-01
0.000000000000000000e+00 4.726026269370510180e-01 3.341984784089097604e-01
0.000000000000000000e+00 4.748197041494054416e-01 3.397802408606662716e-01
0.000000000000000000e+00 4.773160012871923708e-01 3.452459889016223360e-01
0.000000000000000000e+00 4.800835418615244654e-01 3.505840145350677672e-01
0.000000000000000000e+00 4.831128200625744995e-01 3.557836141163670529e-01
0.000000000000000000e+00 4.863929984940136286e-01 3.608351997013247714e-01
0.000000000000000000e+00 4.899121306715080171e-01 3.657303794791921803e-01
0.000000000000000000e+00 4.936574013102478786e-01 3.704620061624857574e-01
0.000000000000000000e+00 4.976153768860546722e-01 3.750241931822498875e-01
0.000000000000000000e+00 5.017722586876075530e-01 3.794122994788912129e-01
0.000000000000000000e+00 5.061141305937451040e-01 3.836228845571416635e-01
0.000000000000000000e+00 5.106271941083923016e-01 3.876536362647888256e-01
0.000000000000000000e+00 5.152979837539034547e-01 3.915032744385329999e-01
0.000000000000000000e+00 5.201135567382964009e-01 3.951714341214549453e-01
0.000000000000000000e+00 5.250616518399944255e-01 3.986585324847031764e-01
0.000000000000000000e+00 5.301308136539514271e-01 4.019656238756442734e-01
0.000000000000000000e+00 5.353104796674214017e-01 4.050942475649910723e-01
0.000000000000000000e+00 5.405910290295272702e-01 4.080462727797775635e-01
0.000000000000000000e+00 5.459637932910869074e-01 4.108237454947131773e-01
0.000000000000000000e+00 5.514210307646325582e-01 4.134287412219062041e-01
0.000000000000000000e+00 5.569558674360659545e-01 4.158632277012556111e-01
0.000000000000000000e+00 5.625622085000726580e-01 4.181289409660043366e-01
0.000000000000000000e+00 5.682346255486936393e-01 4.202272777563578754e-01
0.000000000000000000e+00 5.739682251817277425e-01 4.221592066957323142e-01
0.000000000000000000e+00 5.797585053036049541e-01 4.239252000463353820e-01
0.000000000000000000e+00 5.856012056090805773e-01 4.255251872403010838e-01
0.000000000000000000e+00 5.914921587352861554e-01 4.269585307557247078e-01
0.000000000000000000e+00 5.974271482769840658e-01 4.282240242889476245e-01
0.000000000000000000e+00 6.034017793423236409e-01 4.293199125793644155e-01
0.000000000000000000e+00 6.094113665945534164e-01 4.302439316836298988e-01
0.000000000000000000e+00 6.154508438159014272e-01 4.309933679837519849e-01
0.000000000000000000e+00 6.215146979847915309e-01 4.315651337580911351e-01
0.000000000000000000e+00 6.275969297231537292e-01 4.319558567542328698e-01
0.000000000000000000e+00 6.336910407960908431e-01 4.321619808851374089e-01
0.000000000000000000e+00 6.397900481815224083e-01 4.321798749305876264e-01
0.000000000000000000e+00 6.458865231211221580e-01 4.320059459690537840e-01
0.000000000000000000e+00 6.519726525609060852e-01 4.316367541935418051e-01
0.000000000000000000e+00 6.580403195298472063e-01 4.310691257802358178e-01
0.000000000000000000e+00 6.640811983205673341e-01 4.303002605806263148e-01
0.000000000000000000e+00 6.700868598519591490e-01 4.293278315946155166e-01
0.000000000000000000e+00 6.760488823248335111e-01 4.281500734502738936e-01
0.000000000000000000e+00 6.819589622340711532e-01 4.267658574601449484e-01
0.000000000000000000e+00 6.878090209703485725e-01 4.251747512369460358e-01
0.000000000000000000e+00 6.935913026179766350e-01 4.233770613239009606e-01
0.000000000000000000e+00 6.992984591109331349e-01 4.213738578154725412e-01
0.000000000000000000e+00 7.049236196175024949e-01 4.191669804997388282e-01
0.000000000000000000e+00 7.104604418497740825e-01 4.167590266291249512e-01
0.000000000000000000e+00 7.159031438979833739e-01 4.141533210052174563e-01
0.000000000000000000e+00 7.212465161291575777e-01 4.113538696283718377e-01
0.000000000000000000e+00 7.264859136220062075e-01 4.083652986955609854e-01
0.000000000000000000e+00 7.316172304939725368e-01 4.051927812120261763e-01
0.000000000000000000e+00 7.366368582734574844e-01 4.018419538960028570e-01
0.000000000000000000e+00 7.415416311467046828e-01 3.983188273844631144e-01
0.000000000000000000e+00 7.463287614371075795e-01 3.946296929768266515e-01
0.000000000000000000e+00 7.509957690343380676e-01 3.907810292708929212e-01
0.000000000000000000e+00 7.555404086691974719e-01 3.867794120422163862e-01
0.000000000000000000e+00 7.599605989233271242e-01 3.826314305900160306e-01
0.000000000000000000e+00 7.642543566750175099e-01 3.783436135192131955e-01
0.000000000000000000e+00 7.684197403255276226e-01 3.739223665537900754e-01
0.000000000000000000e+00 7.724548046439023707e-01 3.693739244907774388e-01
0.000000000000000000e+00 7.763575694380193681e-01 3.647043188211563924e-01
0.000000000000000000e+00 7.801260035360547684e-01 3.599193618827704055e-01
0.000000000000000000e+00 7.837580247799814659e-01 3.550246476941925078e-01
0.000000000000000000e+00 7.872515159271483709e-01 3.500255688740429583e-01
0.000000000000000000e+00 7.906043555638334608e-01 3.449273483068176493e-01
0.000000000000000000e+00 7.938144623910323716e-01 3.397350835046950013e-01
0.000000000000000000e+00 7.968798505798173615e-01 3.344538009662315625e-01
0.000000000000000000e+00 7.997986933394831688e-01 3.290885172775547818e-01
0.000000000000000000e+00 8.025693914191085465e-01 3.236443032675513920e-01
0.000000000000000000e+00 8.051906429886258598e-01 3.181263472399413761e-01
0.000000000000000000e+00 8.076615112288234588e-01 3.125400131814903837e-01
0.000000000000000000e+00 8.099814860036375075e-01 3.068908899004420543e-01
0.000000000000000000e+00 8.121505361884296947e-01 3.011848272891923251e-01
0.000000000000000000e+00 8.141691495739070694e-01 2.954279563293929489e-01
0.000000000000000000e+00 8.160383577401608690e-01 2.896266900573117864e-01
0.000000000000000000e+00 8.177597438772278293e-01 2.837877034656955955e-01
0.000000000000000000e+00 8.193354321918058236e-01 2.779178912112801325e-01
0.000000000000000000e+00 8.207680582558714022e-01 2.720243029931890821e-01
0.000000000000000000e+00 8.220607203919584327e-01 2.661140575294896338e-01
0.000000000000000000e+00 8.232169129218490644e-01 2.601942371451637093e-01
0.000000000000000000e+00 8.242404428015518425e-01 2.542717660495795728e-01
0.000000000000000000e+00 8.251353317992604630e-01 2.483532763787448527e-01
0.000000000000000000e+00 8.259057069215555158e-01 2.424449669611817570e-01
0.000000000000000000e+00 8.265556822376055601e-01 2.365524604927452534e-01
0.000000000000000000e+00 8.270892355777255123e-01 2.306806653360555237e-01
0.000000000000000000e+00 8.275100837827247258e-01 2.248336484617030340e-01
0.000000000000000000e+00 8.278215602507603688e-01 2.190145260962096940e-01
0.000000000000000000e+00 8.280264984709386766e-01 2.132253784204414526e-01
0.000000000000000000e+00 8.281271250545546581e-01 2.074671941666753616e-01
0.000000000000000000e+00 8.281249654868824139e-01 2.017398501988044157e-01
0.000000000000000000e+00 8.280207654396813943e-01 1.960421301454173537e-01
0.000000000000000000e+00 8.275049828508562744e-01 1.847256365240239617e-01
