-4.547089890922058342e-02 -5.749819412933903501e-02 0.000000000000000000e+00
-4.557726241207718521e-02 -6.526362176665523318e-02 0.000000000000000000e+00
-4.578079449137528040e-02 -7.306036591135982305e-02 0.000000000000000000e+00
-4.608921762126591548e-02 -8.090117199316779195e-02 0.000000000000000000e+00
-4.651043836549456634e-02 -8.879609390277411196e-02 0.000000000000000000e+00
-4.705214567816627669e-02 -9.675211694325694389e-02 0.000000000000000000e+00
-4.772150264264368724e-02 -1.047729670432253207e-01 0.000000000000000000e+00
-4.852495852128699272e-02 -1.128590996916101902e-01 0.000000000000000000e+00
-4.946819767678926200e-02 -1.210078482291872676e-01 0.000000000000000000e+00
-5.055623000281337515e-02 -1.292136993685178703e-01 0.000000000000000000e+00
-5.179361490932412465e-02 -1.374686550662990170e-01 0.000000000000000000e+00
-5.318479865689663966e-02 -1.457626348482426448e-01 0.000000000000000000e+00
-5.473453392405838031e-02 -1.540838717902104082e-01 0.000000000000000000e+00
-5.644834183205015010e-02 -1.624192586552888062e-01 0.000000000000000000e+00
-5.833297098901613770e-02 -1.707546078936410527e-01 0.000000000000000000e+00
-6.039680597360226610e-02 -1.790747997234595768e-01 0.000000000000000000e+00
-6.265017931182700894e-02 -1.873638054413826748e-01 0.000000000000000000e+00
-6.510554637570459269e-02 -1.956045873639842281e-01 0.000000000000000000e+00
-6.777749142062884646e-02 -2.037788911604282438e-01 0.000000000000000000e+00
-7.068254458436624976e-02 -2.118669595569446507e-01 0.000000000000000000e+00
-7.383880327011103917e-02 -2.198472073086232270e-01 0.000000000000000000e+00
-7.726536593970972921e-02 -2.276959049461706464e-01 0.000000000000000000e+00
-8.098160086900074717e-02 -2.353869223715529535e-01 0.000000000000000000e+00
-8.500628577280977538e-02 -2.428915824711281313e-01 0.000000000000000000e+00
-8.935666537249896402e-02 -2.501786694688907797e-01 0.000000000000000000e+00
-9.404748208444746460e-02 -2.572146270547435720e-01 0.000000000000000000e+00
-9.909003940104335606e-02 -2.639639680426356660e-01 0.000000000000000000e+00
-1.044913578322601982e-01 -2.703899013952357211e-01 0.000000000000000000e+00
-1.102534793897695098e-01 -2.764551650846107100e-01 0.000000000000000000e+00
-1.163729687475223151e-01 -2.821230357765723284e-01 0.000000000000000000e+00
-1.228406479151356173e-01 -2.873584701076652981e-01 0.000000000000000000e+00
-1.296415872800602553e-01 -2.921293186824590049e-01 0.000000000000000000e+00
-1.367553601765070515e-01 -2.964075440024149799e-01 0.000000000000000000e+00
-1.441565518157224557e-01 -3.001703682352755975e-01 0.000000000000000000e+00
-1.518154976022149938e-01 -3.034012766034810960e-01 0.000000000000000000e+00
-1.596992116652866389e-01 -3.060908073897731785e-01 0.000000000000000000e+00
-1.677724548377108882e-01 -3.082370699066623310e-01 0.000000000000000000e+00
-1.759988831064934200e-01 -3.098459466437220033e-01 0.000000000000000000e+00
-1.843422132898654975e-01 -3.109309542340312760e-01 0.000000000000000000e+00
-1.927673426197933360e-01 -3.115127586284162642e-01 0.000000000000000000e+00
-2.012413629875479670e-01 -3.116183615011614005e-01 0.000000000000000000e+00
-2.097344185019087426e-01 -3.112799959136151040e-01 0.000000000000000000e+00
-2.182203661074116618e-01 -3.105337881370318631e-01 0.000000000000000000e+00
-2.266772124850600090e-01 -3.094182579229731722e-01 0.000000000000000000e+00
-2.350873153245822134e-01 -3.079727402856570206e-01 0.000000000000000000e+00
-2.434373522481410868e-01 -3.062358172246096299e-01 0.000000000000000000e+00
-2.517180751109043824e-01 -3.042438473493261908e-01 0.000000000000000000e+00
-2.599238801116977582e-01 -3.020296750674276720e-01 0.000000000000000000e+00
-2.680522342739526387e-01 -2.996215892784470647e-01 0.000000000000000000e+00
-2.761030057691081230e-01 -2.970425851797338090e-01 0.000000000000000000e+00
-2.840777488691817454e-01 -2.943099629723098243e-01 0.000000000000000000e+00
-2.919789939250100330e-01 -2.914352753341262758e-01 0.000000000000000000e+00
-2.998095888409685883e-01 -2.884246130344911285e-01 0.000000000000000000e+00
-3.075721314824978458e-01 -2.852791965605048774e-01 0.000000000000000000e+00
-3.152685229547672052e-01 -2.819962225997615368e-01 0.000000000000000000e+00
-3.228996605386164620e-01 -2.785698989727328212e-01 0.000000000000000000e+00
-3.304652771705585135e-01 -2.749925911526506228e-01 0.000000000000000000e+00
-3.379639226396775609e-01 -2.712559985174729515e-01 0.000000000000000000e+00
-3.453930710309785490e-01 -2.673522792164978457e-01 0.000000000000000000e+00
-3.527493301427848671e-01 -2.632750488576878212e-01 0.000000000000000000e+00
-3.600287222442124513e-01 -2.590201895852898839e-01 0.000000000000000000e+00
-3.672270020030306559e-01 -2.545864216197505359e-01 0.000000000000000000e+00
-3.743399768519211079e-01 -2.499756077866663873e-01 0.000000000000000000e+00
-3.813637973772502909e-01 -2.451927815873343464e-01 0.000000000000000000e+00
-3.882951901860365318e-01 -2.402459094886514601e-01 0.000000000000000000e+00
-3.951316126156670938e-01 -2.351454168823152446e-01 0.000000000000000000e+00
-4.018713169313984923e-01 -2.299035232565267428e-01 0.000000000000000000e+00
-4.085133205540135148e-01 -2.245334444343126401e-01 0.000000000000000000e+00
-4.150572875949771756e-01 -2.190485274586469466e-01 0.000000000000000000e+00
-4.215033348103665589e-01 -2.134613863986167814e-01 0.000000000000000000e+00
-4.278517813800377101e-01 -2.077831049482337933e-01 0.000000000000000000e+00
-4.341028661889686502e-01 -2.020225645056392405e-01 0.000000000000000000e+00
-4.402564582364625334e-01 -1.961859451201731774e-01 0.000000000000000000e+00
-4.463117853384636069e-01 -1.902764322352805959e-01 0.000000000000000000e+00
-4.522672035436287596e-01 -1.842941457080175538e-01 0.000000000000000000e+00
-4.581200249771657518e-01 -1.782362904436690376e-01 0.000000000000000000e+00
-4.638664156455483689e-01 -1.720975114597939892e-01 0.000000000000000000e+00
-4.695013676882024978e-01 -1.658704215208735289e-01 0.000000000000000000e+00
-4.750187433227404110e-01 -1.595462577229629919e-01 0.000000000000000000e+00
-4.804113809776140442e-01 -1.531156153673596254e-01 0.000000000000000000e+00
-4.856712484654571726e-01 -1.465692036461546111e-01 0.000000000000000000e+00
-4.907896240386296349e-01 -1.398985682342896164e-01 0.000000000000000000e+00
-4.957572841490042737e-01 -1.330967306616948898e-01 0.000000000000000000e+00
-5.005646768857109352e-01 -1.261587028219503248e-01 0.000000000000000000e+00
-5.052020623664378318e-01 -1.190818463813105854e-01 0.000000000000000000e+00
-5.096596055914682788e-01 -1.118660601956245754e-01 0.000000000000000000e+00
-5.139274130379665184e-01 -1.045137930078792188e-01 0.000000000000000000e+00
-5.179955110346142755e-01 -9.702989253525302893e-02 0.000000000000000000e+00
-5.218537710766223414e-01 -8.942131446715233245e-02 0.000000000000000000e+00
-5.254917940409294941e-01 -8.169672493198827656e-02 0.000000000000000000e+00
-5.288987710826140720e-01 -7.386603691227983104e-02 0.000000000000000000e+00
-5.320633432551037378e-01 -6.593992442597772230e-02 0.000000000000000000e+00
-5.349734841472021385e-01 -5.792935787864661457e-02 0.000000000000000000e+00
-5.376164297888152976e-01 -4.984519996669840858e-02 0.000000000000000000e+00
-5.399786776625007390e-01 -4.169789430743989916e-02 0.000000000000000000e+00
-5.420460719964568241e-01 -3.349726926876533256e-02 0.000000000000000000e+00
-5.438039859350760619e-01 -2.525246814150097774e-02 0.000000000000000000e+00
-5.452376031919674571e-01 -1.697200482801370855e-02 0.000000000000000000e+00
-5.463322930313846415e-01 -8.663932632057757752e-03 0.000000000000000000e+00
-5.470740636269940671e-01 -3.361034963251441549e-04 0.000000000000000000e+00
-5.474500707671976496e-01 8.003513014485718474e-03 0.000000000000000000e+00
-5.474491522316635717e-01 1.634648690281636715e-02 0.000000000000000000e+00
-5.470623535734432386e-01 2.468359900299331444e-02 0.000000000000000000e+00
-5.462834089717222286e-01 3.300456285940599893e-02 0.000000000000000000e+00
-5.451091415436976062e-01 4.129782919959668064e-02 0.000000000000000000e+00
-5.435397510704887969e-01 4.955049766156283814e-02 0.000000000000000000e+00
-5.415789633208801801e-01 5.774835099768482749e-02 0.000000000000000000e+00
-5.392340236464893133e-01 6.587601624656151678e-02 0.000000000000000000e+00
-5.365155276779480786e-01 7.391724625856843645e-02 0.000000000000000000e+00
-5.334370930300663671e-01 8.185530442297475617e-02 0.000000000000000000e+00
-5.300148870887682051e-01 8.967342635933672756e-02 0.000000000000000000e+00
-5.262670363410333341e-01 9.735532545943749450e-02 0.000000000000000000e+00
-5.222129514999866995e-01 1.048857050629236898e-01 0.000000000000000000e+00
-5.178726091574364920e-01 1.122507390481907730e-01 0.000000000000000000e+00
-5.132658343189302474e-01 1.194384847863887850e-01 0.000000000000000000e+00
-5.084116286078994573e-01 1.264391975418019953e-01 0.000000000000000000e+00
-5.033275860745267671e-01 1.332455230608011743e-01 0.000000000000000000e+00
-4.980294325741846384e-01 1.398525546207888548e-01 0.000000000000000000e+00
-4.925307159970133131e-01 1.462577514049395733e-01 0.000000000000000000e+00
-4.868426638581416777e-01 1.524607258392511600e-01 0.000000000000000000e+00
-4.809742126913401083e-01 1.584629175777382271e-01 0.000000000000000000e+00
-4.749322012321255393e-01 1.642671803178865630e-01 0.000000000000000000e+00
-4.687217074752340062e-01 1.698773138755073076e-01 0.000000000000000000e+00
-4.623464992594000789e-01 1.752975774426047961e-01 0.000000000000000000e+00
-4.558095598790623537e-01 1.805322204248054618e-01 0.000000000000000000e+00
-4.491136449893449734e-01 1.855850646931862247e-01 0.000000000000000000e+00
-4.422618251789212085e-01 1.904591667319372461e-01 0.000000000000000000e+00
-4.352579702018193886e-01 1.951565804959860539e-01 0.000000000000000000e+00
-4.281071358803046900e-01 1.996782324833085709e-01 0.000000000000000000e+00
-4.208158227485088720e-01 2.040239103839915913e-01 0.000000000000000000e+00
-4.133920859941559445e-01 2.081923565696682243e-01 0.000000000000000000e+00
-4.058454883741272057e-01 2.121814485046821797e-01 0.000000000000000000e+00
-3.981869005969748132e-01 2.159884406870495877e-01 0.000000000000000000e+00
-3.904281661889692501e-01 2.196102376094706543e-01 0.000000000000000000e+00
-3.825816591127260136e-01 2.230436649135902616e-01 0.000000000000000000e+00
-3.746597715033521681e-01 2.262857066002785522e-01 0.000000000000000000e+00
-3.666743751018577968e-01 2.293336798031696266e-01 0.000000000000000000e+00
-3.586363027930259961e-01 2.321853249260180940e-01 0.000000000000000000e+00
-3.505548958476680244e-01 2.348387973509349635e-01 0.000000000000000000e+00
-3.424376580595357988e-01 2.372925567229323407e-01 0.000000000000000000e+00
-3.342900502662541906e-01 2.395451601592523683e-01 0.000000000000000000e+00
-3.261154483189636077e-01 2.415949757172977108e-01 0.000000000000000000e+00
-3.179152751982123881e-01 2.434398412007416079e-01 0.000000000000000000e+00
-3.096893045999037364e-01 2.450767001027647773e-01 0.000000000000000000e+00
-3.014361199537117231e-01 2.465012505537811371e-01 0.000000000000000000e+00
-2.931537005111261029e-01 2.477076441503301418e-01 0.000000000000000000e+00
-2.848400958009461581e-01 2.486882693369990849e-01 0.000000000000000000e+00
-2.764941421989610681e-01 2.494336487082736697e-01 0.000000000000000000e+00
-2.681161711884464949e-01 2.499324715689432153e-01 0.000000000000000000e+00
-2.597086584358891947e-01 2.501717729516728661e-01 0.000000000000000000e+00
-2.512767661266440133e-01 2.501372588372487993e-01 0.000000000000000000e+00
-2.428287378656218132e-01 2.498137654787598305e-01 0.000000000000000000e+00
-2.343761153465833691e-01 2.491858294664150708e-01 0.000000000000000000e+00
-2.259337581968206554e-01 2.482383354250907170e-01 0.000000000000000000e+00
-2.175196620033920114e-01 2.469572008441102973e-01 0.000000000000000000e+00
-2.091545835085516225e-01 2.453300531522674133e-01 0.000000000000000000e+00
-2.008614952838010115e-01 2.433468531908729027e-01 0.000000000000000000e+00
-1.926649038644394907e-01 2.410004218523773833e-01 0.000000000000000000e+00
-1.845900744879267197e-01 2.382868327033691724e-01 0.000000000000000000e+00
-1.766622115617520750e-01 2.352056424800382517e-01 0.000000000000000000e+00
-1.689056463661625096e-01 2.317599427633386389e-01 0.000000000000000000e+00
-1.613430821262829828e-01 2.279562290428226168e-01 0.000000000000000000e+00
-1.539949416052316666e-01 2.238040967635550604e-01 0.000000000000000000e+00
-1.468788541872348696e-01 2.193157867678159068e-01 0.000000000000000000e+00
-1.400093086907031048e-01 2.145056137716091216e-01 0.000000000000000000e+00
-1.333974857179514584e-01 2.093893202477416782e-01 0.000000000000000000e+00
-1.270512701755951712e-01 2.039834036021508368e-01 0.000000000000000000e+00
-1.209754316995592799e-01 1.983044663551512266e-01 0.000000000000000000e+00
-1.151719490712784788e-01 1.923686369889864578e-01 0.000000000000000000e+00
-1.096404451893565474e-01 1.861911033179224351e-01 0.000000000000000000e+00
-1.043786924610612399e-01 1.797857910969877793e-01 0.000000000000000000e+00
-9.938314506976311802e-02 1.731652087994710876e-01 0.000000000000000000e+00
-9.464945466393256956e-02 1.663404659677381048e-01 0.000000000000000000e+00
-9.017292952958402830e-02 1.593214583305547771e-01 0.000000000000000000e+00
-8.594890391079756942e-02 1.521171991018122616e-01 0.000000000000000000e+00
-8.197299325155771310e-02 1.447362636263756497e-01 0.000000000000000000e+00
-7.824122197363765630e-02 1.371873048047907440e-01 0.000000000000000000e+00
-7.475002207708905666e-02 1.294795903068431953e-01 0.000000000000000000e+00
-7.149611239280093122e-02 1.216235100177668893e-01 0.000000000000000000e+00
-6.847627879152613783e-02 1.136310036946758251e-01 0.000000000000000000e+00
-6.568708421692916188e-02 1.055158643682408554e-01 0.000000000000000000e+00
-6.312454338004119814e-02 9.729388221214545218e-02 0.000000000000000000e+00
-6.078379986359856019e-02 8.898280573799625948e-02 0.000000000000000000e+00
-5.865884302407508438e-02 8.060211133644988590e-02 0.000000000000000000e+00
-5.674229850220804255e-02 7.217258728997924533e-02 0.000000000000000000e+00
-5.502531967763104465e-02 6.371575326021673702e-02 0.000000000000000000e+00
-5.349759858413374869e-02 5.525314974330888113e-02 0.000000000000000000e+00
-5.214750438373123159e-02 4.680554303035434210e-02 0.000000000000000000e+00
-5.096234635434424010e-02 3.839209893072519780e-02 0.000000000000000000e+00
-4.992874740987179871e-02 3.002958229135505031e-02 0.000000000000000000e+00
-4.903310435751038338e-02 2.173163885603399126e-02 0.000000000000000000e+00
-4.826210322784824092e-02 1.350821126658189632e-02 0.000000000000000000e+00
-4.760325275175674581e-02 5.365132354297479263e-03 0.000000000000000000e+00
-4.704539685407340549e-02 -2.696073047770948441e-03 0.000000000000000000e+00
-4.657916808645928830e-02 -1.067816082107281468e-02 0.000000000000000000e+00
-4.619734816194391580e-02 -1.858791340983592666e-02 0.000000000000000000e+00
-4.589510884988872580e-02 -2.643567304515618069e-02 0.000000000000000000e+00
-4.567011587364845637e-02 -3.423469111947351207e-02 0.000000000000000000e+00
-4.552248936342568469e-02 -4.200033479854486940e-02 0.000000000000000000e+00
-4.547089890922058342e-02 -5.749819412933903501e-02 0.000000000000000000e+00
