-7.554459348613709602e-02 -5.402377282864840868e-01 0.000000000000000000e+00
-7.466588282945178789e-02 -5.516599167055523667e-01 0.000000000000000000e+00
-7.410433496233018169e-02 -5.632743181859682924e-01 0.000000000000000000e+00
-7.384690159768100837e-02 -5.751895446135167900e-01 0.000000000000000000e+00
-7.388159737402170968e-02 -5.874810512269671436e-01 0.000000000000000000e+00
-7.419700593842043501e-02 -6.001814663780314918e-01 0.000000000000000000e+00
-7.478270888931588811e-02 -6.132771125900077225e-01 0.000000000000000000e+00
-7.563048977148456586e-02 -6.267109881334006483e-01 0.000000000000000000e+00
-7.673599609313659642e-02 -6.403915332023095708e-01 0.000000000000000000e+00
-7.810044298909382676e-02 -6.542056802617607358e-01 0.000000000000000000e+00
-7.973192917964683213e-02 -6.680341076919602550e-01 0.000000000000000000e+00
-8.164600928570762972e-02 -6.817663631347040676e-01 0.000000000000000000e+00
-8.386531025990466570e-02 -6.953136291661445867e-01 0.000000000000000000e+00
-8.641816476415993542e-02 -7.086173437954401688e-01 0.000000000000000000e+00
-8.933642460694829479e-02 -7.216525851055566321e-01 0.000000000000000000e+00
-9.265277625813331253e-02 -7.344259681985864097e-01 0.000000000000000000e+00
-9.639797776515721117e-02 -7.469686494803692289e-01 0.000000000000000000e+00
-1.005984537937390094e-01 -7.593257568770523935e-01 0.000000000000000000e+00
-1.052746199060719950e-01 -7.715440569391432968e-01 0.000000000000000000e+00
-1.104401711308131834e-01 -7.836598630095064077e-01 0.000000000000000000e+00
-1.161023891646189021e-01 -7.956890642621411436e-01 0.000000000000000000e+00
-1.222633313422830381e-01 -8.076207457886320773e-01 0.000000000000000000e+00
-1.289215989883309432e-01 -8.194152511510185422e-01 0.000000000000000000e+00
-1.360742743631022378e-01 -8.310068170302290502e-01 0.000000000000000000e+00
-1.437185850336344384e-01 -8.423102026348197047e-01 0.000000000000000000e+00
-1.518529085906458465e-01 -8.532301545822755795e-01 0.000000000000000000e+00
-1.604768599875786850e-01 -8.636721761299840372e-01 0.000000000000000000e+00
-1.695903851575657206e-01 -8.735529553426678584e-01 0.000000000000000000e+00
-1.791919849051420155e-01 -8.828089538977746953e-01 0.000000000000000000e+00
-1.892763754794996311e-01 -8.914020285602071159e-01 0.000000000000000000e+00
-1.998320226974112102e-01 -8.993214790177203044e-01 0.000000000000000000e+00
-2.108390400453549196e-01 -9.065824966758224690e-01 0.000000000000000000e+00
-2.222679065312310742e-01 -9.132215330382483787e-01 0.000000000000000000e+00
-2.340793416024185558e-01 -9.192895292513370009e-01 0.000000000000000000e+00
-2.462254916635315261e-01 -9.248441911401985571e-01 0.000000000000000000e+00
-2.586523667178571295e-01 -9.299425307766386872e-01 0.000000000000000000e+00
-2.713032536874853129e-01 -9.346347359398501364e-01 0.000000000000000000e+00
-2.841226618979008078e-01 -9.389601139959460330e-01 0.000000000000000000e+00
-2.970602560060006669e-01 -9.429454505802585818e-01 0.000000000000000000e+00
-3.100742201148853905e-01 -9.466057002422019195e-01 0.000000000000000000e+00
-3.231335765091203904e-01 -9.499465572912234590e-01 0.000000000000000000e+00
-3.362191402533165063e-01 -9.529681971396212203e-01 0.000000000000000000e+00
-3.493230003926633964e-01 -9.556693648819921671e-01 0.000000000000000000e+00
-3.624466445671346571e-01 -9.580510248481158841e-01 0.000000000000000000e+00
-3.755980488353398705e-01 -9.601189523477466903e-01 0.000000000000000000e+00
-3.887882046798468716e-01 -9.618849059774519095e-01 0.000000000000000000e+00
-4.020276265025518048e-01 -9.633663128311183987e-01 0.000000000000000000e+00
-4.153233650604495897e-01 -9.645846750429432070e-01 0.000000000000000000e+00
-4.286769501154736317e-01 -9.655631174869799827e-01 0.000000000000000000e+00
-4.420835180804026932e-01 -9.663236118655875728e-01 0.000000000000000000e+00
-4.555321772356402121e-01 -9.668844203300424045e-01 0.000000000000000000e+00
-4.690074590681401756e-01 -9.672582108654614874e-01 0.000000000000000000e+00
-4.824915335392813698e-01 -9.674511325392970429e-01 0.000000000000000000e+00
-4.959667560863361691e-01 -9.674629378218730924e-01 0.000000000000000000e+00
-5.094180811918836982e-01 -9.672880413194292482e-01 0.000000000000000000e+00
-5.228349240425526068e-01 -9.669172449768669297e-01 0.000000000000000000e+00
-5.362121670520555439e-01 -9.663397643170862361e-01 0.000000000000000000e+00
-5.495501693711650759e-01 -9.655451697374407560e-01 0.000000000000000000e+00
-5.628538153468096716e-01 -9.645249076033843849e-01 0.000000000000000000e+00
-5.761308008642259670e-01 -9.632731714312149363e-01 0.000000000000000000e+00
-5.893894770131486993e-01 -9.617870289428337438e-01 0.000000000000000000e+00
-6.026366294202699647e-01 -9.600658483726727255e-01 0.000000000000000000e+00
-6.158755612649563504e-01 -9.581101819171132794e-01 0.000000000000000000e+00
-6.291047732865472364e-01 -9.559203376383598183e-01 0.000000000000000000e+00
-6.423174110250801094e-01 -9.534948953761593904e-01 0.000000000000000000e+00
-6.555015021083858695e-01 -9.508293995993307712e-01 0.000000000000000000e+00
-6.686408620543140557e-01 -9.479154037384773801e-01 0.000000000000000000e+00
-6.817164317125176121e-01 -9.447399629957933254e-01 0.000000000000000000e+00
-6.947077429554207040e-01 -9.412855939875899303e-01 0.000000000000000000e+00
-7.075942019573938646e-01 -9.375306553670219589e-01 0.000000000000000000e+00
-7.203559308194803501e-01 -9.334500637420276581e-01 0.000000000000000000e+00
-7.329740073187170912e-01 -9.290162465677024306e-01 0.000000000000000000e+00
-7.454300698626875610e-01 -9.242002441464584050e-01 0.000000000000000000e+00
-7.577053864301354080e-01 -9.189728971444371952e-01 0.000000000000000000e+00
-7.697795983092914351e-01 -9.133060825365585389e-01 0.000000000000000000e+00
-7.816294218198723831e-01 -9.071739789128756559e-01 0.000000000000000000e+00
-7.932276114289823488e-01 -9.005543445913075651e-01 0.000000000000000000e+00
-8.045424527315439001e-01 -8.934297774221240385e-01 0.000000000000000000e+00
-8.155379703861880269e-01 -8.857888977815099318e-01 0.000000000000000000e+00
-8.261749192848989454e-01 -8.776273649569866775e-01 0.000000000000000000e+00
-8.364124974295547021e-01 -8.689486132023160891e-01 0.000000000000000000e+00
-8.462105983691383670e-01 -8.597641878509292290e-01 0.000000000000000000e+00
-8.555323296707366687e-01 -8.500935811803307374e-01 0.000000000000000000e+00
-8.643464763313036814e-01 -8.399635137047846145e-01 0.000000000000000000e+00
-8.726295911055068633e-01 -8.294066741812414767e-01 0.000000000000000000e+00
-8.803674456352813538e-01 -8.184600098723012751e-01 0.000000000000000000e+00
-8.875556672646374157e-01 -8.071627326933594748e-01 0.000000000000000000e+00
-8.941995007684019336e-01 -7.955542611660566532e-01 0.000000000000000000e+00
-9.003127530865677741e-01 -7.836723396374825068e-01 0.000000000000000000e+00
-9.059160838925843784e-01 -7.715515577238709621e-01 0.000000000000000000e+00
-9.110348800456041785e-01 -7.592224347816689534e-01 0.000000000000000000e+00
-9.156969879026886083e-01 -7.467111448729631951e-01 0.000000000000000000e+00
-9.199305711984778755e-01 -7.340398524682152370e-01 0.000000000000000000e+00
-9.237623177630874816e-01 -7.212275273465447167e-01 0.000000000000000000e+00
-9.272161455770785432e-01 -7.082910284213542740e-01 0.000000000000000000e+00
-9.303124711816330716e-01 -6.952462064378890361e-01 0.000000000000000000e+00
-9.330680161856813593e-01 -6.821087834568979602e-01 0.000000000000000000e+00
-9.354960541999736146e-01 -6.688948223711322916e-01 0.000000000000000000e+00
-9.376069512476783441e-01 -6.556206925498208049e-01 0.000000000000000000e+00
-9.394088330146996846e-01 -6.423025503877867193e-01 0.000000000000000000e+00
-9.409082223689403390e-01 -6.289554638151945154e-01 0.000000000000000000e+00
-9.421105256699110475e-01 -6.155923952320845327e-01 0.000000000000000000e+00
-9.430202980884542230e-01 -6.022232996821594853e-01 0.000000000000000000e+00
-9.436412760433714464e-01 -5.888545842763831528e-01 0.000000000000000000e+00
-9.439762183957214337e-01 -5.754891112234091777e-01 0.000000000000000000e+00
-9.440266382820450275e-01 -5.621268213297396787e-01 0.000000000000000000e+00
-9.437925283851140712e-01 -5.487659273847893537e-01 0.000000000000000000e+00
-9.432721816404915360e-01 -5.354045025527583990e-01 0.000000000000000000e+00
-9.424621881849644112e-01 -5.220421932684631283e-01 0.000000000000000000e+00
-9.413576523180493538e-01 -5.086817400443514048e-01 0.000000000000000000e+00
-9.399526272077366462e-01 -4.953300049578581721e-01 0.000000000000000000e+00
-9.382407179716137913e-01 -4.819982816877222964e-01 0.000000000000000000e+00
-9.362157634342438417e-01 -4.687017909676831073e-01 0.000000000000000000e+00
-9.338724799265313292e-01 -4.554584191196358600e-01 0.000000000000000000e+00
-9.312069415452102206e-01 -4.422869114405852953e-01 0.000000000000000000e+00
-9.282167823883682445e-01 -4.292048560473818442e-01 0.000000000000000000e+00
-9.249010367837430246e-01 -4.162268622100341320e-01 0.000000000000000000e+00
-9.212595802271447143e-01 -4.033633344913160057e-01 0.000000000000000000e+00
-9.172921912723538407e-01 -3.906201670485995314e-01 0.000000000000000000e+00
-9.129973159882371903e-01 -3.779995417006993819e-01 0.000000000000000000e+00
-9.083706739653348849e-01 -3.655018312536175706e-01 0.000000000000000000e+00
-9.034038902709098373e-01 -3.531284166765887300e-01 0.000000000000000000e+00
-8.980833640461942657e-01 -3.408850562923281813e-01 0.000000000000000000e+00
-8.923895860683037640e-01 -3.287853271813709344e-01 0.000000000000000000e+00
-8.862970914492313002e-01 -3.168536147723678420e-01 0.000000000000000000e+00
-8.797751796950651348e-01 -3.051271647886516503e-01 0.000000000000000000e+00
-8.727894560873972196e-01 -2.936568268847756791e-01 0.000000000000000000e+00
-8.653041528284121098e-01 -2.825062928389729389e-01 0.000000000000000000e+00
-8.572850858349246872e-01 -2.717498357443643431e-01 0.000000000000000000e+00
-8.487030059739352206e-01 -2.614687573543096888e-01 0.000000000000000000e+00
-8.395370253043920039e-01 -2.517469169939948737e-01 0.000000000000000000e+00
-8.297777520910404325e-01 -2.426658225215988229e-01 0.000000000000000000e+00
-8.194297628111905096e-01 -2.342997979905092898e-01 0.000000000000000000e+00
-8.085130803801127142e-01 -2.267117032205267224e-01 0.000000000000000000e+00
-7.970634147771127331e-01 -2.199495792434639774e-01 0.000000000000000000e+00
-7.851310480193648411e-01 -2.140444520618059732e-01 0.000000000000000000e+00
-7.727783965992998105e-01 -2.090093720223439588e-01 0.000000000000000000e+00
-7.600764427072794760e-01 -2.048396238635847577e-01 0.000000000000000000e+00
-7.471003697158287160e-01 -2.015139344384326847e-01 0.000000000000000000e+00
-7.339248466179129071e-01 -1.989964435715887714e-01 0.000000000000000000e+00
-7.206194629060048706e-01 -1.972391901115078672e-01 0.000000000000000000e+00
-7.072448086474583118e-01 -1.961848914775826958e-01 0.000000000000000000e+00
-6.938496217633678409e-01 -1.957698449561144638e-01 0.000000000000000000e+00
-6.804692929147978520e-01 -1.959268335171674147e-01 0.000000000000000000e+00
-6.671258443273674343e-01 -1.965879604179979201e-01 0.000000000000000000e+00
-6.538293059945753383e-01 -1.976873535757070199e-01 0.000000000000000000e+00
-6.405802286331347961e-01 -1.991636695571700755e-01 0.000000000000000000e+00
-6.273729250036609306e-01 -2.009622943957860564e-01 0.000000000000000000e+00
-6.141989427028211601e-01 -2.030370985275099238e-01 0.000000000000000000e+00
-6.010502567941422569e-01 -2.053515745125397418e-01 0.000000000000000000e+00
-5.879217330447908951e-01 -2.078791870145853815e-01 0.000000000000000000e+00
-5.748125432916491029e-01 -2.106028074953870954e-01 0.000000000000000000e+00
-5.617263935983481948e-01 -2.135131945849010615e-01 0.000000000000000000e+00
-5.486706250983979238e-01 -2.166066069348727974e-01 0.000000000000000000e+00
-5.356544345428027043e-01 -2.198817793057377956e-01 0.000000000000000000e+00
-5.226866056959510454e-01 -2.233366273973707294e-01 0.000000000000000000e+00
-5.097732194981555720e-01 -2.269651424047332833e-01 0.000000000000000000e+00
-4.969158068205463685e-01 -2.307549658923513103e-01 0.000000000000000000e+00
-4.841103226050729180e-01 -2.346860825771213410e-01 0.000000000000000000e+00
-4.713471679743778120e-01 -2.387309308459322488e-01 0.000000000000000000e+00
-4.586122931446818818e-01 -2.428560230021891975e-01 0.000000000000000000e+00
-4.458892120918275803e-01 -2.470249197825218346e-01 0.000000000000000000e+00
-4.331615855326684805e-01 -2.512021584078314440e-01 0.000000000000000000e+00
-4.204159135997581065e-01 -2.553575363385880981e-01 0.000000000000000000e+00
-4.076438457495695222e-01 -2.594700455656659965e-01 0.000000000000000000e+00
-3.948436713672412446e-01 -2.635307632722562188e-01 0.000000000000000000e+00
-3.820206929988114730e-01 -2.675441428959374202e-01 0.000000000000000000e+00
-3.691863830790174661e-01 -2.715274006159944520e-01 0.000000000000000000e+00
-3.563564508821317478e-01 -2.755080191723524585e-01 0.000000000000000000e+00
-3.435481596903431356e-01 -2.795197393215005377e-01 0.000000000000000000e+00
-3.307773960878577779e-01 -2.835977161404121261e-01 0.000000000000000000e+00
-3.180560726462144938e-01 -2.877737222736753697e-01 0.000000000000000000e+00
-3.053904241257389129e-01 -2.920723365413912531e-01 0.000000000000000000e+00
-2.927806345762319351e-01 -2.965089412780572142e-01 0.000000000000000000e+00
-2.802220248780863399e-01 -3.010900723235285792e-01 0.000000000000000000e+00
-2.677077691729335962e-01 -3.058162594509753474e-01 0.000000000000000000e+00
-2.552328365194547755e-01 -3.106870260435515285e-01 0.000000000000000000e+00
-2.427986166874097351e-01 -3.157072653036895882e-01 0.000000000000000000e+00
-2.304175277867667182e-01 -3.208938595724442622e-01 0.000000000000000000e+00
-2.181168485762083886e-01 -3.262812311484319383e-01 0.000000000000000000e+00
-2.059410832033959082e-01 -3.319245537244434607e-01 0.000000000000000000e+00
-1.939523447563161473e-01 -3.378996243484673756e-01 0.000000000000000000e+00
-1.822285114246947335e-01 -3.442988682516079368e-01 0.000000000000000000e+00
-1.708592252241279141e-01 -3.512235574215429867e-01 0.000000000000000000e+00
-1.599401192935049343e-01 -3.587729748325633738e-01 0.000000000000000000e+00
-1.495659260648635747e-01 -3.670318425828011377e-01 0.000000000000000000e+00
-1.398232927740857001e-01 -3.760577506645915169e-01 0.000000000000000000e+00
-1.307841848299494403e-01 -3.858704923668516140e-01 0.000000000000000000e+00
-1.225006825209011274e-01 -3.964450878259509481e-01 0.000000000000000000e+00
-1.150017840154407001e-01 -4.077098606219272114e-01 0.000000000000000000e+00
-1.082925478866209046e-01 -4.195502733277636231e-01 0.000000000000000000e+00
-1.023555854281108790e-01 -4.318184184202947251e-01 0.000000000000000000e+00
-9.715459720461816495e-02 -4.443472215406720216e-01 0.000000000000000000e+00
-9.263938807658014807e-02 -4.569676754072016234e-01 0.000000000000000000e+00
-8.875162901919608771e-02 -4.695269044746318565e-01 0.000000000000000000e+00
-8.543058504708234135e-02 -4.819046516710483452e-01 0.000000000000000000e+00
-8.261809960316235379e-02 -4.940259220535996865e-01 0.000000000000000000e+00
-8.026230041146568961e-02 -5.058680024841222256e-01 0.000000000000000000e+00
-7.831973714586518143e-02 -5.174608360484918013e-01 0.000000000000000000e+00
-7.554459348613709602e-02 -5.402377282864840868e-01 0.000000000000000000e+00
