1.907557136663405040e-01 0.000000000000000000e+00 3.692242193989364041e-01
2.013955677926479171e-01 0.000000000000000000e+00 3.605906335181376376e-01
2.121517906442485224e-01 0.000000000000000000e+00 3.514210252413244029e-01
2.231554409272900885e-01 0.000000000000000000e+00 3.415910303290573546e-01
2.344334617316835012e-01 0.000000000000000000e+00 3.310277499937090417e-01
2.458914798990064210e-01 0.000000000000000000e+00 3.197029352897504118e-01
2.573159069842613222e-01 0.000000000000000000e+00 3.076182803573395130e-01
2.683935341926192986e-01 0.000000000000000000e+00 2.947898365395220655e-01
2.787437739887837496e-01 0.000000000000000000e+00 2.812385159085956099e-01
2.879571424489917875e-01 0.000000000000000000e+00 2.669912909429565939e-01
2.956336523903870250e-01 0.000000000000000000e+00 2.520937308296447021e-01
3.014161963954727352e-01 0.000000000000000000e+00 2.366301665017271072e-01
3.050161190253155019e-01 0.000000000000000000e+00 2.207444152437582074e-01
3.062302837956428214e-01 0.000000000000000000e+00 2.046527260935254722e-01
3.049504350711561007e-01 0.000000000000000000e+00 1.886419303146593118e-01
3.011662390364819308e-01 0.000000000000000000e+00 1.730494296246148089e-01
2.949631249656233245e-01 0.000000000000000000e+00 1.582266539065285416e-01
2.865153057396426783e-01 0.000000000000000000e+00 1.444925588527982696e-01
2.760736507126315131e-01 0.000000000000000000e+00 1.320871694126332929e-01
2.639478802542510882e-01 0.000000000000000000e+00 1.211360521062046641e-01
2.504830911738956667e-01 0.000000000000000000e+00 1.116345645213595444e-01
2.360318308041293445e-01 0.000000000000000000e+00 1.034562454033516737e-01
2.209244422374062045e-01 0.000000000000000000e+00 9.638393173323756002e-02
2.054416574759724001e-01 0.000000000000000000e+00 9.015665500944428090e-02
1.897938858688877073e-01 0.000000000000000000e+00 8.452156122529962123e-02
1.741110021201004165e-01 0.000000000000000000e+00 7.927903572189021197e-02
1.584446838698426174e-01 0.000000000000000000e+00 7.431116523841228838e-02
1.427828437226079383e-01 0.000000000000000000e+00 6.958808677291214440e-02
1.270730729471106490e-01 0.000000000000000000e+00 6.515244920328971956e-02
1.112499807935174861e-01 0.000000000000000000e+00 6.108762489017419833e-02
9.526046516729988478e-02 0.000000000000000000e+00 5.747903831031243166e-02
7.908156796512687270e-02 0.000000000000000000e+00 5.437910480385246825e-02
6.272752711250627333e-02 0.000000000000000000e+00 5.178460607257286824e-02
4.624543165633840380e-02 0.000000000000000000e+00 4.963144388956146347e-02
2.970176823064817062e-02 0.000000000000000000e+00 4.780676111618936686e-02
1.316433929002789813e-02 0.000000000000000000e+00 4.617378915072253148e-02
-3.315047749044448648e-03 0.000000000000000000e+00 4.460170703166944223e-02
-1.971229732913551413e-02 0.000000000000000000e+00 4.299202251123564883e-02
-3.603419363568498984e-02 0.000000000000000000e+00 4.129457857164317569e-02
-5.231266099070595865e-02 0.000000000000000000e+00 3.950965991875932809e-02
-6.859232476339235940e-02 0.000000000000000000e+00 3.767677346747895506e-02
-8.491538859661604266e-02 0.000000000000000000e+00 3.585431596617191102e-02
-1.013084038355636790e-01 0.000000000000000000e+00 3.409653581389996552e-02
-1.177747075761940709e-01 0.000000000000000000e+00 3.243443062608918070e-02
-1.342944352559610754e-01 0.000000000000000000e+00 3.086557131226250542e-02
-1.508316655298412856e-01 0.000000000000000000e+00 2.935491193417615052e-02
-1.673461436118932333e-01 0.000000000000000000e+00 2.784536041295776823e-02
-1.838057740242428628e-01 0.000000000000000000e+00 2.627421168390711367e-02
-2.001960178275943025e-01 0.000000000000000000e+00 2.459020065071985950e-02
-2.165234446573205407e-01 0.000000000000000000e+00 2.276619957025527441e-02
-2.328125960860276122e-01 0.000000000000000000e+00 2.080425807435151708e-02
-2.490974069079028574e-01 0.000000000000000000e+00 1.873216621986070751e-02
-2.654100613798485719e-01 0.000000000000000000e+00 1.659322573965877137e-02
-2.817708489401657412e-01 0.000000000000000000e+00 1.443271318914558093e-02
-2.981821482141536195e-01 0.000000000000000000e+00 1.228515005577172393e-02
-3.146282788366124850e-01 0.000000000000000000e+00 1.016588143686263448e-02
-3.310810758551241961e-01 0.000000000000000000e+00 8.068903601445107793e-03
-3.475092593449690681e-01 0.000000000000000000e+00 5.970922380035936783e-03
-3.638885425803322637e-01 0.000000000000000000e+00 3.839884943065996394e-03
-3.802092791529554372e-01 0.000000000000000000e+00 1.645195506881833719e-03
-3.964793114855854061e-01 0.000000000000000000e+00 -6.332759850266000924e-04
-4.127212556014785427e-01 0.000000000000000000e+00 -2.999539362832735062e-03
-4.289652303854867843e-01 0.000000000000000000e+00 -5.440078074460324292e-03
-4.452394530202278822e-01 0.000000000000000000e+00 -7.926277903284742812e-03
-4.615617394831381670e-01 0.000000000000000000e+00 -1.041932901344512843e-02
-4.779345921149497634e-01 0.000000000000000000e+00 -1.287589349602008375e-02
-4.943453568254124741e-01 0.000000000000000000e+00 -1.525309359890933067e-02
-5.107712846684032693e-01 0.000000000000000000e+00 -1.751204307873386809e-02
-5.271877650728711284e-01 0.000000000000000000e+00 -1.961989208284087641e-02
-5.435770060675357840e-01 0.000000000000000000e+00 -2.155087171211491140e-02
-5.599343265309880691e-01 0.000000000000000000e+00 -2.328692257509342237e-02
-5.762700200784539595e-01 0.000000000000000000e+00 -2.481817833780347593e-02
-5.926061860495104305e-01 0.000000000000000000e+00 -2.614303776185668282e-02
-6.089695359365316918e-01 0.000000000000000000e+00 -2.726708643835291240e-02
-6.253824570271805383e-01 0.000000000000000000e+00 -2.819999618029683797e-02
-6.418551438934786413e-01 0.000000000000000000e+00 -2.894988080550543741e-02
-6.583812261751047501e-01 0.000000000000000000e+00 -2.951537107546524721e-02
-6.749381516302581652e-01 0.000000000000000000e+00 -2.987664739055198235e-02
-6.914920008554973352e-01 0.000000000000000000e+00 -2.998748155242573349e-02
-7.080049209074894545e-01 0.000000000000000000e+00 -2.977064430068324455e-02
-7.244424489209029261e-01 0.000000000000000000e+00 -2.911862854478169255e-02
-7.407779559818695736e-01 0.000000000000000000e+00 -2.790054118587164539e-02
-7.569923058292610252e-01 0.000000000000000000e+00 -2.597449148486244766e-02
-7.730683393449971907e-01 0.000000000000000000e+00 -2.320328488827012522e-02
-7.889815052127965300e-01 0.000000000000000000e+00 -1.947019126212254023e-02
-8.046893347706783883e-01 0.000000000000000000e+00 -1.469135442166816588e-02
-8.201230745015850587e-01 0.000000000000000000e+00 -8.822165186704573545e-03
-8.351844375836664502e-01 0.000000000000000000e+00 -1.856459922613993424e-03
-8.497491985268059711e-01 0.000000000000000000e+00 6.180695567129426693e-03
-8.636775765491798706e-01 0.000000000000000000e+00 1.524417723912325356e-02
-8.768295373209218369e-01 0.000000000000000000e+00 2.528048445431192379e-02
-8.890818017049447741e-01 0.000000000000000000e+00 3.623652916680796671e-02
-9.003428561513786565e-01 0.000000000000000000e+00 4.806320120319625827e-02
-9.105627381756570271e-01 0.000000000000000000e+00 6.071316231300748906e-02
-9.197356707433393952e-01 0.000000000000000000e+00 7.413427201384877041e-02
-9.278953649920891333e-01 0.000000000000000000e+00 8.826155445985442438e-02
-9.351045157775058625e-01 0.000000000000000000e+00 1.030111936769826375e-01
-9.414412275022148169e-01 0.000000000000000000e+00 1.182794922363549217e-01
-9.469855387457489782e-01 0.000000000000000000e+00 1.339481953939480330e-01
-9.518088092320274862e-01 0.000000000000000000e+00 1.498955314704273345e-01
-9.559676740871194678e-01 0.000000000000000000e+00 1.660103868976074148e-01
-9.595029082042433322e-01 0.000000000000000000e+00 1.822058362605823711e-01
-9.624422812523718562e-01 0.000000000000000000e+00 1.984281837037614460e-01
-9.648056558149287198e-01 0.000000000000000000e+00 2.146587966263078240e-01
-9.666103599897560850e-01 0.000000000000000000e+00 2.309080102211765184e-01
-9.678752261385529243e-01 0.000000000000000000e+00 2.472026578507944272e-01
-9.686224335157740395e-01 0.000000000000000000e+00 2.635706443119888442e-01
-9.688771365014482440e-01 0.000000000000000000e+00 2.800268485573060295e-01
-9.686655234587944197e-01 0.000000000000000000e+00 2.965642379049234223e-01
-9.680122535644141157e-01 0.000000000000000000e+00 3.131525043792742768e-01
-9.669381275749073801e-01 0.000000000000000000e+00 3.297442638236225965e-01
-9.654584734760246478e-01 0.000000000000000000e+00 3.462865787046285893e-01
-9.635822685769025453e-01 0.000000000000000000e+00 3.627339747471096110e-01
-9.613116830325321160e-01 0.000000000000000000e+00 3.790587116322537975e-01
-9.586416519640428291e-01 0.000000000000000000e+00 3.952549695000202590e-01
-9.555592801560958138e-01 0.000000000000000000e+00 4.113355511171141732e-01
-9.520432484824317143e-01 0.000000000000000000e+00 4.273220759155703097e-01
-9.480637409967895834e-01 0.000000000000000000e+00 4.432317179846978483e-01
-9.435835592321041299e-01 0.000000000000000000e+00 4.590646652859555754e-01
-9.385609226269244765e-01 0.000000000000000000e+00 4.747962934748100050e-01
-9.329539825386865548e-01 0.000000000000000000e+00 4.903766025531992034e-01
-9.267264429946024951e-01 0.000000000000000000e+00 5.057372008850312683e-01
-9.198531108384281341e-01 0.000000000000000000e+00 5.208037420551244745e-01
-9.123239245999685831e-01 0.000000000000000000e+00 5.355099721700457005e-01
-9.041451881457218676e-01 0.000000000000000000e+00 5.498089856381289664e-01
-8.953373701052469436e-01 0.000000000000000000e+00 5.636781079626470570e-01
-8.859297693255304695e-01 0.000000000000000000e+00 5.771157870274551405e-01
-8.759533130060153105e-01 0.000000000000000000e+00 5.901313819548219541e-01
-8.654334319191078206e-01 0.000000000000000000e+00 6.027310149080498114e-01
-8.543850961057627424e-01 0.000000000000000000e+00 6.149039814087855493e-01
-8.428115996964377077e-01 0.000000000000000000e+00 6.266141680689359950e-01
-8.307076587990288585e-01 0.000000000000000000e+00 6.377994933577524339e-01
-8.180661144958421005e-01 0.000000000000000000e+00 6.483799863561551247e-01
-8.048863957242174960e-01 0.000000000000000000e+00 6.582724738703822354e-01
-7.911822578598028954e-01 0.000000000000000000e+00 6.674077656947879911e-01
-7.769863997786286003e-01 0.000000000000000000e+00 6.757453558459596277e-01
-7.623503862922024199e-01 0.000000000000000000e+00 6.832812762171598386e-01
-7.473396442767220593e-01 0.000000000000000000e+00 6.900466784586271052e-01
-7.320247671846170645e-01 0.000000000000000000e+00 6.960974072489483078e-01
-7.164715053771487652e-01 0.000000000000000000e+00 7.014974605948901543e-01
-7.007322733369290013e-01 0.000000000000000000e+00 7.063010210593309024e-01
-6.848416053926530411e-01 0.000000000000000000e+00 7.105381501668236455e-01
-6.688168360511642652e-01 0.000000000000000000e+00 7.142081472580017465e-01
-6.526637060389461897e-01 0.000000000000000000e+00 7.172823159910578505e-01
-6.363850793609820977e-01 0.000000000000000000e+00 7.197151377763003621e-01
-6.199899747744589407e-01 0.000000000000000000e+00 7.214604431848610222e-01
-6.034999881814215872e-01 0.000000000000000000e+00 7.224878111395858227e-01
-5.869509722202833624e-01 0.000000000000000000e+00 7.227944977522270387e-01
-5.703893206141411598e-01 0.000000000000000000e+00 7.224096497129224304e-01
-5.538639280192013681e-01 0.000000000000000000e+00 7.213899223917570325e-01
-5.374163223723213978e-01 0.000000000000000000e+00 7.198081648314269554e-01
-5.210721354742784417e-01 0.000000000000000000e+00 7.177387804869534982e-01
-5.048367542840724864e-01 0.000000000000000000e+00 7.152441532899187493e-01
-4.886967526987380794e-01 0.000000000000000000e+00 7.123659464749110271e-01
-4.726269074837130546e-01 0.000000000000000000e+00 7.091233667195959711e-01
-4.566008053648000775e-01 0.000000000000000000e+00 7.055182147127895265e-01
-4.406018219081389020e-01 0.000000000000000000e+00 7.015444492463096537e-01
-4.246310056953420675e-01 0.000000000000000000e+00 6.971987318744571338e-01
-4.087092462809239213e-01 0.000000000000000000e+00 6.924883650182975803e-01
-3.928728129383987633e-01 0.000000000000000000e+00 6.874341617312380581e-01
-3.771634141518941941e-01 0.000000000000000000e+00 6.820676808739224439e-01
-3.616157066049734969e-01 0.000000000000000000e+00 6.764242735289144326e-01
-3.462461056355334299e-01 0.000000000000000000e+00 6.705348338082811610e-01
-3.310464944432594536e-01 0.000000000000000000e+00 6.644195453107802907e-01
-3.159850332659410732e-01 0.000000000000000000e+00 6.580861353731759511e-01
-3.010141285161551106e-01 0.000000000000000000e+00 6.515334640691934354e-01
-2.860833797478611884e-01 0.000000000000000000e+00 6.447592651774202155e-01
-2.711536785936536909e-01 0.000000000000000000e+00 6.377692218857606843e-01
-2.562081261097782781e-01 0.000000000000000000e+00 6.305838852672644990e-01
-2.412562656176990283e-01 0.000000000000000000e+00 6.232404985005552955e-01
-2.263300889987825693e-01 0.000000000000000000e+00 6.157884312468624444e-01
-2.114727967652972884e-01 0.000000000000000000e+00 6.082791364540789392e-01
-1.967236104061710067e-01 0.000000000000000000e+00 6.007535813443746209e-01
-1.821033172687130941e-01 0.000000000000000000e+00 5.932312641409908105e-01
-1.676052031322484426e-01 0.000000000000000000e+00 5.857047586934686079e-01
-1.531945426342204153e-01 0.000000000000000000e+00 5.781422035096398515e-01
-1.388172699163141843e-01 0.000000000000000000e+00 5.704976933327222666e-01
-1.244155839712783318e-01 0.000000000000000000e+00 5.627268964701340748e-01
-1.099459291666827626e-01 0.000000000000000000e+00 5.548032672871838766e-01
-9.539377410891859699e-02 0.000000000000000000e+00 5.467296360389712895e-01
-8.078027077415075863e-02 0.000000000000000000e+00 5.385410203977175625e-01
-6.615809607280670468e-02 0.000000000000000000e+00 5.302969835526594178e-01
-5.159696517274284244e-02 0.000000000000000000e+00 5.220650650579699015e-01
-3.716254462843714829e-02 0.000000000000000000e+00 5.138997661540033457e-01
-2.289480872436364112e-02 0.000000000000000000e+00 5.058233366136383191e-01
-8.792528388112508253e-03 0.000000000000000000e+00 4.978145596076486989e-01
5.190727966265100933e-03 0.000000000000000000e+00 4.898097677748298184e-01
1.913669243810581233e-02 0.000000000000000000e+00 4.817169342200902649e-01
3.314009635952153837e-02 0.000000000000000000e+00 4.734398134265352942e-01
4.727918891969764420e-02 0.000000000000000000e+00 4.649058969612262504e-01
6.158676767675246022e-02 0.000000000000000000e+00 4.560903887314876060e-01
7.602988113342540322e-02 0.000000000000000000e+00 4.470290343447806958e-01
9.050460276043004182e-02 0.000000000000000000e+00 4.378153690884413196e-01
1.048486748238986327e-01 0.000000000000000000e+00 4.285820658449513432e-01
1.188702863963951029e-01 0.000000000000000000e+00 4.194704246294383987e-01
1.323869670839335211e-01 0.000000000000000000e+00 4.105954036802818008e-01
1.452656855149815907e-01 0.000000000000000000e+00 4.020149659283090982e-01
1.574545226870749104e-01 0.000000000000000000e+00 3.937114806926182986e-01
1.689979586382663879e-01 0.000000000000000000e+00 3.855897483597677811e-01
1.907557136663405040e-01 0.000000000000000000e+00 3.692242193989364041e-01
