-2.673409781808064323e-01 -5.828095745544732420e-01 0.000000000000000000e+00
-2.660912078697182381e-01 -5.889393333833677913e-01 0.000000000000000000e+00
-2.651050860411340859e-01 -5.951299377699355020e-01 0.000000000000000000e+00
-2.643833997164216632e-01 -6.013793120622762389e-01 0.000000000000000000e+00
-2.639266219638231603e-01 -6.076845799894128319e-01 0.000000000000000000e+00
-2.637349994567682598e-01 -6.140418296245867547e-01 0.000000000000000000e+00
-2.638086274217193439e-01 -6.204459044969952153e-01 0.000000000000000000e+00
-2.641475076863403215e-01 -6.268902315748853260e-01 0.000000000000000000e+00
-2.647515864008611608e-01 -6.333666955134746868e-01 0.000000000000000000e+00
-2.656207690433403101e-01 -6.398655667862442886e-01 0.000000000000000000e+00
-2.667549114848263847e-01 -6.463754891718690443e-01 0.000000000000000000e+00
-2.681537871283552477e-01 -6.528835296432763391e-01 0.000000000000000000e+00
-2.698170313875682402e-01 -6.593752911056273147e-01 0.000000000000000000e+00
-2.717440659765812394e-01 -6.658350857708292825e-01 0.000000000000000000e+00
-2.739340065844346750e-01 -6.722461643556785216e-01 0.000000000000000000e+00
-2.763855584513056352e-01 -6.785909938653208462e-01 0.000000000000000000e+00
-2.790969051031237935e-01 -6.848515745827248313e-01 0.000000000000000000e+00
-2.820655959990593931e-01 -6.910097851254995982e-01 0.000000000000000000e+00
-2.852884390765356160e-01 -6.970477431341433050e-01 0.000000000000000000e+00
-2.887614041273897647e-01 -7.029481683807520254e-01 0.000000000000000000e+00
-2.924795426062289927e-01 -7.086947348711382100e-01 0.000000000000000000e+00
-2.964369288708165739e-01 -7.142723988679305913e-01 0.000000000000000000e+00
-3.006266270101279336e-01 -7.196676906736259038e-01 0.000000000000000000e+00
-3.050406863657774692e-01 -7.248689594417302429e-01 0.000000000000000000e+00
-3.096701676439117534e-01 -7.298665621686766247e-01 0.000000000000000000e+00
-3.145052002021593851e-01 -7.346529902762571895e-01 0.000000000000000000e+00
-3.195350697397296713e-01 -7.392229297241929009e-01 0.000000000000000000e+00
-3.247483342804353690e-01 -7.435732532833180253e-01 0.000000000000000000e+00
-3.301329650799067483e-01 -7.477029463327551362e-01 0.000000000000000000e+00
-3.356765079676204411e-01 -7.516129701988116807e-01 0.000000000000000000e+00
-3.413662597034559099e-01 -7.553060695124683699e-01 0.000000000000000000e+00
-3.471894532304337644e-01 -7.587865322188283024e-01 0.000000000000000000e+00
-3.531334452725060635e-01 -7.620599126324374417e-01 0.000000000000000000e+00
-3.591858995788898556e-01 -7.651327292221121734e-01 0.000000000000000000e+00
-3.653349592613983066e-01 -7.680121495746645710e-01 0.000000000000000000e+00
-3.715694021018750570e-01 -7.707056751997811705e-01 0.000000000000000000e+00
-3.778787734033556278e-01 -7.732208384946738233e-01 0.000000000000000000e+00
-3.842534918887884898e-01 -7.755649233088987016e-01 0.000000000000000000e+00
-3.906849252721723009e-01 -7.777447191830859641e-01 0.000000000000000000e+00
-3.971654333871357245e-01 -7.797663175485162190e-01 0.000000000000000000e+00
-4.036883780994279802e-01 -7.816349560545317043e-01 0.000000000000000000e+00
-4.102481005910137979e-01 -7.833549148393001982e-01 0.000000000000000000e+00
-4.168398679224170622e-01 -7.849294660879611030e-01 0.000000000000000000e+00
-4.234597919968514645e-01 -7.863608757465789800e-01 0.000000000000000000e+00
-4.301047251098479851e-01 -7.876504538957737056e-01 0.000000000000000000e+00
-4.367721371245802953e-01 -7.887986481430846464e-01 0.000000000000000000e+00
-4.434599799288209132e-01 -7.898051725655261812e-01 0.000000000000000000e+00
-4.501665451789461092e-01 -7.906691633048789081e-01 0.000000000000000000e+00
-4.568903214069484076e-01 -7.913893509499655421e-01 0.000000000000000000e+00
-4.636298563586059851e-01 -7.919642393719462659e-01 0.000000000000000000e+00
-4.703836299586161007e-01 -7.923922807258455547e-01 0.000000000000000000e+00
-4.771499425879309753e-01 -7.926720368847236520e-01 0.000000000000000000e+00
-4.839268224472129121e-01 -7.928023185985683119e-01 0.000000000000000000e+00
-4.907119547150123329e-01 -7.927822951122361905e-01 0.000000000000000000e+00
-4.975026340437432304e-01 -7.926115687601317239e-01 0.000000000000000000e+00
-5.042957407289141436e-01 -7.922902110884417759e-01 0.000000000000000000e+00
-5.110877396970151532e-01 -7.918187592359406946e-01 0.000000000000000000e+00
-5.178747003432399021e-01 -7.911981735225294132e-01 0.000000000000000000e+00
-5.246523342658738764e-01 -7.904297593405321676e-01 0.000000000000000000e+00
-5.314160471369316907e-01 -7.895150584113154180e-01 0.000000000000000000e+00
-5.381610003565504563e-01 -7.884557161622335331e-01 0.000000000000000000e+00
-5.448821777888946949e-01 -7.872533333134249522e-01 0.000000000000000000e+00
-5.515744527847686873e-01 -7.859093106755468128e-01 0.000000000000000000e+00
-5.582326508626974659e-01 -7.844246966041313884e-01 0.000000000000000000e+00
-5.648516038348581070e-01 -7.828000465127838980e-01 0.000000000000000000e+00
-5.714261918033889387e-01 -7.810353033188417449e-01 0.000000000000000000e+00
-5.779513702815127774e-01 -7.791297067080081851e-01 0.000000000000000000e+00
-5.844221806682994291e-01 -7.770817377079511923e-01 0.000000000000000000e+00
-5.908337433741662759e-01 -7.748891033239377890e-01 0.000000000000000000e+00
-5.971812340000328678e-01 -7.725487639979603527e-01 0.000000000000000000e+00
-6.034598440581289136e-01 -7.700570045046214451e-01 0.000000000000000000e+00
-6.096647287294806317e-01 -7.674095466980518365e-01 0.000000000000000000e+00
-6.157909450285591335e-01 -7.646017003827856318e-01 0.000000000000000000e+00
-6.218333844424770440e-01 -7.616285466034047325e-01 0.000000000000000000e+00
-6.277867045923060108e-01 -7.584851459308816768e-01 0.000000000000000000e+00
-6.336452647002430716e-01 -7.551667629532230475e-01 0.000000000000000000e+00
-6.394030696233541367e-01 -7.516690972229865819e-01 0.000000000000000000e+00
-6.450537269303799892e-01 -7.479885104233375825e-01 0.000000000000000000e+00
-6.505904209637810576e-01 -7.441222395138931134e-01 0.000000000000000000e+00
-6.560059070686697913e-01 -7.400685861105726904e-01 0.000000000000000000e+00
-6.612925282191518539e-01 -7.358270733190445112e-01 0.000000000000000000e+00
-6.664422551763765634e-01 -7.313985626353874947e-01 0.000000000000000000e+00
-6.714467501246891290e-01 -7.267853252858533786e-01 0.000000000000000000e+00
-6.762974525113140123e-01 -7.219910644179476922e-01 0.000000000000000000e+00
-6.809856846220239124e-01 -7.170208867816515452e-01 0.000000000000000000e+00
-6.855027733207877949e-01 -7.118812248474017945e-01 0.000000000000000000e+00
-6.898401834224133777e-01 -7.065797125872538276e-01 0.000000000000000000e+00
-6.939896574043588062e-01 -7.011250202892793659e-01 0.000000000000000000e+00
-6.979433556389426085e-01 -6.955266556807070399e-01 0.000000000000000000e+00
-7.016939910709318884e-01 -6.897947402116314519e-01 0.000000000000000000e+00
-7.052349522960941197e-01 -6.839397705227048263e-01 0.000000000000000000e+00
-7.085604093183262009e-01 -6.779723758304626591e-01 0.000000000000000000e+00
-7.116653968670323405e-01 -6.719030821778301243e-01 0.000000000000000000e+00
-7.145458710193713925e-01 -6.657420942032891142e-01 0.000000000000000000e+00
-7.171987359580752619e-01 -6.594991042923740165e-01 0.000000000000000000e+00
-7.196218389577364594e-01 -6.531831377251424708e-01 0.000000000000000000e+00
-7.218139330748173377e-01 -6.468024407802156484e-01 0.000000000000000000e+00
-7.237746084566636373e-01 -6.403644167759595662e-01 0.000000000000000000e+00
-7.255041946164612066e-01 -6.338756128138206547e-01 0.000000000000000000e+00
-7.270036373777913896e-01 -6.273417576401469908e-01 0.000000000000000000e+00
-7.282743554102950601e-01 -6.207678486696539544e-01 0.000000000000000000e+00
-7.293180822986126133e-01 -6.141582839257203608e-01 0.000000000000000000e+00
-7.301367008603670827e-01 -6.075170325555734330e-01 0.000000000000000000e+00
-7.307320769163638818e-01 -6.008478357687593308e-01 0.000000000000000000e+00
-7.311058998911041940e-01 -5.941544286082084403e-01 0.000000000000000000e+00
-7.312595374717411056e-01 -5.874407719604421985e-01 0.000000000000000000e+00
-7.311939110811950249e-01 -5.807112836903549624e-01 0.000000000000000000e+00
-7.309093981433681941e-01 -5.739710577694739913e-01 0.000000000000000000e+00
-7.304057660663704210e-01 -5.672260607540879906e-01 0.000000000000000000e+00
-7.296821415871838079e-01 -5.604832959373340362e-01 0.000000000000000000e+00
-7.287370176627867568e-01 -5.537509269012875768e-01 0.000000000000000000e+00
-7.275682985212456044e-01 -5.470383539655844229e-01 0.000000000000000000e+00
-7.261733818699561693e-01 -5.403562390856683217e-01 0.000000000000000000e+00
-7.245492756677515134e-01 -5.337164770013305137e-01 0.000000000000000000e+00
-7.226927453728128059e-01 -5.271321127714493349e-01 0.000000000000000000e+00
-7.206004862450572368e-01 -5.206172081471932556e-01 0.000000000000000000e+00
-7.182693141687817029e-01 -5.141866614285200976e-01 0.000000000000000000e+00
-7.156963676179353140e-01 -5.078559874193449009e-01 0.000000000000000000e+00
-7.128793128497948883e-01 -5.016410657581245047e-01 0.000000000000000000e+00
-7.098165442066591835e-01 -4.955578671808958391e-01 0.000000000000000000e+00
-7.065073715385209452e-01 -4.896221681194087294e-01 0.000000000000000000e+00
-7.029521872265441784e-01 -4.838492644151036193e-01 0.000000000000000000e+00
-6.991526060668401543e-01 -4.782536948295268431e-01 0.000000000000000000e+00
-6.951115723320699935e-01 -4.728489844649527152e-01 0.000000000000000000e+00
-6.908334296182099266e-01 -4.676474172086663161e-01 0.000000000000000000e+00
-6.863239505488156755e-01 -4.626598449334584084e-01 0.000000000000000000e+00
-6.815903249853886292e-01 -4.578955394953793112e-01 0.000000000000000000e+00
-6.766411070115400106e-01 -4.533620916511075793e-01 0.000000000000000000e+00
-6.714861225508539366e-01 -4.490653589642731314e-01 0.000000000000000000e+00
-6.661363409757511400e-01 -4.450094626803401399e-01 0.000000000000000000e+00
-6.606037154042064818e-01 -4.411968315209564007e-01 0.000000000000000000e+00
-6.549009975075477108e-01 -4.376282884741234946e-01 0.000000000000000000e+00
-6.490415335205574898e-01 -4.343031750202558383e-01 0.000000000000000000e+00
-6.430390487215450479e-01 -4.312195059073209991e-01 0.000000000000000000e+00
-6.369074279153098539e-01 -4.283741466257320329e-01 0.000000000000000000e+00
-6.306604994004549880e-01 -4.257630051717537500e-01 0.000000000000000000e+00
-6.243118295431090425e-01 -4.233812295429979500e-01 0.000000000000000000e+00
-6.178745344342315704e-01 -4.212234026765541706e-01 0.000000000000000000e+00
-6.113611142122250541e-01 -4.192837271947026934e-01 0.000000000000000000e+00
-6.047833145321270809e-01 -4.175561933216085375e-01 0.000000000000000000e+00
-5.981520184112364413e-01 -4.160347246173030644e-01 0.000000000000000000e+00
-5.914771703384011925e-01 -4.147132976699121620e-01 0.000000000000000000e+00
-5.847677331630611874e-01 -4.135860335115961739e-01 0.000000000000000000e+00
-5.780316769431175228e-01 -4.126472601910428639e-01 0.000000000000000000e+00
-5.712759976874344225e-01 -4.118915475580768870e-01 0.000000000000000000e+00
-5.645067628331029708e-01 -4.113137168103124242e-01 0.000000000000000000e+00
-5.577291793952225962e-01 -4.109088286421311298e-01 0.000000000000000000e+00
-5.509476800532669971e-01 -4.106721548587570769e-01 0.000000000000000000e+00
-5.441660220168637041e-01 -4.105991390239329686e-01 0.000000000000000000e+00
-5.373873933559920602e-01 -4.106853520670550317e-01 0.000000000000000000e+00
-5.306145215843236507e-01 -4.109264487717823600e-01 0.000000000000000000e+00
-5.238497796350674029e-01 -4.113181307095487571e-01 0.000000000000000000e+00
-5.170952849399604867e-01 -4.118561204933203213e-01 0.000000000000000000e+00
-5.103529880774470007e-01 -4.125361512520055451e-01 0.000000000000000000e+00
-5.036247483508315970e-01 -4.133539740218195591e-01 0.000000000000000000e+00
-4.969123946405992753e-01 -4.143053843873232278e-01 0.000000000000000000e+00
-4.902177708932038414e-01 -4.153862682597894707e-01 0.000000000000000000e+00
-4.835427666068776720e-01 -4.165926652362053062e-01 0.000000000000000000e+00
-4.768893336010991413e-01 -4.179208466206909001e-01 0.000000000000000000e+00
-4.702594911626827301e-01 -4.193674039891252536e-01 0.000000000000000000e+00
-4.636553223075841057e-01 -4.209293432065244756e-01 0.000000000000000000e+00
-4.570789643520782319e-01 -4.226041781223208726e-01 0.000000000000000000e+00
-4.505325972291382985e-01 -4.243900178130701195e-01 0.000000000000000000e+00
-4.440184330063046136e-01 -4.262856412397956762e-01 0.000000000000000000e+00
-4.375387098626219995e-01 -4.282905535438656930e-01 0.000000000000000000e+00
-4.310956933784856893e-01 -4.304050189075151467e-01 0.000000000000000000e+00
-4.246916874084142868e-01 -4.326300659207391597e-01 0.000000000000000000e+00
-4.183290560772197075e-01 -4.349674626760422491e-01 0.000000000000000000e+00
-4.120102576067264377e-01 -4.374196602924967370e-01 0.000000000000000000e+00
-4.057378897904282966e-01 -4.399897051752592048e-01 0.000000000000000000e+00
-3.995147460375229609e-01 -4.426811219629234184e-01 0.000000000000000000e+00
-3.933438800561513959e-01 -4.454977707161159595e-01 0.000000000000000000e+00
-3.872286764866367248e-01 -4.484436833707802217e-01 0.000000000000000000e+00
-3.811729241724531869e-01 -4.515228857381339278e-01 0.000000000000000000e+00
-3.751808883059212230e-01 -4.547392123094093352e-01 0.000000000000000000e+00
-3.692573774346004645e-01 -4.580961217595005408e-01 0.000000000000000000e+00
-3.634078012800580626e-01 -4.615965212982747756e-01 0.000000000000000000e+00
-3.576382155088297932e-01 -4.652426078690333200e-01 0.000000000000000000e+00
-3.519553500000731083e-01 -4.690357336379961106e-01 0.000000000000000000e+00
-3.463666177583161199e-01 -4.729763022748975643e-01 0.000000000000000000e+00
-3.408801023950226994e-01 -4.770637012309315028e-01 0.000000000000000000e+00
-3.355045230123680500e-01 -4.812962736327749402e-01 0.000000000000000000e+00
-3.302491763222810128e-01 -4.856713316025538241e-01 0.000000000000000000e+00
-3.251238568739063250e-01 -4.901852108680279096e-01 0.000000000000000000e+00
-3.201387572909892287e-01 -4.948333645381272627e-01 0.000000000000000000e+00
-3.153043513849942969e-01 -4.996104919833427860e-01 0.000000000000000000e+00
-3.106312638604080134e-01 -5.045106969746622205e-01 0.000000000000000000e+00
-3.061301310210495230e-01 -5.095276676895494905e-01 0.000000000000000000e+00
-3.018114573831849334e-01 -5.146548699696122942e-01 0.000000000000000000e+00
-2.976854733749376702e-01 -5.198857443786606414e-01 0.000000000000000000e+00
-2.937619993348636882e-01 -5.252138972107840420e-01 0.000000000000000000e+00
-2.900503208102857000e-01 -5.306332756645270043e-01 0.000000000000000000e+00
-2.865590797048353511e-01 -5.361383179379689556e-01 0.000000000000000000e+00
-2.832961851532960762e-01 -5.417240699945812255e-01 0.000000000000000000e+00
-2.802687471399922248e-01 -5.473862621631022662e-01 0.000000000000000000e+00
-2.774830348640378586e-01 -5.531213405075632306e-01 0.000000000000000000e+00
-2.749444607380060468e-01 -5.589264499591193314e-01 0.000000000000000000e+00
-2.726575897388190395e-01 -5.647993684478802567e-01 0.000000000000000000e+00
-2.706261726668086065e-01 -5.707383936082538467e-01 0.000000000000000000e+00
-2.673409781808064323e-01 -5.828095745544732420e-01 0.000000000000000000e+00
