4.749595858286452881e+02 0.000000000000000000e+00 5.690013183958539145e+01
4.801615135338119558e+02 0.000000000000000000e+00 4.912992686298198919e+01
4.852742671720869794e+02 0.000000000000000000e+00 4.119362723665467030e+01
4.903261921736203703e+02 0.000000000000000000e+00 3.304371179069568143e+01
4.953332430398082806e+02 0.000000000000000000e+00 2.464007118829704623e+01
5.002966174833408672e+02 0.000000000000000000e+00 1.595379184406201034e+01
5.052018884088575987e+02 0.000000000000000000e+00 6.969847006445712978e+00
5.100197237153552123e+02 0.000000000000000000e+00 -2.311613568699053545e+00
5.147080990245374323e+02 0.000000000000000000e+00 -1.187552255555750058e+01
5.192157368770651829e+02 0.000000000000000000e+00 -2.169366671578185901e+01
5.234863689618933904e+02 0.000000000000000000e+00 -3.172775381021824259e+01
5.274633321927326506e+02 0.000000000000000000e+00 -4.193340081023024624e+01
5.310939848086976554e+02 0.000000000000000000e+00 -5.226455875598059464e+01
5.343334670805417090e+02 0.000000000000000000e+00 -6.267783968353074187e+01
5.371474264704658026e+02 0.000000000000000000e+00 -7.313622901570229828e+01
5.395134658652574444e+02 0.000000000000000000e+00 -8.361175086263645539e+01
5.414212371097073628e+02 0.000000000000000000e+00 -9.408679315654094921e+01
5.428712690679018351e+02 0.000000000000000000e+00 -1.045539762999751900e+02
5.438727684866257732e+02 0.000000000000000000e+00 -1.150146397607225595e+02
5.444407445780262833e+02 0.000000000000000000e+00 -1.254762005018761641e+02
5.445928712903038331e+02 0.000000000000000000e+00 -1.359487813955565514e+02
5.443465083850942392e+02 0.000000000000000000e+00 -1.464415975963674725e+02
5.437162549158971387e+02 0.000000000000000000e+00 -1.569596123239031442e+02
5.427123149043165995e+02 0.000000000000000000e+00 -1.675009276839137442e+02
5.413398291933713153e+02 0.000000000000000000e+00 -1.780552675373879197e+02
5.395991876469420276e+02 0.000000000000000000e+00 -1.886037530793405210e+02
5.374872013247469340e+02 0.000000000000000000e+00 -1.991199893301715633e+02
5.349989028515493601e+02 0.000000000000000000e+00 -2.095722973742651618e+02
5.321296689907801465e+02 0.000000000000000000e+00 -2.199267682228162357e+02
5.288773309153175433e+02 0.000000000000000000e+00 -2.301507015639020040e+02
5.252439567626138341e+02 0.000000000000000000e+00 -2.402159418871203229e+02
5.212370530689006500e+02 0.000000000000000000e+00 -2.501016424163967145e+02
5.168700261449553182e+02 0.000000000000000000e+00 -2.597960712423341647e+02
5.121618568173107633e+02 0.000000000000000000e+00 -2.692972120606146973e+02
5.071360557011024071e+02 0.000000000000000000e+00 -2.786120844419659761e+02
5.018190652136762537e+02 0.000000000000000000e+00 -2.877548911462555452e+02
4.962383454838868602e+02 0.000000000000000000e+00 -2.967442667464688384e+02
4.904204152531452223e+02 0.000000000000000000e+00 -3.056000290217565976e+02
4.843891125030889384e+02 0.000000000000000000e+00 -3.143399040206066957e+02
4.781642954828134293e+02 0.000000000000000000e+00 -3.229766973287253222e+02
4.717611309838744660e+02 0.000000000000000000e+00 -3.315163174517947482e+02
4.651900250834430608e+02 0.000000000000000000e+00 -3.399569316257744731e+02
4.584571562663923601e+02 0.000000000000000000e+00 -3.482893675695348747e+02
4.515654860035155025e+02 0.000000000000000000e+00 -3.564986904995058126e+02
4.445160596233990873e+02 0.000000000000000000e+00 -3.645667096343298113e+02
4.373093790211187297e+02 0.000000000000000000e+00 -3.724750278798879322e+02
4.299466318512929206e+02 0.000000000000000000e+00 -3.802081631641615900e+02
4.224305975296456950e+02 0.000000000000000000e+00 -3.877562530473107927e+02
4.147661119201949305e+02 0.000000000000000000e+00 -3.951169091635056816e+02
4.069600495779645257e+02 0.000000000000000000e+00 -4.022959078788141483e+02
3.990208623411133999e+02 0.000000000000000000e+00 -4.093065719499240913e+02
3.909577832929107899e+02 0.000000000000000000e+00 -4.161678913527375130e+02
3.827798548348528698e+02 0.000000000000000000e+00 -4.229016222039602440e+02
3.744949614773900066e+02 0.000000000000000000e+00 -4.295287630427621366e+02
3.661090391642673012e+02 0.000000000000000000e+00 -4.360659136724357836e+02
3.576255956353403462e+02 0.000000000000000000e+00 -4.425220565407251456e+02
3.490456171945116353e+02 0.000000000000000000e+00 -4.488962572956413055e+02
3.403678664582173496e+02 0.000000000000000000e+00 -4.551766636921232134e+02
3.315895052548349895e+02 0.000000000000000000e+00 -4.613410050879906521e+02
3.227069188231203043e+02 0.000000000000000000e+00 -4.673585818236217619e+02
3.137165818619376978e+02 0.000000000000000000e+00 -4.731935140353767224e+02
3.046158002825993094e+02 0.000000000000000000e+00 -4.788088239074021430e+02
2.954031865176241354e+02 0.000000000000000000e+00 -4.841707825380443637e+02
2.860787777180513558e+02 0.000000000000000000e+00 -4.892528845040257579e+02
2.766437772597889193e+02 0.000000000000000000e+00 -4.940388321621013006e+02
2.670999792974082538e+02 0.000000000000000000e+00 -4.985240184074360741e+02
2.574490104472885719e+02 0.000000000000000000e+00 -5.027151796599624731e+02
2.476915790372817696e+02 0.000000000000000000e+00 -5.066281281498062867e+02
2.378269499439246317e+02 0.000000000000000000e+00 -5.102837339600308155e+02
2.278528550595775357e+02 0.000000000000000000e+00 -5.137025784428549287e+02
2.177660043051540129e+02 0.000000000000000000e+00 -5.168989075951274117e+02
2.075632839209377778e+02 0.000000000000000000e+00 -5.198746477072937751e+02
1.972436269383995864e+02 0.000000000000000000e+00 -5.226142859130870875e+02
1.868104288302377256e+02 0.000000000000000000e+00 -5.250813567251167342e+02
1.762742752750021680e+02 0.000000000000000000e+00 -5.272171168832726380e+02
1.656556648120942441e+02 0.000000000000000000e+00 -5.289417522201326847e+02
1.549873607796148747e+02 0.000000000000000000e+00 -5.301581697794467800e+02
1.443160039386000904e+02 0.000000000000000000e+00 -5.307581213257765285e+02
1.337026634040763895e+02 0.000000000000000000e+00 -5.306301186163377679e+02
1.232220961538860848e+02 0.000000000000000000e+00 -5.296683722241298256e+02
1.129606152336100990e+02 0.000000000000000000e+00 -5.277818434338514635e+02
1.030126191397584705e+02 0.000000000000000000e+00 -5.249024614061146394e+02
9.347599142067323896e+01 0.000000000000000000e+00 -5.209916311076830198e+02
8.444672066779311592e+01 0.000000000000000000e+00 -5.160443334041065100e+02
7.601319844942821646e+01 0.000000000000000000e+00 -5.100903764426434464e+02
6.825071178918132375e+01 0.000000000000000000e+00 -5.031926661448877667e+02
6.121664870004393322e+01 0.000000000000000000e+00 -4.954426862122779767e+02
5.494687827922604129e+01 0.000000000000000000e+00 -4.869536759550280181e+02
4.945365656591121706e+01 0.000000000000000000e+00 -4.778522322768495201e+02
4.472525814936689414e+01 0.000000000000000000e+00 -4.682692128293634823e+02
4.072735901155017046e+01 0.000000000000000000e+00 -4.583308643532877795e+02
3.740601892428635722e+01 0.000000000000000000e+00 -4.481510402296438542e+02
3.469195288542003652e+01 0.000000000000000000e+00 -4.378252141848611245e+02
3.250565922292339849e+01 0.000000000000000000e+00 -4.274267645823233579e+02
3.076290104356193922e+01 0.000000000000000000e+00 -4.170057262137489715e+02
2.938002508324949602e+01 0.000000000000000000e+00 -4.065899191259017016e+02
2.827864776734435992e+01 0.000000000000000000e+00 -3.961881020799668249e+02
2.738933513973730527e+01 0.000000000000000000e+00 -3.857945926924212472e+02
2.665403774040830243e+01 0.000000000000000000e+00 -3.753946699156136901e+02
2.602719558496931640e+01 0.000000000000000000e+00 -3.649700391921373352e+02
2.547558225240852892e+01 0.000000000000000000e+00 -3.545036962137481851e+02
2.497709154504887508e+01 0.000000000000000000e+00 -3.439836599476928996e+02
2.451876929480523515e+01 0.000000000000000000e+00 -3.334052379678183797e+02
2.409444596166425612e+01 0.000000000000000000e+00 -3.227717091016354516e+02
2.370232856472935978e+01 0.000000000000000000e+00 -3.120935293168918747e+02
2.334286598423229719e+01 0.000000000000000000e+00 -3.013863575061442930e+02
2.301711888662230265e+01 0.000000000000000000e+00 -2.906683346412421542e+02
2.272575844438310000e+01 0.000000000000000000e+00 -2.799571172749137418e+02
2.246870341453957565e+01 0.000000000000000000e+00 -2.692671592959084705e+02
2.224530010163182325e+01 0.000000000000000000e+00 -2.586076593790489255e+02
2.205486924555805928e+01 0.000000000000000000e+00 -2.479814602357799913e+02
2.189739871761917911e+01 0.000000000000000000e+00 -2.373850210747180256e+02
2.177415619487028309e+01 0.000000000000000000e+00 -2.268094118756997659e+02
2.168803055832155025e+01 0.000000000000000000e+00 -2.162421224894398222e+02
2.164347750800897430e+01 0.000000000000000000e+00 -2.056693630310664105e+02
2.164603190465362559e+01 0.000000000000000000e+00 -1.950784699091540233e+02
2.170144180869670691e+01 0.000000000000000000e+00 -1.844600310521601045e+02
2.181456162322244552e+01 0.000000000000000000e+00 -1.738094022231978215e+02
2.198820039967813500e+01 0.000000000000000000e+00 -1.631273929396616893e+02
2.222214627923736430e+01 0.000000000000000000e+00 -1.524200378527659154e+02
2.251257458596562344e+01 0.000000000000000000e+00 -1.416975158681751168e+02
2.285199667757272834e+01 0.000000000000000000e+00 -1.309724123849173338e+02
2.322982658543069689e+01 0.000000000000000000e+00 -1.202576198817120172e+02
2.363354484504449360e+01 0.000000000000000000e+00 -1.095642241478093553e+02
2.405033887110324287e+01 0.000000000000000000e+00 -9.889972061419965144e+01
2.446901268274584496e+01 0.000000000000000000e+00 -8.826684871110050778e+01
2.488190002301218584e+01 0.000000000000000000e+00 -7.766323122873292562e+01
2.528649440658485759e+01 0.000000000000000000e+00 -6.708187614467067306e+01
2.568653234679666753e+01 0.000000000000000000e+00 -5.651246033254565759e+01
2.609233055507486654e+01 0.000000000000000000e+00 -4.594318919513277422e+01
2.652027653010561181e+01 0.000000000000000000e+00 -3.536293281987624937e+01
2.699149153920069466e+01 0.000000000000000000e+00 -2.476329218828987067e+01
2.752980881268232238e+01 0.000000000000000000e+00 -1.414025581146194810e+01
2.815931982280125823e+01 0.000000000000000000e+00 -3.495167409292499361e+00
2.890182110085279987e+01 0.000000000000000000e+00 7.165169573809890835e+00
2.977453020526166227e+01 0.000000000000000000e+00 1.782928995073859824e+01
3.078842495035676308e+01 0.000000000000000000e+00 2.848266182866865392e+01
3.194749451906979942e+01 0.000000000000000000e+00 3.910984008517868205e+01
3.324908146087771144e+01 0.000000000000000000e+00 4.969683820778342920e+01
3.468535308371561854e+01 0.000000000000000000e+00 6.023332448033789888e+01
3.624578739795269655e+01 0.000000000000000000e+00 7.071425127052360438e+01
3.792041295456169081e+01 0.000000000000000000e+00 8.114058686302921330e+01
3.970342366276904755e+01 0.000000000000000000e+00 9.151893087142119043e+01
4.159671587747909172e+01 0.000000000000000000e+00 1.018599424122049726e+02
4.361287711763705488e+01 0.000000000000000000e+00 1.121756752338182679e+02
4.577719795157010907e+01 0.000000000000000000e+00 1.224760734935068740e+02
4.812837721882706177e+01 0.000000000000000000e+00 1.327650139142596117e+02
5.071773466377127448e+01 0.000000000000000000e+00 1.430363661228153376e+02
5.360691687570504627e+01 0.000000000000000000e+00 1.532705705533674916e+02
5.686426085263008190e+01 0.000000000000000000e+00 1.634321976049262162e+02
6.056014204395961542e+01 0.000000000000000000e+00 1.734688563512013104e+02
6.476175967974236869e+01 0.000000000000000000e+00 1.833116775067996116e+02
6.952788538896349735e+01 0.000000000000000000e+00 1.928774213802159920e+02
7.490411206294807300e+01 0.000000000000000000e+00 2.020720789542413911e+02
8.091908710756976575e+01 0.000000000000000000e+00 2.107956658047473013e+02
8.758210429973948408e+01 0.000000000000000000e+00 2.189477750668154385e+02
9.488227536725770506e+01 0.000000000000000000e+00 2.264333731266792142e+02
1.027893255424122998e+02 0.000000000000000000e+00 2.331682994424924686e+02
1.112558789694252965e+02 0.000000000000000000e+00 2.390839713089707175e+02
1.202209421713200328e+02 0.000000000000000000e+00 2.441308890499164193e+02
1.296141760033579260e+02 0.000000000000000000e+00 2.482806738032361693e+02
1.393604823381423898e+02 0.000000000000000000e+00 2.515265306374903673e+02
1.493844275970516264e+02 0.000000000000000000e+00 2.538821937658513548e+02
1.596140796204014691e+02 0.000000000000000000e+00 2.553795581266735724e+02
1.699839380469836101e+02 0.000000000000000000e+00 2.560653157059464888e+02
1.804367758501353478e+02 0.000000000000000000e+00 2.559969840360908222e+02
1.909243613657503147e+02 0.000000000000000000e+00 2.552387332174697008e+02
2.014071751180713079e+02 0.000000000000000000e+00 2.538573883885717919e+02
2.118533546203243247e+02 0.000000000000000000e+00 2.519189149330934754e+02
2.222371779069667639e+02 0.000000000000000000e+00 2.494855967942836514e+02
2.325374238667700411e+02 0.000000000000000000e+00 2.466140097272061382e+02
2.427359228691645967e+02 0.000000000000000000e+00 2.433537871371804897e+02
2.528165405377298498e+02 0.000000000000000000e+00 2.397470902871101828e+02
2.627647331495927006e+02 0.000000000000000000e+00 2.358286371091952276e+02
2.725676919919321222e+02 0.000000000000000000e+00 2.316261194089248932e+02
2.822149751905437824e+02 0.000000000000000000e+00 2.271608460450906080e+02
2.916994274995297474e+02 0.000000000000000000e+00 2.224484836811781179e+02
3.010181264446374030e+02 0.000000000000000000e+00 2.174998169864452962e+02
3.101730766763007523e+02 0.000000000000000000e+00 2.123215046889656321e+02
3.191714061424208353e+02 0.000000000000000000e+00 2.069168546427261219e+02
3.280248931657507683e+02 0.000000000000000000e+00 2.012866701418143975e+02
3.367487614868139190e+02 0.000000000000000000e+00 1.954302249294666183e+02
3.453598045490127220e+02 0.000000000000000000e+00 1.893464043341930960e+02
3.538740217949626299e+02 0.000000000000000000e+00 1.830350083720057341e+02
3.623040495902943690e+02 0.000000000000000000e+00 1.764981575564792138e+02
3.706567314705771423e+02 0.000000000000000000e+00 1.697416847003003681e+02
3.789311857773861902e+02 0.000000000000000000e+00 1.627763485000314745e+02
3.871176893183589414e+02 0.000000000000000000e+00 1.556186785552219760e+02
3.951976069212321363e+02 0.000000000000000000e+00 1.482912650981486422e+02
4.031444693301071993e+02 0.000000000000000000e+00 1.408223439382815627e+02
4.109261523249250558e+02 0.000000000000000000e+00 1.332445962961837438e+02
4.185079583651076973e+02 0.000000000000000000e+00 1.255931770905445433e+02
4.258562694691352704e+02 0.000000000000000000e+00 1.179030918805480042e+02
4.329423454085337539e+02 0.000000000000000000e+00 1.102061469489738244e+02
4.397457988781430345e+02 0.000000000000000000e+00 1.025277828736365819e+02
4.462572966103817294e+02 0.000000000000000000e+00 9.488415477691167155e+01
4.524801120327158515e+02 0.000000000000000000e+00 8.727983145195460679e+01
4.584302826462782718e+02 0.000000000000000000e+00 7.970644556913273959e+01
4.641352884781875332e+02 0.000000000000000000e+00 7.214253973773129758e+01
4.749595858286452881e+02 0.000000000000000000e+00 5.690013183958539145e+01
