2.073589475579359076e-01 0.000000000000000000e+00 -2.755190748474069529e-01
2.067692711768710778e-01 0.000000000000000000e+00 -2.813270609687086865e-01
2.054303414727815802e-01 0.000000000000000000e+00 -2.871214062422388080e-01
2.033642965332372599e-01 0.000000000000000000e+00 -2.928588970737762698e-01
2.006032252714235187e-01 0.000000000000000000e+00 -2.984978745192562455e-01
1.971881222393560562e-01 0.000000000000000000e+00 -3.039993879827050383e-01
1.931675828384328275e-01 0.000000000000000000e+00 -3.093282396318124960e-01
1.885962906253774718e-01 0.000000000000000000e+00 -3.144538801790454641e-01
1.835333558966206202e-01 0.000000000000000000e+00 -3.193511234007118116e-01
1.780405696617003708e-01 0.000000000000000000e+00 -3.240006548504874018e-01
1.721806392958825371e-01 0.000000000000000000e+00 -3.283893192878805101e-01
1.660154715276643544e-01 0.000000000000000000e+00 -3.325101809639488537e-01
1.596045650283441364e-01 0.000000000000000000e+00 -3.363623606421788370e-01
1.530035689115215869e-01 0.000000000000000000e+00 -3.399506626365653150e-01
1.462630552169394693e-01 0.000000000000000000e+00 -3.432850137962721870e-01
1.394275433413239840e-01 0.000000000000000000e+00 -3.463797438712521992e-01
1.325348028648058452e-01 0.000000000000000000e+00 -3.492527427279651930e-01
1.256154488386405643e-01 0.000000000000000000e+00 -3.519245341936361182e-01
1.186928309142677024e-01 0.000000000000000000e+00 -3.544173087201867300e-01
1.117832052772744500e-01 0.000000000000000000e+00 -3.567539574953654813e-01
1.048961667540550258e-01 0.000000000000000000e+00 -3.589571491032997885e-01
9.803530818960180804e-02 0.000000000000000000e+00 -3.610484864570333019e-01
9.119906568882353570e-02 0.000000000000000000e+00 -3.630477766855031430e-01
8.438170191963846600e-02 0.000000000000000000e+00 -3.649724402272002677e-01
7.757437563887940868e-02 0.000000000000000000e+00 -3.668370778953876643e-01
7.076624405306387866e-02 0.000000000000000000e+00 -3.686532065140745718e-01
6.394554557819537299e-02 0.000000000000000000e+00 -3.704291652858776041e-01
5.710061391129822583e-02 0.000000000000000000e+00 -3.721701867555261001e-01
5.022077985569776276e-02 0.000000000000000000e+00 -3.738786184761185849e-01
4.329712473718337618e-02 0.000000000000000000e+00 -3.755542746369787688e-01
3.632305811124744016e-02 0.000000000000000000e+00 -3.771948912897712392e-01
2.929470233189462175e-02 0.000000000000000000e+00 -3.787966546660483380e-01
2.221107692952880783e-02 0.000000000000000000e+00 -3.803547695904955228e-01
1.507408611340833350e-02 0.000000000000000000e+00 -3.818640342510484231e-01
7.888322567271278257e-03 0.000000000000000000e+00 -3.833193885927183020e-01
6.607095734354740107e-04 0.000000000000000000e+00 -3.847164062717686184e-01
-6.599989033804147531e-03 0.000000000000000000e+00 -3.860517042737213189e-01
-1.388375585879208195e-02 0.000000000000000000e+00 -3.873232497220097104e-01
-2.117996491284570085e-02 0.000000000000000000e+00 -3.885305497827251653e-01
-2.847804398438543230e-02 0.000000000000000000e+00 -3.896747175585232315e-01
-3.576811439035252477e-02 0.000000000000000000e+00 -3.907584140877808920e-01
-4.304157073475115697e-02 0.000000000000000000e+00 -3.917856736417292818e-01
-5.029156785912244215e-02 0.000000000000000000e+00 -3.927616260718421737e-01
-5.751338836884975492e-02 0.000000000000000000e+00 -3.936921356614739298e-01
-6.470467160629858605e-02 0.000000000000000000e+00 -3.945833804858224769e-01
-7.186549330364842836e-02 0.000000000000000000e+00 -3.954413994507500196e-01
-7.899829393177633385e-02 0.000000000000000000e+00 -3.962716358051487364e-01
-8.610766249694982999e-02 0.000000000000000000e+00 -3.970785059258979399e-01
-9.319999076184107278e-02 0.000000000000000000e+00 -3.978650205664795436e-01
-1.002830201495217149e-01 0.000000000000000000e+00 -3.986324826318161652e-01
-1.073653095489872783e-01 0.000000000000000000e+00 -3.993802810642771428e-01
-1.144556565700492884e-01 0.000000000000000000e+00 -4.001057948412000687e-01
-1.215625072724590833e-01 0.000000000000000000e+00 -4.008044146931502016e-01
-1.286933898948550425e-01 0.000000000000000000e+00 -4.014696832979150476e-01
-1.358544066131910089e-01 0.000000000000000000e+00 -4.020935477566742744e-01
-1.430498139497965726e-01 0.000000000000000000e+00 -4.026667114911920420e-01
-1.502817173172611154e-01 0.000000000000000000e+00 -4.031790666767158804e-01
-1.575498985905805782e-01 0.000000000000000000e+00 -4.036201832755806906e-01
-1.648517879076257520e-01 0.000000000000000000e+00 -4.039798269436800648e-01
-1.721825825118083741e-01 0.000000000000000000e+00 -4.042484757649735250e-01
-1.795355068194275094e-01 0.000000000000000000e+00 -4.044178050719707262e-01
-1.869021994802138043e-01 0.000000000000000000e+00 -4.044811105936119144e-01
-1.942732054571171540e-01 0.000000000000000000e+00 -4.044336428103280645e-01
-2.016385445027372159e-01 0.000000000000000000e+00 -4.042728295772851643e-01
-2.089883222238579641e-01 0.000000000000000000e+00 -4.039983696075364894e-01
-2.163133464987205823e-01 0.000000000000000000e+00 -4.036121860214090251e-01
-2.236057105522979149e-01 0.000000000000000000e+00 -4.031182365416864921e-01
-2.308593046120936965e-01 0.000000000000000000e+00 -4.025221846770293266e-01
-2.380702207645365720e-01 0.000000000000000000e+00 -4.018309439939053429e-01
-2.452370203069945409e-01 0.000000000000000000e+00 -4.010521149292979870e-01
-2.523608393376439718e-01 0.000000000000000000e+00 -4.001933401557647429e-01
-2.594453162467690865e-01 0.000000000000000000e+00 -3.992616099236299121e-01
-2.664963337915745023e-01 0.000000000000000000e+00 -3.982625527703702040e-01
-2.735215781143921498e-01 0.000000000000000000e+00 -3.971997492699532728e-01
-2.805299269237484516e-01 0.000000000000000000e+00 -3.960741069401580994e-01
-2.875306886051909872e-01 0.000000000000000000e+00 -3.948833329673873127e-01
-2.945327227780119572e-01 0.000000000000000000e+00 -3.936215380727862700e-01
-3.015434803109272588e-01 0.000000000000000000e+00 -3.922789997501718862e-01
-3.085680066548730505e-01 0.000000000000000000e+00 -3.908421064632754960e-01
-3.156079562196614230e-01 0.000000000000000000e+00 -3.892934964844597667e-01
-3.226606671800922865e-01 0.000000000000000000e+00 -3.876123962432631020e-01
-3.297183454169105854e-01 0.000000000000000000e+00 -3.857751537349892179e-01
-3.367674032606909340e-01 0.000000000000000000e+00 -3.837559531526320566e-01
-3.437879934076453203e-01 0.000000000000000000e+00 -3.815276878960462414e-01
-3.507537710208493698e-01 0.000000000000000000e+00 -3.790629609162970426e-01
-3.576319079250726563e-01 0.000000000000000000e+00 -3.763351743748662992e-01
-3.643833723425754512e-01 0.000000000000000000e+00 -3.733196651899238772e-01
-3.709634762648335582e-01 0.000000000000000000e+00 -3.699948394895906656e-01
-3.773226808233965390e-01 0.000000000000000000e+00 -3.663432574963299548e-01
-3.834076384485463063e-01 0.000000000000000000e+00 -3.623526210350884735e-01
-3.891624397228463650e-01 0.000000000000000000e+00 -3.580166186986202259e-01
-3.945300231576536198e-01 0.000000000000000000e+00 -3.533355886234090248e-01
-3.994536981033895984e-01 0.000000000000000000e+00 -3.483169656377428924e-01
-4.038787250356505876e-01 0.000000000000000000e+00 -3.429754879588249317e-01
-4.077538938348586051e-01 0.000000000000000000e+00 -3.373331482797546355e-01
-4.110330395873401654e-01 0.000000000000000000e+00 -3.314188845795885685e-01
-4.136764369557009435e-01 0.000000000000000000e+00 -3.252680168477609102e-01
-4.156520182521192264e-01 0.000000000000000000e+00 -3.189214466538096704e-01
-4.169363668379246213e-01 0.000000000000000000e+00 -3.124246466314911097e-01
-4.175154460940490586e-01 0.000000000000000000e+00 -3.058264760232273227e-01
-4.173850345885110613e-01 0.000000000000000000e+00 -2.991778660315265737e-01
-4.165508497563108481e-01 0.000000000000000000e+00 -2.925304244979756163e-01
-4.150283548903065944e-01 0.000000000000000000e+00 -2.859350131079416713e-01
-4.128422569679539578e-01 0.000000000000000000e+00 -2.794403517243250756e-01
-4.100257152455371035e-01 0.000000000000000000e+00 -2.730917035129625803e-01
-4.066192920902582664e-01 0.000000000000000000e+00 -2.669296912681113909e-01
-4.026696876824125138e-01 0.000000000000000000e+00 -2.609892899163678281e-01
-3.982283085591102889e-01 0.000000000000000000e+00 -2.552990328079164928e-01
-3.933497261255414212e-01 0.000000000000000000e+00 -2.498804604200363655e-01
-3.880900849677955122e-01 0.000000000000000000e+00 -2.447478298977932842e-01
-3.825055219131868189e-01 0.000000000000000000e+00 -2.399080928946545066e-01
-3.766506552690835896e-01 0.000000000000000000e+00 -2.353611379397655412e-01
-3.705771996185395767e-01 0.000000000000000000e+00 -2.311002825493101709e-01
-3.643327551649273022e-01 0.000000000000000000e+00 -2.271129900062679174e-01
-3.579598122079841183e-01 0.000000000000000000e+00 -2.233817766120628212e-01
-3.514950013002756113e-01 0.000000000000000000e+00 -2.198852676666746553e-01
-3.449686084474145042e-01 0.000000000000000000e+00 -2.165993547895153082e-01
-3.384043628977334572e-01 0.000000000000000000e+00 -2.134984036925716977e-01
-3.318194931620144228e-01 0.000000000000000000e+00 -2.105564603020260994e-01
-3.252250354545289102e-01 0.000000000000000000e+00 -2.077484042316552204e-01
-3.186263682693875610e-01 0.000000000000000000e+00 -2.050510019712102061e-01
-3.120239377664789093e-01 0.000000000000000000e+00 -2.024438175931725092e-01
-3.054141314321153211e-01 0.000000000000000000e+00 -1.999099460347655843e-01
-2.987902524034720675e-01 0.000000000000000000e+00 -1.974365427301358888e-01
-2.921435441016098089e-01 0.000000000000000000e+00 -1.950151331363331741e-01
-2.854642144913275836e-01 0.000000000000000000e+00 -1.926416960566583458e-01
-2.787424113476902332e-01 0.000000000000000000e+00 -1.903165251327710861e-01
-2.719691042159138039e-01 0.000000000000000000e+00 -1.880438829680773638e-01
-2.651368350551089326e-01 0.000000000000000000e+00 -1.858314715962586794e-01
-2.582403075163554051e-01 0.000000000000000000e+00 -1.836897510002959699e-01
-2.512767940055641858e-01 0.000000000000000000e+00 -1.816311437614396562e-01
-2.442463496509231224e-01 0.000000000000000000e+00 -1.796691683956815055e-01
-2.371518325314495024e-01 0.000000000000000000e+00 -1.778175463303964809e-01
-2.299987395187210459e-01 0.000000000000000000e+00 -1.760893276987654521e-01
-2.227948763478751482e-01 0.000000000000000000e+00 -1.744960792005648964e-01
-2.155498886180773066e-01 0.000000000000000000e+00 -1.730471733129932965e-01
-2.082746869421768510e-01 0.000000000000000000e+00 -1.717492123481663968e-01
-2.009808041175030202e-01 0.000000000000000000e+00 -1.706056135434062815e-01
-1.936797247683764711e-01 0.000000000000000000e+00 -1.696163729052493074e-01
-1.863822283154489834e-01 0.000000000000000000e+00 -1.687780163290749091e-01
-1.790977843670647496e-01 0.000000000000000000e+00 -1.680837370359404281e-01
-1.718340358220484254e-01 0.000000000000000000e+00 -1.675237090688793395e-01
-1.645963993426828587e-01 0.000000000000000000e+00 -1.670855579224589660e-01
-1.573878057130109753e-01 0.000000000000000000e+00 -1.667549617576399024e-01
-1.502085943277124414e-01 0.000000000000000000e+00 -1.665163504409967188e-01
-1.430565671025459118e-01 0.000000000000000000e+00 -1.663536651342339689e-01
-1.359271979334384095e-01 0.000000000000000000e+00 -1.662511385530978381e-01
-1.288139849412842097e-01 0.000000000000000000e+00 -1.661940554265215197e-01
-1.217089245914676071e-01 0.000000000000000000e+00 -1.661694541302277395e-01
-1.146030798000232803e-01 0.000000000000000000e+00 -1.661667338578142472e-01
-1.074872087005224047e-01 0.000000000000000000e+00 -1.661781368455931274e-01
-1.003524171362331630e-01 0.000000000000000000e+00 -1.661990818186271368e-01
-9.319079635595095557e-02 0.000000000000000000e+00 -1.662283326357301416e-01
-8.599600792025785534e-02 0.000000000000000000e+00 -1.662679946863665215e-01
-7.876378045020727969e-02 0.000000000000000000e+00 -1.663233405019617916e-01
-7.149228744667711355e-02 0.000000000000000000e+00 -1.664024748426160272e-01
-6.418238174775753313e-02 0.000000000000000000e+00 -1.665158577688316821e-01
-5.683766995421372231e-02 0.000000000000000000e+00 -1.666757114959349639e-01
-4.946441894440539722e-02 0.000000000000000000e+00 -1.668953427938586753e-01
-4.207129596907138724e-02 0.000000000000000000e+00 -1.671884170400234348e-01
-3.466895327836947566e-02 0.000000000000000000e+00 -1.675682225415755511e-01
-2.726947729412587673e-02 0.000000000000000000e+00 -1.680469642892227777e-01
-1.988573052013772879e-02 0.000000000000000000e+00 -1.686351248591667906e-01
-1.253062124254561253e-02 0.000000000000000000e+00 -1.693409268111402133e-01
-5.216341232295058396e-03 0.000000000000000000e+00 -1.701699258031414974e-01
2.046385174908653924e-03 0.000000000000000000e+00 -1.711247570077766567e-01
9.248996279818065200e-03 0.000000000000000000e+00 -1.722050495965503358e-01
1.638568948550134588e-02 0.000000000000000000e+00 -1.734075154412612896e-01
2.345387960683721629e-02 0.000000000000000000e+00 -1.747262091903706294e-01
3.045448533534541452e-02 0.000000000000000000e+00 -1.761529479570027590e-01
3.739201779916433155e-02 0.000000000000000000e+00 -1.776778704463286285e-01
4.427445434218187093e-02 0.000000000000000000e+00 -1.792901078723002639e-01
5.111289096518081138e-02 0.000000000000000000e+00 -1.809785328420436545e-01
5.792097784148739215e-02 0.000000000000000000e+00 -1.827325478335962150e-01
6.471415341645136987e-02 0.000000000000000000e+00 -1.845428721946038297e-01
7.150870328582228930e-02 0.000000000000000000e+00 -1.864022858925785675e-01
7.832067979551177173e-02 0.000000000000000000e+00 -1.883062896015562093e-01
8.516472662376067815e-02 0.000000000000000000e+00 -1.902536440666664774e-01
9.205285906639658344e-02 0.000000000000000000e+00 -1.922467569014669753e-01
9.899325499862819677e-02 0.000000000000000000e+00 -1.942918918069131140e-01
1.059891132840676264e-01 0.000000000000000000e+00 -1.963991833404042375e-01
1.130376356072202160e-01 0.000000000000000000e+00 -1.985824494290558684e-01
1.201291843034214823e-01 0.000000000000000000e+00 -2.008588033875010892e-01
1.272466628561927382e-01 0.000000000000000000e+00 -2.032480768153556161e-01
1.343651575507109619e-01 0.000000000000000000e+00 -2.057720739566445134e-01
1.414518686470983555e-01 0.000000000000000000e+00 -2.084536864637930031e-01
1.484663477965979528e-01 0.000000000000000000e+00 -2.113159046211419700e-01
1.553610457708618220e-01 0.000000000000000000e+00 -2.143807666035121018e-01
1.620821614655899578e-01 0.000000000000000000e+00 -2.176682910039396401e-01
1.685707701578611217e-01 0.000000000000000000e+00 -2.211954394778030408e-01
1.747641967253100170e-01 0.000000000000000000e+00 -2.249751558300484844e-01
1.805975885318245600e-01 0.000000000000000000e+00 -2.290155252297677302e-01
1.860056334531628164e-01 0.000000000000000000e+00 -2.333190925829602691e-01
1.909243614852400295e-01 0.000000000000000000e+00 -2.378823726350750567e-01
1.952929638800560141e-01 0.000000000000000000e+00 -2.426955763996073157e-01
1.990555620096293443e-01 0.000000000000000000e+00 -2.477425693783267824e-01
2.021628592646627365e-01 0.000000000000000000e+00 -2.530010671673593170e-01
2.045736132223215931e-01 0.000000000000000000e+00 -2.584430638805910174e-01
2.062558719102546012e-01 0.000000000000000000e+00 -2.640354788304186129e-01
2.073589475579359076e-01 0.000000000000000000e+00 -2.755190748474069529e-01
