-2.049406161011676220e-01 -6.172253406264103237e-01 0.000000000000000000e+00
-2.050799757651100563e-01 -6.249618834751280438e-01 0.000000000000000000e+00
-2.055284448655212426e-01 -6.327213861419105356e-01 0.000000000000000000e+00
-2.062861075150360934e-01 -6.405128630534921985e-01 0.000000000000000000e+00
-2.073536205601888283e-01 -6.483424170598103276e-01 0.000000000000000000e+00
-2.087320871283210311e-01 -6.562122563563426159e-01 0.000000000000000000e+00
-2.104228967641932624e-01 -6.641199544943768851e-01 0.000000000000000000e+00
-2.124275417065014937e-01 -6.720579963937697299e-01 0.000000000000000000e+00
-2.147474189232626840e-01 -6.800136346265373000e-01 0.000000000000000000e+00
-2.173836271091499905e-01 -6.879690603575483454e-01 0.000000000000000000e+00
-2.203367670526521493e-01 -6.959018735478749162e-01 0.000000000000000000e+00
-2.236067527242074637e-01 -7.037858186563076268e-01 0.000000000000000000e+00
-2.271926392367875358e-01 -7.115917363064003798e-01 0.000000000000000000e+00
-2.310924725963908466e-01 -7.192886692123967585e-01 0.000000000000000000e+00
-2.353031649813701887e-01 -7.268450528051494386e-01 0.000000000000000000e+00
-2.398203982311267191e-01 -7.342299178856001030e-01 0.000000000000000000e+00
-2.446385573227480847e-01 -7.414140343415556167e-01 0.000000000000000000e+00
-2.497506948763289492e-01 -7.483709312432127447e-01 0.000000000000000000e+00
-2.551485271379401176e-01 -7.550777389253131577e-01 0.000000000000000000e+00
-2.608224614051528611e-01 -7.615158121474802089e-01 0.000000000000000000e+00
-2.667616544323279659e-01 -7.676711090790396819e-01 0.000000000000000000e+00
-2.729541009257385187e-01 -7.735343175384596925e-01 0.000000000000000000e+00
-2.793867507603555178e-01 -7.791007364507627209e-01 0.000000000000000000e+00
-2.860456529813925064e-01 -7.843699357362989844e-01 0.000000000000000000e+00
-2.929161239737462785e-01 -7.893452308054808020e-01 0.000000000000000000e+00
-2.999829363936165616e-01 -7.940330176962474562e-01 0.000000000000000000e+00
-3.072305245858677480e-01 -7.984420210922514860e-01 0.000000000000000000e+00
-3.146432013087042123e-01 -8.025825097197412106e-01 0.000000000000000000e+00
-3.222053797242170337e-01 -8.064655319532157973e-01 0.000000000000000000e+00
-3.299017938728550092e-01 -8.101022191611035872e-01 0.000000000000000000e+00
-3.377177103205641906e-01 -8.135031959430627513e-01 0.000000000000000000e+00
-3.456391234337318763e-01 -8.166781257046320519e-01 0.000000000000000000e+00
-3.536529268701017470e-01 -8.196354078796921350e-01 0.000000000000000000e+00
-3.617470544220541817e-01 -8.223820305141871234e-01 0.000000000000000000e+00
-3.699105843311726871e-01 -8.249235698297294750e-01 0.000000000000000000e+00
-3.781338025946446857e-01 -8.272643176809194587e-01 0.000000000000000000e+00
-3.864082225534202220e-01 -8.294075092527631865e-01 0.000000000000000000e+00
-3.947265601029698590e-01 -8.313556174692169343e-01 0.000000000000000000e+00
-4.030826660834665454e-01 -8.331106777268344477e-01 0.000000000000000000e+00
-4.114714196480253050e-01 -8.346746068090783455e-01 0.000000000000000000e+00
-4.198885885232779280e-01 -8.360494830134053146e-01 0.000000000000000000e+00
-4.283306639129075832e-01 -8.372377602477744096e-01 0.000000000000000000e+00
-4.367946792099560160e-01 -8.382423965528401633e-01 0.000000000000000000e+00
-4.452780225592118390e-01 -8.390668864727293119e-01 0.000000000000000000e+00
-4.537782535623259839e-01 -8.397151961476255755e-01 0.000000000000000000e+00
-4.622929340035443202e-01 -8.401916091410210896e-01 0.000000000000000000e+00
-4.708194813989874938e-01 -8.405004991012768878e-01 0.000000000000000000e+00
-4.793550524927055467e-01 -8.406460517586856751e-01 0.000000000000000000e+00
-4.878964616410506605e-01 -8.406319630002846433e-01 0.000000000000000000e+00
-4.964401364871986466e-01 -8.404611415607678993e-01 0.000000000000000000e+00
-5.049821106054879216e-01 -8.401354441430290976e-01 0.000000000000000000e+00
-5.135180500852928320e-01 -8.396554676691734276e-01 0.000000000000000000e+00
-5.220433085259068573e-01 -8.390204181883105239e-01 0.000000000000000000e+00
-5.305530028163681910e-01 -8.382280692187071836e-01 0.000000000000000000e+00
-5.390421005411332178e-01 -8.372748145847188628e-01 0.000000000000000000e+00
-5.475055090092114662e-01 -8.361558127950925456e-01 0.000000000000000000e+00
-5.559381558269812507e-01 -8.348652123801220126e-01 0.000000000000000000e+00
-5.643350516433295327e-01 -8.333964409957983488e-01 0.000000000000000000e+00
-5.726913271509157521e-01 -8.317425360511119248e-01 0.000000000000000000e+00
-5.810022385327781036e-01 -8.298964915179232182e-01 0.000000000000000000e+00
-5.892631381514664701e-01 -8.278515946694118277e-01 0.000000000000000000e+00
-5.974694101996856910e-01 -8.256017278055540753e-01 0.000000000000000000e+00
-6.056163740509381554e-01 -8.231416134189450950e-01 0.000000000000000000e+00
-6.136991609382981272e-01 -8.204669864169749083e-01 0.000000000000000000e+00
-6.217125721273323302e-01 -8.175746834895857296e-01 0.000000000000000000e+00
-6.296509287360855245e-01 -8.144626469353850595e-01 0.000000000000000000e+00
-6.375079246298497315e-01 -8.111298476170267779e-01 0.000000000000000000e+00
-6.452764942710044194e-01 -8.075761385898395650e-01 0.000000000000000000e+00
-6.529487069843981084e-01 -8.038020567629310387e-01 0.000000000000000000e+00
-6.605156978209167917e-01 -7.998085942302571860e-01 0.000000000000000000e+00
-6.679676431447817420e-01 -7.955969633031826360e-01 0.000000000000000000e+00
-6.752937863713462940e-01 -7.911683795975653632e-01 0.000000000000000000e+00
-6.824825161286618425e-01 -7.865238857621130730e-01 0.000000000000000000e+00
-6.895214957302177039e-01 -7.816642347377887878e-01 0.000000000000000000e+00
-6.963978394695036211e-01 -7.765898461257980667e-01 0.000000000000000000e+00
-7.030983281218078362e-01 -7.713008427604702844e-01 0.000000000000000000e+00
-7.096096533900834169e-01 -7.657971674731550715e-01 0.000000000000000000e+00
-7.159186790505985831e-01 -7.600787728828510836e-01 0.000000000000000000e+00
-7.220127053824808572e-01 -7.541458704482416620e-01 0.000000000000000000e+00
-7.278797231856093397e-01 -7.479992195064244509e-01 0.000000000000000000e+00
-7.335086443202817330e-01 -7.416404330576867876e-01 0.000000000000000000e+00
-7.388894971893497088e-01 -7.350722749583977755e-01 0.000000000000000000e+00
-7.440135778157536128e-01 -7.282989231290325494e-01 0.000000000000000000e+00
-7.488735499780861948e-01 -7.213261753804929288e-01 0.000000000000000000e+00
-7.534634910453715806e-01 -7.141615783542645257e-01 0.000000000000000000e+00
-7.577788834660422745e-01 -7.068144655552303091e-01 0.000000000000000000e+00
-7.618165550748017267e-01 -6.992958971001145274e-01 0.000000000000000000e+00
-7.655745742559699751e-01 -6.916185010900995911e-01 0.000000000000000000e+00
-7.690521083438186523e-01 -6.837962238762734790e-01 0.000000000000000000e+00
-7.722492552946463862e-01 -6.758440033522749024e-01 0.000000000000000000e+00
-7.751668595335502454e-01 -6.677773852537580712e-01 0.000000000000000000e+00
-7.778063229260741007e-01 -6.596121068267642995e-01 0.000000000000000000e+00
-7.801694210816680908e-01 -6.513636748220229533e-01 0.000000000000000000e+00
-7.822581337549823211e-01 -6.430469653961681242e-01 0.000000000000000000e+00
-7.840744961193332196e-01 -6.346758721241392287e-01 0.000000000000000000e+00
-7.856204753326448964e-01 -6.262630250734123605e-01 0.000000000000000000e+00
-7.868978743138584919e-01 -6.178195990252298708e-01 0.000000000000000000e+00
-7.879082622189952367e-01 -6.093552228335515908e-01 0.000000000000000000e+00
-7.886529289615999971e-01 -6.008779950576255136e-01 0.000000000000000000e+00
-7.891328594445301547e-01 -5.923946039046272816e-01 0.000000000000000000e+00
-7.893487220973282037e-01 -5.839105426964270595e-01 0.000000000000000000e+00
-7.893008659285332129e-01 -5.754304060157799938e-01 0.000000000000000000e+00
-7.889893206251307189e-01 -5.669582468065752501e-01 0.000000000000000000e+00
-7.884137952172034502e-01 -5.584979713120692413e-01 0.000000000000000000e+00
-7.875736723686580509e-01 -5.500537470222248704e-01 0.000000000000000000e+00
-7.864679972961410304e-01 -5.416303988196458086e-01 0.000000000000000000e+00
-7.850954624598998066e-01 -5.332337701822258413e-01 0.000000000000000000e+00
-7.834543912917654174e-01 -5.248710294158717149e-01 0.000000000000000000e+00
-7.815427261021221650e-01 -5.165509051472561008e-01 0.000000000000000000e+00
-7.793580267308258813e-01 -5.082838403265662608e-01 0.000000000000000000e+00
-7.768974873019336425e-01 -5.000820593569151873e-01 0.000000000000000000e+00
-7.741579784844626611e-01 -4.919595482611294757e-01 0.000000000000000000e+00
-7.711361218894597913e-01 -4.839319526310202346e-01 0.000000000000000000e+00
-7.678284016554904889e-01 -4.760164021554266767e-01 0.000000000000000000e+00
-7.642313159699787306e-01 -4.682312735556204419e-01 0.000000000000000000e+00
-7.603415683898302468e-01 -4.605959056381734307e-01 0.000000000000000000e+00
-7.561562955663316821e-01 -4.531302808842028185e-01 0.000000000000000000e+00
-7.516733245943406638e-01 -4.458546876140980775e-01 0.000000000000000000e+00
-7.468914499663885653e-01 -4.387893754751786557e-01 0.000000000000000000e+00
-7.418107172938996907e-01 -4.319542150441118000e-01 0.000000000000000000e+00
-7.364326988166791654e-01 -4.253683700079372021e-01 0.000000000000000000e+00
-7.307607444745558567e-01 -4.190499879916043668e-01 0.000000000000000000e+00
-7.248001921192742669e-01 -4.130159139219841680e-01 0.000000000000000000e+00
-7.185585213847787145e-01 -4.072814280970169509e-01 0.000000000000000000e+00
-7.120454378118268313e-01 -4.018600100316552792e-01 0.000000000000000000e+00
-7.052728769544951426e-01 -3.967631287598801237e-01 0.000000000000000000e+00
-6.982549222154531554e-01 -3.920000605698967799e-01 0.000000000000000000e+00
-6.910076348251260603e-01 -3.875777360306938424e-01 0.000000000000000000e+00
-6.835487994013370594e-01 -3.835006194445968464e-01 0.000000000000000000e+00
-6.758975935682833835e-01 -3.797706252836237639e-01 0.000000000000000000e+00
-6.680741948311896827e-01 -3.763870774545678977e-01 0.000000000000000000e+00
-6.600993419620578839e-01 -3.733467181027145254e-01 0.000000000000000000e+00
-6.519938712557032945e-01 -3.706437728497090078e-01 0.000000000000000000e+00
-6.437782499260822355e-01 -3.682700786691138761e-01 0.000000000000000000e+00
-6.354721294711503932e-01 -3.662152789201002512e-01 0.000000000000000000e+00
-6.270939409716260737e-01 -3.644670873747389850e-01 0.000000000000000000e+00
-6.186605520346079023e-01 -3.630116194884472347e-01 0.000000000000000000e+00
-6.101870015742204556e-01 -3.618337848872718032e-01 0.000000000000000000e+00
-6.016863240557716042e-01 -3.609177303884781862e-01 0.000000000000000000e+00
-5.931694695109180904e-01 -3.602473182160615406e-01 0.000000000000000000e+00
-5.846453199088139652e-01 -3.598066198482127720e-01 0.000000000000000000e+00
-5.761207967240148387e-01 -3.595804025745228394e-01 0.000000000000000000e+00
-5.676010491629801535e-01 -3.595545837491357921e-01 0.000000000000000000e+00
-5.590897078620113980e-01 -3.597166272323517044e-01 0.000000000000000000e+00
-5.505891852665633079e-01 -3.600558578399312148e-01 0.000000000000000000e+00
-5.421010015898475309e-01 -3.605636728535158708e-01 0.000000000000000000e+00
-5.336261143830608455e-01 -3.612336347205296061e-01 0.000000000000000000e+00
-5.251652303850333769e-01 -3.620614357617353285e-01 0.000000000000000000e+00
-5.167190804050576514e-01 -3.630447336316346973e-01 0.000000000000000000e+00
-5.082886413763758604e-01 -3.641828649326517842e-01 0.000000000000000000e+00
-4.998752941550535511e-01 -3.654764531622839985e-01 0.000000000000000000e+00
-4.914809108111069524e-01 -3.669269354123098625e-01 0.000000000000000000e+00
-4.831078706952892654e-01 -3.685360392752580205e-01 0.000000000000000000e+00
-4.747590100699743410e-01 -3.703052466288091482e-01 0.000000000000000000e+00
-4.664375151728728519e-01 -3.722352838474791703e-01 0.000000000000000000e+00
-4.581467728755347357e-01 -3.743256781640550424e-01 0.000000000000000000e+00
-4.498901962989713121e-01 -3.765744171869525592e-01 0.000000000000000000e+00
-4.416710446290196268e-01 -3.789777429994250491e-01 0.000000000000000000e+00
-4.334922568015158184e-01 -3.815301040666399524e-01 0.000000000000000000e+00
-4.253563176731692264e-01 -3.842242778126863101e-01 0.000000000000000000e+00
-4.172651728351280398e-01 -3.870516648444055630e-01 0.000000000000000000e+00
-4.092202045396105548e-01 -3.900027431829009572e-01 0.000000000000000000e+00
-4.012222765597703855e-01 -3.930676584016232766e-01 0.000000000000000000e+00
-3.932718505214608529e-01 -3.962369141793598559e-01 0.000000000000000000e+00
-3.853691707093411800e-01 -3.995021183394713571e-01 0.000000000000000000e+00
-3.775145089528224029e-01 -4.028567327430073730e-01 0.000000000000000000e+00
-3.697084563231666232e-01 -4.062967720477178024e-01 0.000000000000000000e+00
-3.619522443675135537e-01 -4.098213967351089226e-01 0.000000000000000000e+00
-3.542480757528875257e-01 -4.134333500860445376e-01 0.000000000000000000e+00
-3.465994426961253594e-01 -4.171391968190449884e-01 0.000000000000000000e+00
-3.390114115219952096e-01 -4.209493324854463037e-01 0.000000000000000000e+00
-3.314908531275229109e-01 -4.248777467769710436e-01 0.000000000000000000e+00
-3.240466019403646092e-01 -4.289415397624131154e-01 0.000000000000000000e+00
-3.166895299538653452e-01 -4.331602066893577851e-01 0.000000000000000000e+00
-3.094325273325297387e-01 -4.375547232324838443e-01 0.000000000000000000e+00
-3.022903865802276102e-01 -4.421464777989392303e-01 0.000000000000000000e+00
-2.952795929842364497e-01 -4.469561096407399514e-01 0.000000000000000000e+00
-2.884180296149411737e-01 -4.520023201503178267e-01 0.000000000000000000e+00
-2.817246102125800511e-01 -4.573007291233717742e-01 0.000000000000000000e+00
-2.752188575073838406e-01 -4.628628475330205383e-01 0.000000000000000000e+00
-2.689204476372065167e-01 -4.686952333530506332e-01 0.000000000000000000e+00
-2.628487431641718386e-01 -4.747988874058649000e-01 0.000000000000000000e+00
-2.570223376539976234e-01 -4.811689326231771702e-01 0.000000000000000000e+00
-2.514586338661985998e-01 -4.877946033152010252e-01 0.000000000000000000e+00
-2.461734753983240154e-01 -4.946595521059372058e-01 0.000000000000000000e+00
-2.411808483027614580e-01 -5.017424623357110702e-01 0.000000000000000000e+00
-2.364926649883969667e-01 -5.090179342705704046e-01 0.000000000000000000e+00
-2.321186379193533877e-01 -5.164575957004412521e-01 0.000000000000000000e+00
-2.280662455455265969e-01 -5.240313726672132244e-01 0.000000000000000000e+00
-2.243407878673003009e-01 -5.317088451721483366e-01 0.000000000000000000e+00
-2.209455243564691362e-01 -5.394606065458664723e-01 0.000000000000000000e+00
-2.178818828978741629e-01 -5.472595441884189338e-01 0.000000000000000000e+00
-2.151497251997347426e-01 -5.550819637190474998e-01 0.000000000000000000e+00
-2.127476518982524267e-01 -5.629084879740314795e-01 0.000000000000000000e+00
-2.106733294346327390e-01 -5.707246761707683858e-01 0.000000000000000000e+00
-2.089238207170233952e-01 -5.785213260245850586e-01 0.000000000000000000e+00
-2.074959025324386030e-01 -5.862944415228186212e-01 0.000000000000000000e+00
-2.063863545189341120e-01 -5.940448701202433179e-01 0.000000000000000000e+00
-2.055922070710182181e-01 -6.017776339331915025e-01 0.000000000000000000e+00
-2.049406161011676220e-01 -6.172253406264103237e-01 0.000000000000000000e+00
