8.309099746110493179e-01 -4.416989650434465786e-01 0.000000000000000000e+00
8.321004346956796249e-01 -4.489542201695071455e-01 0.000000000000000000e+00
8.331441574467186584e-01 -4.562829481430928369e-01 0.000000000000000000e+00
8.340495427541853024e-01 -4.637019476638378213e-01 0.000000000000000000e+00
8.348254132807148009e-01 -4.712239886442905479e-01 0.000000000000000000e+00
8.354806240131548156e-01 -4.788571287998394377e-01 0.000000000000000000e+00
8.360236098808730976e-01 -4.866043478779808473e-01 0.000000000000000000e+00
8.364619101771990639e-01 -4.944635090786274056e-01 0.000000000000000000e+00
8.368017101978912908e-01 -5.024276365544746437e-01 0.000000000000000000e+00
8.370474387303159514e-01 -5.104854781315814050e-01 0.000000000000000000e+00
8.372014550184257997e-01 -5.186223048741941399e-01 0.000000000000000000e+00
8.372638510815915147e-01 -5.268208850040717595e-01 0.000000000000000000e+00
8.372323854854772929e-01 -5.350625599101159757e-01 0.000000000000000000e+00
8.371025537102859682e-01 -5.433283451861543600e-01 0.000000000000000000e+00
8.368677890764771865e-01 -5.515999801045529116e-01 0.000000000000000000e+00
8.365197777134335544e-01 -5.598608545950355397e-01 0.000000000000000000e+00
8.360488621599312387e-01 -5.680967532134025832e-01 0.000000000000000000e+00
8.354445015881363235e-01 -5.762963699844195764e-01 0.000000000000000000e+00
8.346957528630498668e-01 -5.844515653415234269e-01 0.000000000000000000e+00
8.337917359610731438e-01 -5.925573554167707924e-01 0.000000000000000000e+00
8.327220496854298437e-01 -6.006116432999689669e-01 0.000000000000000000e+00
8.314771088822988654e-01 -6.086147202149829738e-01 0.000000000000000000e+00
8.300483819920931872e-01 -6.165685805676459630e-01 0.000000000000000000e+00
8.284285170836040990e-01 -6.244761073946002439e-01 0.000000000000000000e+00
8.266113546976097126e-01 -6.323401930332126497e-01 0.000000000000000000e+00
8.245918359880615167e-01 -6.401628633032703242e-01 0.000000000000000000e+00
8.223658239187142671e-01 -6.479444719585534251e-01 0.000000000000000000e+00
8.199298628584188453e-01 -6.556830258115793342e-01 0.000000000000000000e+00
8.172809071743286635e-01 -6.633736902867858332e-01 0.000000000000000000e+00
8.144160519050507308e-01 -6.710085110516059714e-01 0.000000000000000000e+00
8.113322980987465183e-01 -6.785763708894686497e-01 0.000000000000000000e+00
8.080263819716730911e-01 -6.860631833533828994e-01 0.000000000000000000e+00
8.044946909771453214e-01 -6.934523072819577250e-01 0.000000000000000000e+00
8.007332816938256270e-01 -7.007251502517463093e-01 0.000000000000000000e+00
7.967380048460260822e-01 -7.078619156385502764e-01 0.000000000000000000e+00
7.925047325791165775e-01 -7.148424381167042263e-01 0.000000000000000000e+00
7.880296732045505292e-01 -7.216470468150715245e-01 0.000000000000000000e+00
7.833097498554640881e-01 -7.282573943246396508e-01 0.000000000000000000e+00
7.783430126175409081e-01 -7.346571933228689399e-01 0.000000000000000000e+00
7.731290493277288567e-01 -7.408328104097633426e-01 0.000000000000000000e+00
7.676693587658574014e-01 -7.467736781918699052e-01 0.000000000000000000e+00
7.619676515613873491e-01 -7.524725007933886767e-01 0.000000000000000000e+00
7.560300487049710361e-01 -7.579252437181276392e-01 0.000000000000000000e+00
7.498651547501551384e-01 -7.631309151262994916e-01 0.000000000000000000e+00
7.434839920517636314e-01 -7.680911609063922896e-01 0.000000000000000000e+00
7.368997929765617183e-01 -7.728097092730310536e-01 0.000000000000000000e+00
7.301276580858150345e-01 -7.772917110287620446e-01 0.000000000000000000e+00
7.231840989297967370e-01 -7.815430283483302265e-01 0.000000000000000000e+00
7.160864934404438387e-01 -7.855695275245461184e-01 0.000000000000000000e+00
7.088524891888444701e-01 -7.893764294214778987e-01 0.000000000000000000e+00
7.014993943804151977e-01 -7.929677656061508983e-01 0.000000000000000000e+00
6.940435979972585656e-01 -7.963459787750623020e-01 0.000000000000000000e+00
6.865000588154027694e-01 -7.995116939239211851e-01 0.000000000000000000e+00
6.788818982353647113e-01 -8.024636727006033698e-01 0.000000000000000000e+00
6.712001243304219766e-01 -8.051989486334276691e-01 0.000000000000000000e+00
6.634635048242836231e-01 -8.077131265839477825e-01 0.000000000000000000e+00
6.556785956212937139e-01 -8.100008169352510556e-01 0.000000000000000000e+00
6.478499199062551783e-01 -8.120561646649996357e-01 0.000000000000000000e+00
6.399802816303983288e-01 -8.138734263378738509e-01 0.000000000000000000e+00
6.320711872980411261e-01 -8.154475446977541564e-01 0.000000000000000000e+00
6.241233421556928729e-01 -8.167746711648743441e-01 0.000000000000000000e+00
6.161371817855856303e-01 -8.178525910585944247e-01 0.000000000000000000e+00
6.081133981247915932e-01 -8.186810143861734668e-01 0.000000000000000000e+00
6.000534202237224335e-01 -8.192617059110722799e-01 0.000000000000000000e+00
5.919598145136940603e-01 -8.195984410779943996e-01 0.000000000000000000e+00
5.838365766056893280e-01 -8.196967882196724009e-01 0.000000000000000000e+00
5.756892960971422557e-01 -8.195637312308646782e-01 0.000000000000000000e+00
5.675251867462803856e-01 -8.192071595145895557e-01 0.000000000000000000e+00
5.593529857922899806e-01 -8.186352625288190188e-01 0.000000000000000000e+00
5.511827372167829031e-01 -8.178558739034466063e-01 0.000000000000000000e+00
5.430254834505542361e-01 -8.168758143002626815e-01 0.000000000000000000e+00
5.348928976266326130e-01 -8.157002826639194737e-01 0.000000000000000000e+00
5.267968933332931591e-01 -8.143323422573168768e-01 0.000000000000000000e+00
5.187492505184487790e-01 -8.127725411717005022e-01 0.000000000000000000e+00
5.107612945857373798e-01 -8.110186973895077145e-01 0.000000000000000000e+00
5.028436609191859752e-01 -8.090658667095345091e-01 0.000000000000000000e+00
4.950061694564992232e-01 -8.069064988253429327e-01 0.000000000000000000e+00
4.872578241127840104e-01 -8.045307735665107041e-01 0.000000000000000000e+00
4.796069406336659902e-01 -8.019270967608203016e-01 0.000000000000000000e+00
4.720613947472352967e-01 -7.990827242752016613e-01 0.000000000000000000e+00
4.646289712536662009e-01 -7.959844743251582866e-01 0.000000000000000000e+00
4.573177848749152563e-01 -7.926194826897071666e-01 0.000000000000000000e+00
4.501367361136046075e-01 -7.889759533754925336e-01 0.000000000000000000e+00
4.430959606950836127e-01 -7.850438586225112481e-01 0.000000000000000000e+00
4.362072298165909356e-01 -7.808155467547215345e-01 0.000000000000000000e+00
4.294842605650774359e-01 -7.762862238277881133e-01 0.000000000000000000e+00
4.229429013738951748e-01 -7.714542846829293143e-01 0.000000000000000000e+00
4.166011658794884776e-01 -7.663214800964052165e-01 0.000000000000000000e+00
4.104790993807481136e-01 -7.608929183450598988e-01 0.000000000000000000e+00
4.045984744699244184e-01 -7.551769107961323613e-01 0.000000000000000000e+00
3.989823253394447211e-01 -7.491846812310539727e-01 0.000000000000000000e+00
3.936543427637815284e-01 -7.429299667998588985e-01 0.000000000000000000e+00
3.886381628255022314e-01 -7.364285442162820106e-01 0.000000000000000000e+00
3.839565912196795106e-01 -7.296977176943452159e-01 0.000000000000000000e+00
3.796308107253955066e-01 -7.227558050781537347e-01 0.000000000000000000e+00
3.756796217029810814e-01 -7.156216557469728956e-01 0.000000000000000000e+00
3.721187640569496025e-01 -7.083142285277290728e-01 0.000000000000000000e+00
3.689603640808611917e-01 -7.008522505460804686e-01 0.000000000000000000e+00
3.662125413373519267e-01 -6.932539693662386204e-01 0.000000000000000000e+00
3.638791998442276743e-01 -6.855370016644833919e-01 0.000000000000000000e+00
3.619600151619796757e-01 -6.777182728288680957e-01 0.000000000000000000e+00
3.604506154767794790e-01 -6.698140340126796932e-01 0.000000000000000000e+00
3.593429414787240872e-01 -6.618399369249827746e-01 0.000000000000000000e+00
3.586257577643447436e-01 -6.538111424997289367e-01 0.000000000000000000e+00
3.582852785650997851e-01 -6.457424378389295949e-01 0.000000000000000000e+00
3.583058635701849015e-01 -6.376483365596977704e-01 0.000000000000000000e+00
3.586707359940460860e-01 -6.295431407616411956e-01 0.000000000000000000e+00
3.593626750877132459e-01 -6.214409479438871564e-01 0.000000000000000000e+00
3.603646389696613106e-01 -6.133555928457622430e-01 0.000000000000000000e+00
3.616602806307473439e-01 -6.053005217432063656e-01 0.000000000000000000e+00
3.632343296627925655e-01 -5.972886045148788625e-01 0.000000000000000000e+00
3.650728238721038243e-01 -5.893318970958069114e-01 0.000000000000000000e+00
3.671631875191655459e-01 -5.814413731073025948e-01 0.000000000000000000e+00
3.694941654526310848e-01 -5.736266479360975223e-01 0.000000000000000000e+00
3.720556338679548158e-01 -5.658957209267243549e-01 0.000000000000000000e+00
3.748383178980491115e-01 -5.582547614229195210e-01 0.000000000000000000e+00
3.778334529803876185e-01 -5.507079621185049234e-01 0.000000000000000000e+00
3.810324304139585117e-01 -5.432574787279353945e-01 0.000000000000000000e+00
3.844264674621341582e-01 -5.359034687186218227e-01 0.000000000000000000e+00
3.880063388066538610e-01 -5.286442342731685340e-01 0.000000000000000000e+00
3.917621994350172776e-01 -5.214764663938084022e-01 0.000000000000000000e+00
3.956835197332172482e-01 -5.143955788079180858e-01 0.000000000000000000e+00
3.997591424582236930e-01 -5.073961127707149465e-01 0.000000000000000000e+00
4.039774593311207807e-01 -5.004721876245197265e-01 0.000000000000000000e+00
4.083266932466683152e-01 -4.936179675939575962e-01 0.000000000000000000e+00
4.127952615518512558e-01 -4.868281131557369301e-01 0.000000000000000000e+00
4.173721874237970586e-01 -4.800981856235375655e-01 0.000000000000000000e+00
4.220475208242854270e-01 -4.734249763408846512e-01 0.000000000000000000e+00
4.268127283377403103e-01 -4.668067368893246694e-01 0.000000000000000000e+00
4.316610126468692910e-01 -4.602432936267635277e-01 0.000000000000000000e+00
4.365875273986081218e-01 -4.537360381516083452e-01 0.000000000000000000e+00
4.415894613969710836e-01 -4.472877943135460388e-01 0.000000000000000000e+00
4.466659767901750566e-01 -4.409025714740596458e-01 0.000000000000000000e+00
4.518179983342012762e-01 -4.345852221679669114e-01 0.000000000000000000e+00
4.570478638945786876e-01 -4.283410294911517702e-01 0.000000000000000000e+00
4.623588589979879537e-01 -4.221752549001083210e-01 0.000000000000000000e+00
4.677546693837033587e-01 -4.160926802594540064e-01 0.000000000000000000e+00
4.732387941516455476e-01 -4.100971786902999905e-01 0.000000000000000000e+00
4.788139674616687103e-01 -4.041913470194641866e-01 0.000000000000000000e+00
4.844816382612616157e-01 -3.983762285598256847e-01 0.000000000000000000e+00
4.902415549596281785e-01 -3.926511488923176696e-01 0.000000000000000000e+00
4.960914954040616665e-01 -3.870136797422627506e-01 0.000000000000000000e+00
5.020271723542170106e-01 -3.814597375248299782e-01 0.000000000000000000e+00
5.080423315955976404e-01 -3.759838143123155341e-01 0.000000000000000000e+00
5.141290448394272294e-01 -3.705793304924253073e-01 0.000000000000000000e+00
5.202781837554166788e-01 -3.652390908401093039e-01 0.000000000000000000e+00
5.264800461035897827e-01 -3.599558196233578200e-01 0.000000000000000000e+00
5.327250911971136427e-01 -3.547227460844906144e-01 0.000000000000000000e+00
5.390047309688688060e-01 -3.495342094062325877e-01 0.000000000000000000e+00
5.453121156723388374e-01 -3.443862521410667732e-01 0.000000000000000000e+00
5.516428504008586975e-01 -3.392771729404721603e-01 0.000000000000000000e+00
5.579955805157904569e-01 -3.342080130031103713e-01 0.000000000000000000e+00
5.643723907367117487e-01 -3.291829555789788087e-01 0.000000000000000000e+00
5.707789737067220370e-01 -3.242096236446832536e-01 0.000000000000000000e+00
5.772245386045284921e-01 -3.192992669858626398e-01 0.000000000000000000e+00
5.837214478397784179e-01 -3.144668358738115232e-01 0.000000000000000000e+00
5.902845888236557537e-01 -3.097309438423048178e-01 0.000000000000000000e+00
5.969305069023703725e-01 -3.051137263856540383e-01 0.000000000000000000e+00
6.036763433901335407e-01 -3.006406054597425825e-01 0.000000000000000000e+00
6.105386379209306602e-01 -2.963399713646054923e-01 0.000000000000000000e+00
6.175320659013900926e-01 -2.922427939573387090e-01 0.000000000000000000e+00
6.246681887905303210e-01 -2.883821743641155622e-01 0.000000000000000000e+00
6.319542966793232353e-01 -2.847928467244046358e-01 0.000000000000000000e+00
6.393924189857250751e-01 -2.815106373896685277e-01 0.000000000000000000e+00
6.469785701981847215e-01 -2.785718868389682190e-01 0.000000000000000000e+00
6.547022840488138096e-01 -2.760128377914023434e-01 0.000000000000000000e+00
6.625464721713701932e-01 -2.738689919711835286e-01 0.000000000000000000e+00
6.704876233692897980e-01 -2.721744380088170212e-01 0.000000000000000000e+00
6.784963384467644909e-01 -2.709611542126931227e-01 0.000000000000000000e+00
6.865381745956573578e-01 -2.702582924451328306e-01 0.000000000000000000e+00
6.945747540246453022e-01 -2.700914529553897769e-01 0.000000000000000000e+00
7.025650751890606394e-01 -2.704819644777265997e-01 0.000000000000000000e+00
7.104669527422367015e-01 -2.714461887816992380e-01 0.000000000000000000e+00
7.182385050007036309e-01 -2.729948736508570617e-01 0.000000000000000000e+00
7.258396057642916288e-01 -2.751325823959520633e-01 0.000000000000000000e+00
7.332332208429866993e-01 -2.778572309054833656e-01 0.000000000000000000e+00
7.403865583133409922e-01 -2.811597643755607279e-01 0.000000000000000000e+00
7.472719746945251096e-01 -2.850240048209096155e-01 0.000000000000000000e+00
7.538675959231373458e-01 -2.894266969770104003e-01 0.000000000000000000e+00
7.601576310052661212e-01 -2.943377741733853581e-01 0.000000000000000000e+00
7.661323761764313733e-01 -2.997208573117675079e-01 0.000000000000000000e+00
7.717879269016869603e-01 -3.055339895562622643e-01 0.000000000000000000e+00
7.771256327534749042e-01 -3.117305972739533582e-01 0.000000000000000000e+00
7.821513449226031867e-01 -3.182606548648641565e-01 0.000000000000000000e+00
7.868745168963893200e-01 -3.250720182285259385e-01 0.000000000000000000e+00
7.913072250313311073e-01 -3.321118796388702887e-01 0.000000000000000000e+00
7.954631770568997284e-01 -3.393282866506072692e-01 0.000000000000000000e+00
7.993567730365573887e-01 -3.466716601818066179e-01 0.000000000000000000e+00
8.030022753974055405e-01 -3.540962428157199415e-01 0.000000000000000000e+00
8.064131330496110417e-01 -3.615614081490043930e-01 0.000000000000000000e+00
8.096014903316510747e-01 -3.690327659459383680e-01 0.000000000000000000e+00
8.125778956912786954e-01 -3.764830059229328785e-01 0.000000000000000000e+00
8.153512088810320746e-01 -3.838924348777842943e-01 0.000000000000000000e+00
8.179286902342801646e-01 -3.912491770052641260e-01 0.000000000000000000e+00
8.203162424107308670e-01 -3.985490247655352203e-01 0.000000000000000000e+00
8.225187647883390740e-01 -4.057949465549005041e-01 0.000000000000000000e+00
8.245405741058299265e-01 -4.129962764967966549e-01 0.000000000000000000e+00
8.263858424001421232e-01 -4.201676296979691694e-01 0.000000000000000000e+00
8.280590047870618475e-01 -4.273276021052538343e-01 0.000000000000000000e+00
8.309099746110493179e-01 -4.416989650434465786e-01 0.000000000000000000e+00
