9.649630943839573547e+02 6.778419208125925479e+02 0.000000000000000000e+00
9.701051690184168592e+02 6.589038937283401083e+02 0.000000000000000000e+00
9.749288970944785433e+02 6.376936009171015485e+02 0.000000000000000000e+00
9.795354801792178705e+02 6.136887259527350125e+02 0.000000000000000000e+00
9.838657124450666061e+02 5.873947628587284271e+02 0.000000000000000000e+00
9.877798958630182824e+02 5.600224108735161508e+02 0.000000000000000000e+00
9.911448826031195267e+02 5.328516262062768192e+02 0.000000000000000000e+00
9.938931406494098155e+02 5.066361169581580270e+02 0.000000000000000000e+00
9.960388162998456210e+02 4.813557818850784429e+02 0.000000000000000000e+00
9.976573311974078706e+02 4.564090987744197605e+02 0.000000000000000000e+00
9.988476945916623890e+02 4.310854657098964822e+02 0.000000000000000000e+00
9.996974182893353600e+02 4.050169196511636187e+02 0.000000000000000000e+00
1.000262555724347862e+03 3.783536695094852007e+02 0.000000000000000000e+00
1.000566244352045373e+03 3.515979686267086777e+02 0.000000000000000000e+00
1.000612421777922464e+03 3.252413890623381576e+02 0.000000000000000000e+00
1.000407739292612746e+03 2.994532873231952976e+02 0.000000000000000000e+00
9.999829241778552387e+02 2.740098274791429276e+02 0.000000000000000000e+00
9.994045921077604362e+02 2.484829593129813645e+02 0.000000000000000000e+00
9.987710650097583311e+02 2.225423001392925357e+02 0.000000000000000000e+00
9.981922160580436412e+02 1.961642518756181346e+02 0.000000000000000000e+00
9.977621024472861109e+02 1.696205166340745052e+02 0.000000000000000000e+00
9.975392538437830581e+02 1.432721930004998114e+02 0.000000000000000000e+00
9.975476085446669003e+02 1.173209051195112806e+02 0.000000000000000000e+00
9.977999264486126094e+02 9.168558370690632842e+01 0.000000000000000000e+00
9.983303696019336257e+02 6.607856922770234576e+01 0.000000000000000000e+00
9.992136253634575951e+02 4.021714141928290331e+01 0.000000000000000000e+00
1.000552460574003931e+03 1.401980357068094207e+01 0.000000000000000000e+00
1.002433751992595830e+03 -1.234467045612984037e+01 0.000000000000000000e+00
1.004874851886004194e+03 -3.858139551283673541e+01 0.000000000000000000e+00
1.007793143885215954e+03 -6.447460815163289283e+01 0.000000000000000000e+00
1.011022384750287529e+03 -9.003134675070178616e+01 0.000000000000000000e+00
1.014372987020385722e+03 -1.154688657399512408e+02 0.000000000000000000e+00
1.017705106447536195e+03 -1.410608495579725741e+02 0.000000000000000000e+00
1.020971948744398901e+03 -1.669525376435671546e+02 0.000000000000000000e+00
1.024205754520599612e+03 -1.930715669110828685e+02 0.000000000000000000e+00
1.027453395770449788e+03 -2.191913712591966714e+02 0.000000000000000000e+00
1.030701561929734680e+03 -2.450979396358503095e+02 0.000000000000000000e+00
1.033841123721264921e+03 -2.707418887655667277e+02 0.000000000000000000e+00
1.036697997888827331e+03 -2.962717451486038271e+02 0.000000000000000000e+00
1.039115748343058613e+03 -3.219289361225386301e+02 0.000000000000000000e+00
1.041039525648652443e+03 -3.478804125314320004e+02 0.000000000000000000e+00
1.042545889537644598e+03 -3.741055736392070230e+02 0.000000000000000000e+00
1.043794270559589222e+03 -4.004138719090587415e+02 0.000000000000000000e+00
1.044925352261080661e+03 -4.265778564812018203e+02 0.000000000000000000e+00
1.045968077813967966e+03 -4.524875565701759683e+02 0.000000000000000000e+00
1.046815327009392604e+03 -4.782197991933840058e+02 0.000000000000000000e+00
1.047287048428729122e+03 -5.039771726768256030e+02 0.000000000000000000e+00
1.047243302320444855e+03 -5.299421486490676898e+02 0.000000000000000000e+00
1.046674374283872339e+03 -5.561491203295050809e+02 0.000000000000000000e+00
1.045705459888678206e+03 -5.824619983630728939e+02 0.000000000000000000e+00
1.044505575837805281e+03 -6.086694988817197327e+02 0.000000000000000000e+00
1.043152834750718966e+03 -6.346279844033024347e+02 0.000000000000000000e+00
1.041540821248721841e+03 -6.603501303414677750e+02 0.000000000000000000e+00
1.039390341398917371e+03 -6.859780443738432041e+02 0.000000000000000000e+00
1.036367185704872782e+03 -7.116623481009556826e+02 0.000000000000000000e+00
1.032238157701457794e+03 -7.374350225589770389e+02 0.000000000000000000e+00
1.026968139393934052e+03 -7.631663793756417817e+02 0.000000000000000000e+00
1.020691545772599397e+03 -7.886334878728697504e+02 0.000000000000000000e+00
1.013566227822771907e+03 -8.136438214030968084e+02 0.000000000000000000e+00
1.005592172676944301e+03 -8.381143573160667302e+02 0.000000000000000000e+00
9.965050312946203803e+02 -8.620361606798476259e+02 0.000000000000000000e+00
9.858166312336093142e+02 -8.853391875895890735e+02 0.000000000000000000e+00
9.729920644682448483e+02 -9.077529332921980085e+02 0.000000000000000000e+00
9.576742837429437714e+02 -9.287766110784521061e+02 0.000000000000000000e+00
9.398392148062901015e+02 -9.478099970561974033e+02 0.000000000000000000e+00
9.198035341266113392e+02 -9.643906295175668220e+02 0.000000000000000000e+00
8.980894369411033722e+02 -9.784043422269431858e+02 0.000000000000000000e+00
8.752266276858240417e+02 -9.901393660487296984e+02 0.000000000000000000e+00
8.515973854781699401e+02 -1.000142190402758501e+03 0.000000000000000000e+00
8.273938842006663208e+02 -1.008952486254423206e+03 0.000000000000000000e+00
8.026842046274064160e+02 -1.016868702723686511e+03 0.000000000000000000e+00
7.775213273852659768e+02 -1.023876744726183802e+03 0.000000000000000000e+00
7.520149276766655930e+02 -1.029772498004013414e+03 0.000000000000000000e+00
7.263236620091695386e+02 -1.034389342295855840e+03 0.000000000000000000e+00
7.005867775375987776e+02 -1.037780417720438663e+03 0.000000000000000000e+00
6.748559834492481286e+02 -1.040240721497823642e+03 0.000000000000000000e+00
6.490844145949417907e+02 -1.042161812281924085e+03 0.000000000000000000e+00
6.231845680506759209e+02 -1.043821096457687872e+03 0.000000000000000000e+00
5.971145180042628908e+02 -1.045247458873421238e+03 0.000000000000000000e+00
5.709292256102916099e+02 -1.046250760823343171e+03 0.000000000000000000e+00
5.447575283825840415e+02 -1.046591732331200092e+03 0.000000000000000000e+00
5.187189120163161533e+02 -1.046175050964049433e+03 0.000000000000000000e+00
4.928395677235353673e+02 -1.045133647910412719e+03 0.000000000000000000e+00
4.670314576363312540e+02 -1.043745472693605961e+03 0.000000000000000000e+00
4.411561961594792365e+02 -1.042235926381866193e+03 0.000000000000000000e+00
4.151350833217101695e+02 -1.040595618734470463e+03 0.000000000000000000e+00
3.890297489526614072e+02 -1.038533705248202750e+03 0.000000000000000000e+00
3.630325920547416558e+02 -1.035598402323926166e+03 0.000000000000000000e+00
3.373661463318136384e+02 -1.031387017830016248e+03 0.000000000000000000e+00
3.121572413432963913e+02 -1.025709750596150798e+03 0.000000000000000000e+00
2.873792007476703247e+02 -1.018602407556943263e+03 0.000000000000000000e+00
2.629203501640395757e+02 -1.010182554425761850e+03 0.000000000000000000e+00
2.387571322503762872e+02 -1.000446637813612369e+03 0.000000000000000000e+00
2.151340792916250280e+02 -9.891457448735261551e+02 0.000000000000000000e+00
1.926312610798238723e+02 -9.758295800161110947e+02 0.000000000000000000e+00
1.720519120804243585e+02 -9.600433333804032827e+02 0.000000000000000000e+00
1.541625299029660709e+02 -9.415671725108365990e+02 0.000000000000000000e+00
1.394071156027578695e+02 -9.205618757044954918e+02 0.000000000000000000e+00
1.277417080944281480e+02 -8.975405365235008048e+02 0.000000000000000000e+00
1.186771835912497437e+02 -8.731874061037706269e+02 0.000000000000000000e+00
1.115086500045862579e+02 -8.481273581088184983e+02 0.000000000000000000e+00
1.056110983568903805e+02 -8.227652657483696430e+02 0.000000000000000000e+00
1.006499083617926971e+02 -7.972603202098216570e+02 0.000000000000000000e+00
9.660838434326366553e+01 -7.716158488291493995e+02 0.000000000000000000e+00
9.364024465098684402e+01 -7.458050639600864997e+02 0.000000000000000000e+00
9.185076842310056122e+01 -7.198508289137239444e+02 0.000000000000000000e+00
9.114164014418233251e+01 -6.938259864497772469e+02 0.000000000000000000e+00
9.120655646838457642e+01 -6.678012715820071890e+02 0.000000000000000000e+00
9.166955219642110819e+01 -6.417984949351459818e+02 0.000000000000000000e+00
9.227409356247726180e+01 -6.157909360215583092e+02 0.000000000000000000e+00
9.300699447970680467e+01 -5.897481693774450378e+02 0.000000000000000000e+00
9.408769002691589378e+01 -5.636850985229483513e+02 0.000000000000000000e+00
9.583833848055806470e+01 -5.376726265936088112e+02 0.000000000000000000e+00
9.852041131740043056e+01 -5.118000683136498878e+02 0.000000000000000000e+00
1.022375414117936856e+02 -4.861205902939192924e+02 0.000000000000000000e+00
1.069572014403279780e+02 -4.606281770040660035e+02 0.000000000000000000e+00
1.126272974442255475e+02 -4.352936002588015754e+02 0.000000000000000000e+00
1.193058627289816087e+02 -4.101420633047363253e+02 0.000000000000000000e+00
1.272166976633579196e+02 -3.853192698571659776e+02 0.000000000000000000e+00
1.366914586889240582e+02 -3.610928898650992664e+02 0.000000000000000000e+00
1.480280258666489033e+02 -3.377747755288389158e+02 0.000000000000000000e+00
1.613436477337960184e+02 -3.156007041055241871e+02 0.000000000000000000e+00
1.765020462972900077e+02 -2.946339544682126075e+02 0.000000000000000000e+00
1.931492122092924433e+02 -2.747462051843268682e+02 0.000000000000000000e+00
2.108320670698602726e+02 -2.556823001603761725e+02 0.000000000000000000e+00
2.291334463608322665e+02 -2.371655431562946035e+02 0.000000000000000000e+00
2.477570203171683829e+02 -2.189799730255177224e+02 0.000000000000000000e+00
2.665320554080101374e+02 -2.009874027979158484e+02 0.000000000000000000e+00
2.853552043924559030e+02 -1.830834933414530497e+02 0.000000000000000000e+00
3.041163604173484032e+02 -1.651362535943016496e+02 0.000000000000000000e+00
3.226534687616519932e+02 -1.469563487567197058e+02 0.000000000000000000e+00
3.407533627446748028e+02 -1.283199429489740453e+02 0.000000000000000000e+00
3.581829595634769703e+02 -1.090242467891631861e+02 0.000000000000000000e+00
3.747183992584851353e+02 -8.893341798313663560e+01 0.000000000000000000e+00
3.901471977839940450e+02 -6.798343431937361458e+01 0.000000000000000000e+00
4.042423581651359541e+02 -4.614926476723283599e+01 0.000000000000000000e+00
4.167304402104496717e+02 -2.340883782830943005e+01 0.000000000000000000e+00
4.272829447189747043e+02 2.584338741255720606e-01 0.000000000000000000e+00
4.355482914396971523e+02 2.482874809545435824e+01 0.000000000000000000e+00
4.412185770633199695e+02 5.017536764623358891e+01 0.000000000000000000e+00
4.441053404308912604e+02 7.604282997101933006e+01 0.000000000000000000e+00
4.441926838312834320e+02 1.020863601308675470e+02 0.000000000000000000e+00
4.416462692560021992e+02 1.279665144021392962e+02 0.000000000000000000e+00
4.367761762484116730e+02 1.534495051002876949e+02 0.000000000000000000e+00
4.299699697871091075e+02 1.784558270966777798e+02 0.000000000000000000e+00
4.216215453029252558e+02 2.030311369266619010e+02 0.000000000000000000e+00
4.120791107307990160e+02 2.272634862542806218e+02 0.000000000000000000e+00
4.016250868129324658e+02 2.512054312428961680e+02 0.000000000000000000e+00
3.904873059924190102e+02 2.748537016491599161e+02 0.000000000000000000e+00
3.788698051707399372e+02 2.981963718711808156e+02 0.000000000000000000e+00
3.669859890112956577e+02 3.212875267725368076e+02 0.000000000000000000e+00
3.550782024551271547e+02 3.442878565216972220e+02 0.000000000000000000e+00
3.434151539072463493e+02 3.674326467388701190e+02 0.000000000000000000e+00
3.322695979079255153e+02 3.909408500013115031e+02 0.000000000000000000e+00
3.218888044467532268e+02 4.149233842528293508e+02 0.000000000000000000e+00
3.124745724377711440e+02 4.393528700653408237e+02 0.000000000000000000e+00
3.041847400930922731e+02 4.641160534834489795e+02 0.000000000000000000e+00
2.971556200211998657e+02 4.891119593844083511e+02 0.000000000000000000e+00
2.915308619495754670e+02 5.143248882738895418e+02 0.000000000000000000e+00
2.874754914198272786e+02 5.398175406166992616e+02 0.000000000000000000e+00
2.851599977863471622e+02 5.656465726092210389e+02 0.000000000000000000e+00
2.847167759939893585e+02 5.917613401567492701e+02 0.000000000000000000e+00
2.861906882312117659e+02 6.179637747944029798e+02 0.000000000000000000e+00
2.895147414782750275e+02 6.439679268412505735e+02 0.000000000000000000e+00
2.945331767084343255e+02 6.695264397871859501e+02 0.000000000000000000e+00
3.010702114975702557e+02 6.945375961058975918e+02 0.000000000000000000e+00
3.090158859481416584e+02 7.190509856527247621e+02 0.000000000000000000e+00
3.183867949224801919e+02 7.431540908843835496e+02 0.000000000000000000e+00
3.293284323019811950e+02 7.668054634496893414e+02 0.000000000000000000e+00
3.420540659518245548e+02 7.897253819704499165e+02 0.000000000000000000e+00
3.567474382271701643e+02 8.114271893506385140e+02 0.000000000000000000e+00
3.734749194354091628e+02 8.313854793380220372e+02 0.000000000000000000e+00
3.921465808555876151e+02 8.492464164463146972e+02 0.000000000000000000e+00
4.125388161643608100e+02 8.649522653320482277e+02 0.000000000000000000e+00
4.343594911385869182e+02 8.787022581411160900e+02 0.000000000000000000e+00
4.573183403283130701e+02 8.907754510790338145e+02 0.000000000000000000e+00
4.811698385210692095e+02 9.013307362637733604e+02 0.000000000000000000e+00
5.057181255095923689e+02 9.103139083655105424e+02 0.000000000000000000e+00
5.307981769364240563e+02 9.175293820264320175e+02 0.000000000000000000e+00
5.562584531794543636e+02 9.228214609761533893e+02 0.000000000000000000e+00
5.819619113510024135e+02 9.262329419320599300e+02 0.000000000000000000e+00
6.078021819941434387e+02 9.280216091835088719e+02 0.000000000000000000e+00
6.337153713953081251e+02 9.285122113557999910e+02 0.000000000000000000e+00
6.596678024647779921e+02 9.278785471435704721e+02 0.000000000000000000e+00
6.856167361257690800e+02 9.260062329884211749e+02 0.000000000000000000e+00
7.114629904196293637e+02 9.225391006103809559e+02 0.000000000000000000e+00
7.370252321974757024e+02 9.170886349748968769e+02 0.000000000000000000e+00
7.620562599410511666e+02 9.094689020624043678e+02 0.000000000000000000e+00
7.862963447135294928e+02 8.997922302944607509e+02 0.000000000000000000e+00
8.095336832877632105e+02 8.883495504059590075e+02 0.000000000000000000e+00
8.316344815981605052e+02 8.753505920658495825e+02 0.000000000000000000e+00
8.525219211978460407e+02 8.607116924816908750e+02 0.000000000000000000e+00
8.721153872840889107e+02 8.440694372411338691e+02 0.000000000000000000e+00
8.902692092423512804e+02 8.250601077956076779e+02 0.000000000000000000e+00
9.067555399847491344e+02 8.037190138610412760e+02 0.000000000000000000e+00
9.213137762710850893e+02 7.807416647941365682e+02 0.000000000000000000e+00
9.337508947192227424e+02 7.573943880995678910e+02 0.000000000000000000e+00
9.440451829940578818e+02 7.350534040878901578e+02 0.000000000000000000e+00
9.523990194699634912e+02 7.145807094387780580e+02 0.000000000000000000e+00
9.649630943839573547e+02 6.778419208125925479e+02 0.000000000000000000e+00
