4.269790982750244490e-01 0.000000000000000000e+00 -7.914843739373085552e-02
4.282246598505223822e-01 0.000000000000000000e+00 -8.410851643469818839e-02
4.293554356000285899e-01 0.000000000000000000e+00 -8.909453923737105374e-02
4.303702284357766583e-01 0.000000000000000000e+00 -9.410714219215172982e-02
4.312676313617452295e-01 0.000000000000000000e+00 -9.914701728168250072e-02
4.320460176966729460e-01 0.000000000000000000e+00 -1.042148398109858654e-01
4.327035410606308030e-01 0.000000000000000000e+00 -1.093111891143597192e-01
4.332381460418144870e-01 0.000000000000000000e+00 -1.144364645351172438e-01
4.336475900122875871e-01 0.000000000000000000e+00 -1.195907993473414310e-01
4.339294760767714587e-01 0.000000000000000000e+00 -1.247739755607931017e-01
4.340812966373445159e-01 0.000000000000000000e+00 -1.299853427069429246e-01
4.341004865601800766e-01 0.000000000000000000e+00 -1.352237437362094064e-01
4.339844844594352158e-01 0.000000000000000000e+00 -1.404874510591405945e-01
4.337308001886377440e-01 0.000000000000000000e+00 -1.457741155378472764e-01
4.333370862704146176e-01 0.000000000000000000e+00 -1.510807308840093344e-01
4.328012107178695889e-01 0.000000000000000000e+00 -1.564036154567576831e-01
4.321213285190944053e-01 0.000000000000000000e+00 -1.617384128928938403e-01
4.312959489803471769e-01 0.000000000000000000e+00 -1.670801123625972884e-01
4.303239961595200502e-01 0.000000000000000000e+00 -1.724230885488207965e-01
4.292048597714748226e-01 0.000000000000000000e+00 -1.777611607234690916e-01
4.279384342080487236e-01 0.000000000000000000e+00 -1.830876695654003461e-01
4.265251436809579522e-01 0.000000000000000000e+00 -1.883955696622179321e-01
4.249659519541963970e-01 0.000000000000000000e+00 -1.936775349873324503e-01
4.232623556686677113e-01 0.000000000000000000e+00 -1.989260740720993625e-01
4.214163608572037978e-01 0.000000000000000000e+00 -2.041336511238495688e-01
4.194304428815515684e-01 0.000000000000000000e+00 -2.092928089948555559e-01
4.173074906711720100e-01 0.000000000000000000e+00 -2.143962897011477964e-01
4.150507367824514127e-01 0.000000000000000000e+00 -2.194371481351985731e-01
4.126636754016070330e-01 0.000000000000000000e+00 -2.244088547191133431e-01
4.101499709613176670e-01 0.000000000000000000e+00 -2.293053830057104892e-01
4.075133605076101118e-01 0.000000000000000000e+00 -2.341212786485986352e-01
4.047575533199480047e-01 0.000000000000000000e+00 -2.388517067181997189e-01
4.018861315371737297e-01 0.000000000000000000e+00 -2.434924750223996515e-01
3.989024556622113304e-01 0.000000000000000000e+00 -2.480400318769636070e-01
3.958095788009760030e-01 0.000000000000000000e+00 -2.524914376366749758e-01
3.926101733322822640e-01 0.000000000000000000e+00 -2.568443102145704926e-01
3.893064734072962385e-01 0.000000000000000000e+00 -2.610967457524774327e-01
3.859002362459104107e-01 0.000000000000000000e+00 -2.652472165287890205e-01
3.823927246449326245e-01 0.000000000000000000e+00 -2.692944490663102819e-01
3.787847124554216127e-01 0.000000000000000000e+00 -2.732372862022820481e-01
3.750765140441997270e-01 0.000000000000000000e+00 -2.770745375746514472e-01
3.712680379513486062e-01 0.000000000000000000e+00 -2.808048235367675560e-01
3.673588641178472947e-01 0.000000000000000000e+00 -2.844264179145545857e-01
3.633483432137272762e-01 0.000000000000000000e+00 -2.879370952484645585e-01
3.592357157763219622e-01 0.000000000000000000e+00 -2.913339882054251095e-01
3.550202480992903364e-01 0.000000000000000000e+00 -2.946134606980304049e-01
3.507013811238436918e-01 0.000000000000000000e+00 -2.977710019102967620e-01
3.462788879995137292e-01 0.000000000000000000e+00 -3.008011459088377193e-01
3.417530355252902940e-01 0.000000000000000000e+00 -3.036974208290865174e-01
3.371247443714898706e-01 0.000000000000000000e+00 -3.064523307879467584e-01
3.323957428321012708e-01 0.000000000000000000e+00 -3.090573727120818348e-01
3.275687088752123333e-01 0.000000000000000000e+00 -3.115030892146281594e-01
3.226473954484840312e-01 0.000000000000000000e+00 -3.137791575357370966e-01
3.176367343547957245e-01 0.000000000000000000e+00 -3.158745134198063798e-01
3.125429145316740431e-01 0.000000000000000000e+00 -3.177775076717173075e-01
3.073734312329344798e-01 0.000000000000000000e+00 -3.194760920530815285e-01
3.021371034029917135e-01 0.000000000000000000e+00 -3.209580301834779603e-01
2.968440574298494283e-01 0.000000000000000000e+00 -3.222111282346121208e-01
2.915056764344041151e-01 0.000000000000000000e+00 -3.232234794773472530e-01
2.861345152710043638e-01 0.000000000000000000e+00 -3.239837161881540251e-01
2.807441824449089518e-01 0.000000000000000000e+00 -3.244812620626885136e-01
2.753491911632447997e-01 0.000000000000000000e+00 -3.247065781337282742e-01
2.699647826943946116e-01 0.000000000000000000e+00 -3.246513952556027705e-01
2.646067260849558345e-01 0.000000000000000000e+00 -3.243089264975854702e-01
2.592910990444274866e-01 0.000000000000000000e+00 -3.236740532774264323e-01
2.540340554299977960e-01 0.000000000000000000e+00 -3.227434797493838881e-01
2.488515852259185757e-01 0.000000000000000000e+00 -3.215158508183912911e-01
2.437592731977564209e-01 0.000000000000000000e+00 -3.199918301572052814e-01
2.387720625007471731e-01 0.000000000000000000e+00 -3.181741357253664026e-01
2.339040294290373190e-01 0.000000000000000000e+00 -3.160675314925071033e-01
2.291681752105051151e-01 0.000000000000000000e+00 -3.136787753160505954e-01
2.245762402880687736e-01 0.000000000000000000e+00 -3.110165241752542165e-01
2.201385458968407594e-01 0.000000000000000000e+00 -3.080911991801907890e-01
2.158638669666635979e-01 0.000000000000000000e+00 -3.049148139170488880e-01
2.117593394758950365e-01 0.000000000000000000e+00 -3.015007707238525070e-01
2.078304043833342774e-01 0.000000000000000000e+00 -2.978636303807221664e-01
2.040807892026575976e-01 0.000000000000000000e+00 -2.940188614181370452e-01
2.005125271915692842e-01 0.000000000000000000e+00 -2.899825757729488918e-01
1.971260130409773215e-01 0.000000000000000000e+00 -2.857712578391080060e-01
1.939200929026815290e-01 0.000000000000000000e+00 -2.814014940590408576e-01
1.908921856207907997e-01 0.000000000000000000e+00 -2.768897100803899836e-01
1.880384311634409056e-01 0.000000000000000000e+00 -2.722519221666555578e-01
1.853538615149625535e-01 0.000000000000000000e+00 -2.675035090114552538e-01
1.828325887076853451e-01 0.000000000000000000e+00 -2.626590093835975415e-01
1.804680042650938510e-01 0.000000000000000000e+00 -2.577319501488058995e-01
1.782529841063650311e-01 0.000000000000000000e+00 -2.527347082037874615e-01
1.761800929325053333e-01 0.000000000000000000e+00 -2.476784087535021661e-01
1.742417822760776447e-01 0.000000000000000000e+00 -2.425728612000118689e-01
1.724305767431959791e-01 0.000000000000000000e+00 -2.374265327298950012e-01
1.707392434952660354e-01 0.000000000000000000e+00 -2.322465585259878562e-01
1.691609406903469282e-01 0.000000000000000000e+00 -2.270387864262811140e-01
1.676893414064155596e-01 0.000000000000000000e+00 -2.218078528440359243e-01
1.663187304733790839e-01 0.000000000000000000e+00 -2.165572858810155266e-01
1.650440726162206717e-01 0.000000000000000000e+00 -2.112896308380290966e-01
1.638610513247502065e-01 0.000000000000000000e+00 -2.060065927761808857e-01
1.627660788814976889e-01 0.000000000000000000e+00 -2.007091904245113523e-01
1.617562789638353482e-01 0.000000000000000000e+00 -1.953979155745946550e-01
1.608294441561563815e-01 0.000000000000000000e+00 -1.900728921525898507e-01
1.599839715319494038e-01 0.000000000000000000e+00 -1.847340294096251057e-01
1.592187801663606794e-01 0.000000000000000000e+00 -1.793811641107702637e-01
1.585332149941328095e-01 0.000000000000000000e+00 -1.740141872133055823e-01
1.579269418175726636e-01 0.000000000000000000e+00 -1.686331512828473933e-01
1.573998384820600449e-01 0.000000000000000000e+00 -1.632383557725018419e-01
1.569518872663443754e-01 0.000000000000000000e+00 -1.578304082530518349e-01
1.565830733815579690e-01 0.000000000000000000e+00 -1.524102606959102657e-01
1.562932941429375500e-01 0.000000000000000000e+00 -1.469792209383490589e-01
1.560822828841400278e-01 0.000000000000000000e+00 -1.415389404652501459e-01
1.559495510439123933e-01 0.000000000000000000e+00 -1.360913805872796811e-01
1.558943510918255615e-01 0.000000000000000000e+00 -1.306387599482325135e-01
1.559156621011525135e-01 0.000000000000000000e+00 -1.251834870240773612e-01
1.560121988533172965e-01 0.000000000000000000e+00 -1.197280818572140360e-01
1.561824444024480507e-01 0.000000000000000000e+00 -1.142750916813058820e-01
1.564247050742720857e-01 0.000000000000000000e+00 -1.088270053205378923e-01
1.567371859546249635e-01 0.000000000000000000e+00 -1.033861712846165376e-01
1.571180840717149585e-01 0.000000000000000000e+00 -9.795472432644204697e-02
1.575656957230779365e-01 0.000000000000000000e+00 -9.253452488914845619e-02
1.580785337696149762e-01 0.000000000000000000e+00 -8.712711535573784694e-02
1.586554502376069653e-01 0.000000000000000000e+00 -8.173369634659095884e-02
1.592957592524784916e-01 0.000000000000000000e+00 -7.635512551195888786e-02
1.599993551869981212e-01 0.000000000000000000e+00 -7.099194036699492394e-02
1.607668209471468657e-01 0.000000000000000000e+00 -6.564440574842030085e-02
1.615995215404347485e-01 0.000000000000000000e+00 -6.031258546946013238e-02
1.624996784671333128e-01 0.000000000000000000e+00 -5.499643674937546717e-02
1.634704210319107287e-01 0.000000000000000000e+00 -4.969592503186955751e-02
1.645158113733546090e-01 0.000000000000000000e+00 -4.441115591767237636e-02
1.656408408286172973e-01 0.000000000000000000e+00 -3.914252015301503823e-02
1.668513961625890385e-01 0.000000000000000000e+00 -3.389084696615411035e-02
1.681541951651210620e-01 0.000000000000000000e+00 -2.865756055263386087e-02
1.695566921232866953e-01 0.000000000000000000e+00 -2.344483419514492920e-02
1.710669546748883052e-01 0.000000000000000000e+00 -1.825573637811190794e-02
1.726935145109390335e-01 0.000000000000000000e+00 -1.309436332644255130e-02
1.744451952864788102e-01 0.000000000000000000e+00 -7.965952661380218056e-03
1.763309218910084075e-01 0.000000000000000000e+00 -2.876973316604285440e-03
1.783595158955652016e-01 0.000000000000000000e+00 2.164812519344199056e-03
1.805394825108048718e-01 0.000000000000000000e+00 7.150318892480527107e-03
1.828787947421473270e-01 0.000000000000000000e+00 1.206913955940624658e-02
1.853846806023864702e-01 0.000000000000000000e+00 1.690958700323481195e-02
1.880634192333656418e-01 0.000000000000000000e+00 2.165876747606425637e-02
1.909201515966774121e-01 0.000000000000000000e+00 2.630269145802702560e-02
1.939587110251911051e-01 0.000000000000000000e+00 3.082641783254994744e-02
1.971814783946868876e-01 0.000000000000000000e+00 3.521422902925338411e-02
2.005892659954831014e-01 0.000000000000000000e+00 3.944983341447619307e-02
2.041812333799189749e-01 0.000000000000000000e+00 4.351659034666295611e-02
2.079548375591273868e-01 0.000000000000000000e+00 4.739775258805607044e-02
2.119058189509500922e-01 0.000000000000000000e+00 5.107672019891345422e-02
2.160282234714711591e-01 0.000000000000000000e+00 5.453729965403909807e-02
2.203144601477763920e-01 0.000000000000000000e+00 5.776396172595707479e-02
2.247553926414273262e-01 0.000000000000000000e+00 6.074209168039638312e-02
2.293404621418147493e-01 0.000000000000000000e+00 6.345822552713249742e-02
2.340578382448696981e-01 0.000000000000000000e+00 6.590026645542021444e-02
2.388945937012532938e-01 0.000000000000000000e+00 6.805767614481811334e-02
2.438368983208176188e-01 0.000000000000000000e+00 6.992163636000923999e-02
2.488702268738845480e-01 0.000000000000000000e+00 7.148517708811895355e-02
2.539795755465495963e-01 0.000000000000000000e+00 7.274326843072614901e-02
2.591496813931388754e-01 0.000000000000000000e+00 7.369287448879151270e-02
2.643652392847572474e-01 0.000000000000000000e+00 7.433296854358666106e-02
2.696111110736202354e-01 0.000000000000000000e+00 7.466450990596676385e-02
2.748725220682163850e-01 0.000000000000000000e+00 7.469038384586064450e-02
2.801352404290236020e-01 0.000000000000000000e+00 7.441530699093852619e-02
2.853857357288611118e-01 0.000000000000000000e+00 7.384570146789647127e-02
2.906113136527432306e-01 0.000000000000000000e+00 7.298954182502735699e-02
2.958002246132855340e-01 0.000000000000000000e+00 7.185617939849686664e-02
3.009417449014358259e-01 0.000000000000000000e+00 7.045614924987739225e-02
3.060262298498478972e-01 0.000000000000000000e+00 6.880096509751894296e-02
3.110451393290495914e-01 0.000000000000000000e+00 6.690290778368483682e-02
3.159910366972451534e-01 0.000000000000000000e+00 6.477481276355279149e-02
3.208575630578110460e-01 0.000000000000000000e+00 6.242986187760807965e-02
3.256393893218574309e-01 0.000000000000000000e+00 5.988138428770211491e-02
3.303321491078578531e-01 0.000000000000000000e+00 5.714267093629361860e-02
3.349323559217324831e-01 0.000000000000000000e+00 5.422680624975619729e-02
3.394373083390468948e-01 0.000000000000000000e+00 5.114652007533179029e-02
3.438449870511570139e-01 0.000000000000000000e+00 4.791406204521653223e-02
3.481539476392758181e-01 0.000000000000000000e+00 4.454109972986293464e-02
3.523632128094504323e-01 0.000000000000000000e+00 4.103864110590595832e-02
3.564721675669367262e-01 0.000000000000000000e+00 3.741698105165193466e-02
3.604804604441462779e-01 0.000000000000000000e+00 3.368567082271136520e-02
3.643879134396176278e-01 0.000000000000000000e+00 2.985350877742183259e-02
3.681944427965623268e-01 0.000000000000000000e+00 2.592855003809081335e-02
3.718999921708238676e-01 0.000000000000000000e+00 2.191813230746845337e-02
3.755044791331576537e-01 0.000000000000000000e+00 1.782891472320010176e-02
3.790077553435189928e-01 0.000000000000000000e+00 1.366692643407930140e-02
3.824095801489106883e-01 0.000000000000000000e+00 9.437621523174951482e-03
3.857096068132239708e-01 0.000000000000000000e+00 5.145936981425976338e-03
3.889073801071585290e-01 0.000000000000000000e+00 7.963506430181511260e-04
3.920023435854970151e-01 0.000000000000000000e+00 -3.607063682052995442e-03
3.949938545710526272e-01 0.000000000000000000e+00 -8.060586219411636222e-03
3.978812046588145468e-01 0.000000000000000000e+00 -1.256080822469019843e-02
4.006636434552696691e-01 0.000000000000000000e+00 -1.710459724204126120e-02
4.033404032772887060e-01 0.000000000000000000e+00 -2.168907131947309108e-02
4.059107226486759479e-01 0.000000000000000000e+00 -2.631158228026867635e-02
4.083738666427372266e-01 0.000000000000000000e+00 -3.096970757676530128e-02
4.107291424144749459e-01 0.000000000000000000e+00 -3.566124972443919516e-02
4.129759086314478966e-01 0.000000000000000000e+00 -4.038424185258298466e-02
4.151135779304824247e-01 0.000000000000000000e+00 -4.513695753189146675e-02
4.171416119788960986e-01 0.000000000000000000e+00 -4.991792276427400171e-02
4.190595091831545438e-01 0.000000000000000000e+00 -5.472592785713949887e-02
4.208667855440871297e-01 0.000000000000000000e+00 -5.956003685953158155e-02
4.225629495856176310e-01 0.000000000000000000e+00 -6.441959231211473458e-02
4.241474726644144377e-01 0.000000000000000000e+00 -6.930421325349069017e-02
4.269790982750244490e-01 0.000000000000000000e+00 -7.914843739373085552e-02
