5.871078289505556047e-02 -2.348748401769307492e-01 0.000000000000000000e+00
5.580394047951836578e-02 -2.076218533699778768e-01 0.000000000000000000e+00
5.228173065070615411e-02 -1.721975040662876155e-01 0.000000000000000000e+00
4.872719350956800088e-02 -1.304893822217945698e-01 0.000000000000000000e+00
4.640346119507434558e-02 -8.839771352427440443e-02 0.000000000000000000e+00
4.517251635559434153e-02 -4.955358590249447914e-02 0.000000000000000000e+00
4.416200544503933595e-02 -1.247454466227775755e-02 0.000000000000000000e+00
4.318656642398021467e-02 2.612104879980190614e-02 0.000000000000000000e+00
4.250102744149462236e-02 6.678848550691235397e-02 0.000000000000000000e+00
4.154201913618900399e-02 1.071913255932501891e-01 0.000000000000000000e+00
3.892196790991207106e-02 1.456148085228062550e-01 0.000000000000000000e+00
3.378909847566564928e-02 1.830324452290032489e-01 0.000000000000000000e+00
2.628949756923958797e-02 2.212132410532870741e-01 0.000000000000000000e+00
1.608406504570453546e-02 2.596874577243578064e-01 0.000000000000000000e+00
1.006846547506441486e-03 2.953689763705683036e-01 0.000000000000000000e+00
-2.174337646946597133e-02 3.248403541244329062e-01 0.000000000000000000e+00
-5.280237360321485968e-02 3.463697274092319423e-01 0.000000000000000000e+00
-8.958380621487271878e-02 3.600056147264228956e-01 0.000000000000000000e+00
-1.283723349755081233e-01 3.668024006840919227e-01 0.000000000000000000e+00
-1.671396834007467525e-01 3.684596773652218382e-01 0.000000000000000000e+00
-2.059897862614400443e-01 3.669824769739182813e-01 0.000000000000000000e+00
-2.453357108427320910e-01 3.636705491995852468e-01 0.000000000000000000e+00
-2.845651452079386301e-01 3.582973182616334129e-01 0.000000000000000000e+00
-3.227398506207012630e-01 3.498355890991679540e-01 0.000000000000000000e+00
-3.598784115815995555e-01 3.381698195063965739e-01 0.000000000000000000e+00
-3.967900772126502495e-01 3.245949114270110236e-01 0.000000000000000000e+00
-4.337333523270889835e-01 3.102964413452225512e-01 0.000000000000000000e+00
-4.698682603076638764e-01 2.948050980244044661e-01 0.000000000000000000e+00
-5.042627498961033128e-01 2.766225596184678781e-01 0.000000000000000000e+00
-5.370210117789928628e-01 2.552873629904323094e-01 0.000000000000000000e+00
-5.689980658686345505e-01 2.320683244087042296e-01 0.000000000000000000e+00
-6.004781606643647685e-01 2.082301190353747777e-01 0.000000000000000000e+00
-6.303867343340935347e-01 1.831049141220871257e-01 0.000000000000000000e+00
-6.567016191915300283e-01 1.545427818074043003e-01 0.000000000000000000e+00
-6.773132954664717875e-01 1.212475076206254027e-01 0.000000000000000000e+00
-6.905302611799840617e-01 8.417790929705525060e-02 0.000000000000000000e+00
-6.953186765479967280e-01 4.558583759409849667e-02 0.000000000000000000e+00
-6.916126371971520470e-01 7.242140485412065787e-03 0.000000000000000000e+00
-6.804532132244287546e-01 -3.003862762959400370e-02 0.000000000000000000e+00
-6.635523120412709641e-01 -6.566555501163030828e-02 0.000000000000000000e+00
-6.425569584958364944e-01 -9.897967179246777714e-02 0.000000000000000000e+00
-6.187071427068393525e-01 -1.299149394939243807e-01 0.000000000000000000e+00
-5.929870140632791387e-01 -1.593375754388321464e-01 0.000000000000000000e+00
-5.661812943771938889e-01 -1.881750482362125887e-01 0.000000000000000000e+00
-5.385886442415089848e-01 -2.163719004311638328e-01 0.000000000000000000e+00
-5.099502023292658004e-01 -2.431586331637660137e-01 0.000000000000000000e+00
-4.800036322853605819e-01 -2.682908602783384833e-01 0.000000000000000000e+00
-4.490484803127943181e-01 -2.924731599597977794e-01 0.000000000000000000e+00
-4.176619511843056021e-01 -3.163222148565672520e-01 0.000000000000000000e+00
-3.858773181259935736e-01 -3.393719941586254008e-01 0.000000000000000000e+00
-3.530794491496057064e-01 -3.606460990175210934e-01 0.000000000000000000e+00
-3.189682615209092353e-01 -3.800890534957444000e-01 0.000000000000000000e+00
-2.842720922240622450e-01 -3.988264768257153148e-01 0.000000000000000000e+00
-2.499891115009702236e-01 -4.177965305801364937e-01 0.000000000000000000e+00
-2.160217337239640489e-01 -4.366599334063315241e-01 0.000000000000000000e+00
-1.813096105948653336e-01 -4.547097325160027737e-01 0.000000000000000000e+00
-1.458781821947854052e-01 -4.728415156029234234e-01 0.000000000000000000e+00
-1.125009745298675423e-01 -4.940087440668098351e-01 0.000000000000000000e+00
-8.560629313837932186e-02 -5.212247984431956915e-01 0.000000000000000000e+00
-6.811653827452364418e-02 -5.550899264635378305e-01 0.000000000000000000e+00
-5.942115494847588497e-02 -5.934131115020612190e-01 0.000000000000000000e+00
-5.649488520089523264e-02 -6.331491350057015799e-01 0.000000000000000000e+00
-5.674410246167149036e-02 -6.725057624589791949e-01 0.000000000000000000e+00
-5.964140039025938450e-02 -7.113084088915079262e-01 0.000000000000000000e+00
-6.610066495475230841e-02 -7.498266058638344278e-01 0.000000000000000000e+00
-7.710155662526269049e-02 -7.876248682886356489e-01 0.000000000000000000e+00
-9.320970216232091210e-02 -8.234267187603722116e-01 0.000000000000000000e+00
-1.148274928851445165e-01 -8.557087518662013226e-01 0.000000000000000000e+00
-1.420725149814841271e-01 -8.833127269997065323e-01 0.000000000000000000e+00
-1.741858842731641988e-01 -9.057811425672618322e-01 0.000000000000000000e+00
-2.094729086687539266e-01 -9.234506798697126317e-01 0.000000000000000000e+00
-2.462105747750886475e-01 -9.372681040290942178e-01 0.000000000000000000e+00
-2.835886836140552036e-01 -9.483074588054678511e-01 0.000000000000000000e+00
-3.216347277900740709e-01 -9.572711913231676251e-01 0.000000000000000000e+00
-3.603882994734883272e-01 -9.643814231616488764e-01 0.000000000000000000e+00
-3.994699914870256663e-01 -9.696909884707841654e-01 0.000000000000000000e+00
-4.384730906800025640e-01 -9.734041052614906819e-01 0.000000000000000000e+00
-4.774282743363640891e-01 -9.758748335572028365e-01 0.000000000000000000e+00
-5.166173667113821422e-01 -9.774050470568116378e-01 0.000000000000000000e+00
-5.560588621993044489e-01 -9.781474830760268357e-01 0.000000000000000000e+00
-5.954477493989613901e-01 -9.781442840905498759e-01 0.000000000000000000e+00
-6.345919954258488760e-01 -9.772985759176850973e-01 0.000000000000000000e+00
-6.736365989313206626e-01 -9.752641732097976357e-01 0.000000000000000000e+00
-7.127309931918435204e-01 -9.715070014421272049e-01 0.000000000000000000e+00
-7.516738232520790985e-01 -9.656235871102682999e-01 0.000000000000000000e+00
-7.900908807136498568e-01 -9.575570601139312688e-01 0.000000000000000000e+00
-8.278180313260934398e-01 -9.473166536644480606e-01 0.000000000000000000e+00
-8.647360974041816695e-01 -9.343904522789401312e-01 0.000000000000000000e+00
-9.000818732957165391e-01 -9.175558934449572490e-01 0.000000000000000000e+00
-9.321889970148297122e-01 -8.955019180528320799e-01 0.000000000000000000e+00
-9.592904396303874037e-01 -8.678077873436494949e-01 0.000000000000000000e+00
-9.807138608743355412e-01 -8.353673667510994605e-01 0.000000000000000000e+00
-9.972030158897143837e-01 -7.998591647872489441e-01 0.000000000000000000e+00
-1.010044825066160668e+00 -7.627814081719794803e-01 0.000000000000000000e+00
-1.020019091547505807e+00 -7.248998825551171699e-01 0.000000000000000000e+00
-1.027265680098339518e+00 -6.864169186011471746e-01 0.000000000000000000e+00
-1.031960945028405741e+00 -6.474446213728914934e-01 0.000000000000000000e+00
-1.034773779596241727e+00 -6.082251673105824041e-01 0.000000000000000000e+00
-1.036518185731885699e+00 -5.689942128361464846e-01 0.000000000000000000e+00
-1.037524756834918183e+00 -5.298055100129264172e-01 0.000000000000000000e+00
-1.037562888073527478e+00 -4.905781450665657184e-01 0.000000000000000000e+00
-1.036359142066000105e+00 -4.512815015750824554e-01 0.000000000000000000e+00
-1.033998510352426736e+00 -4.120120110898972121e-01 0.000000000000000000e+00
-1.030740692165728500e+00 -3.728913563234151907e-01 0.000000000000000000e+00
-1.026613644018787408e+00 -3.339448993348690942e-01 0.000000000000000000e+00
-1.021404964382415459e+00 -2.951114074217948691e-01 0.000000000000000000e+00
-1.015046659472920165e+00 -2.563481001933389236e-01 0.000000000000000000e+00
-1.007793212574872754e+00 -2.176940171125873735e-01 0.000000000000000000e+00
-9.998837120011262458e-01 -1.792384559727626392e-01 0.000000000000000000e+00
-9.911684431047416144e-01 -1.410527083051722197e-01 0.000000000000000000e+00
-9.813458704601261129e-01 -1.031368708641342419e-01 0.000000000000000000e+00
-9.706812700072526834e-01 -6.537574811291194110e-02 0.000000000000000000e+00
-9.603524262622484819e-01 -2.751983342783290848e-02 0.000000000000000000e+00
-9.519060647141687204e-01 1.073451004330351621e-02 0.000000000000000000e+00
-9.463537446734389125e-01 4.955224392926410593e-02 0.000000000000000000e+00
-9.438526944971759036e-01 8.880445154798011220e-02 0.000000000000000000e+00
-9.441498003751522816e-01 1.281377489951522342e-01 0.000000000000000000e+00
-9.470264355150189717e-01 1.672452860587416990e-01 0.000000000000000000e+00
-9.521228095936666858e-01 2.060817728452924158e-01 0.000000000000000000e+00
-9.585249314662692699e-01 2.448158191375358061e-01 0.000000000000000000e+00
-9.649336679429030283e-01 2.836108166690758936e-01 0.000000000000000000e+00
-9.704372621829202572e-01 3.224988923258754192e-01 0.000000000000000000e+00
-9.749681840803263722e-01 3.614497405757089443e-01 0.000000000000000000e+00
-9.788242591104125978e-01 4.004774381935320982e-01 0.000000000000000000e+00
-9.818598616407717694e-01 4.396238242033317367e-01 0.000000000000000000e+00
-9.834217230376087748e-01 4.788737314315903992e-01 0.000000000000000000e+00
-9.830900687698830298e-01 5.181515231643599728e-01 0.000000000000000000e+00
-9.811371578945662364e-01 5.573916775747462804e-01 0.000000000000000000e+00
-9.779600143331155238e-01 5.965397220794421695e-01 0.000000000000000000e+00
-9.731774369564906157e-01 6.354542806828239465e-01 0.000000000000000000e+00
-9.656250031704547432e-01 6.738577396023178734e-01 0.000000000000000000e+00
-9.543191384296273450e-01 7.114100985296605284e-01 0.000000000000000000e+00
-9.391530538341029688e-01 7.477503239588755291e-01 0.000000000000000000e+00
-9.204573810254211841e-01 7.823580923950043120e-01 0.000000000000000000e+00
-8.981251791468527479e-01 8.143972954482399107e-01 0.000000000000000000e+00
-8.715947545569447952e-01 8.428568265105724766e-01 0.000000000000000000e+00
-8.407673290346607820e-01 8.669898393317136964e-01 0.000000000000000000e+00
-8.066009533678596410e-01 8.866439628476797674e-01 0.000000000000000000e+00
-7.705298511192729682e-01 9.021655032167783528e-01 0.000000000000000000e+00
-7.334328815368219567e-01 9.140743535916792117e-01 0.000000000000000000e+00
-6.954260580121680579e-01 9.229336745497382921e-01 0.000000000000000000e+00
-6.565662552389682771e-01 9.294530257681513641e-01 0.000000000000000000e+00
-6.173473218263373363e-01 9.344459585540653146e-01 0.000000000000000000e+00
-5.783101910678850599e-01 9.384727610996997926e-01 0.000000000000000000e+00
-5.394425583208758423e-01 9.415554281979127138e-01 0.000000000000000000e+00
-5.003229635858043034e-01 9.433895698254889384e-01 0.000000000000000000e+00
-4.608213103990310699e-01 9.438492550579863360e-01 0.000000000000000000e+00
-4.213337393967514499e-01 9.431639313125258495e-01 0.000000000000000000e+00
-3.822263900006763193e-01 9.415873058768031711e-01 0.000000000000000000e+00
-3.433305051631370675e-01 9.390761661194151344e-01 0.000000000000000000e+00
-3.042402090195732156e-01 9.354286865842607046e-01 0.000000000000000000e+00
-2.649723601490222014e-01 9.305881208193225174e-01 0.000000000000000000e+00
-2.260298117257259765e-01 9.245353175980020044e-01 0.000000000000000000e+00
-1.878096743292867743e-01 9.168541827422116430e-01 0.000000000000000000e+00
-1.502604261941243025e-01 9.066715662621088745e-01 0.000000000000000000e+00
-1.133090495287677885e-01 8.932192995173754424e-01 0.000000000000000000e+00
-7.745963236948548436e-02 8.763134067989547527e-01 0.000000000000000000e+00
-4.375579650321547581e-02 8.560563967433110211e-01 0.000000000000000000e+00
-1.321977747580632516e-02 8.321873814281903758e-01 0.000000000000000000e+00
1.350714860855163103e-02 8.041422944354590374e-01 0.000000000000000000e+00
3.612441923748371114e-02 7.719626139744093507e-01 0.000000000000000000e+00
5.470364212845926083e-02 7.368770456921259759e-01 0.000000000000000000e+00
6.994466269785369616e-02 7.006057669492250506e-01 0.000000000000000000e+00
8.310744711912508575e-02 6.640781843131491335e-01 0.000000000000000000e+00
9.535128333088338515e-02 6.271092024198728909e-01 0.000000000000000000e+00
1.072447924954022386e-01 5.893974963209295259e-01 0.000000000000000000e+00
1.192807602231714253e-01 5.515442477407644928e-01 0.000000000000000000e+00
1.328474851264871970e-01 5.148839431888804219e-01 0.000000000000000000e+00
1.501468445560948661e-01 4.805473832737820472e-01 0.000000000000000000e+00
1.726797855143728799e-01 4.490102104731344967e-01 0.000000000000000000e+00
1.998937041397499392e-01 4.203714933434236078e-01 0.000000000000000000e+00
2.296541112769794890e-01 3.944587303235709275e-01 0.000000000000000000e+00
2.600323027098166984e-01 3.703728158798307302e-01 0.000000000000000000e+00
2.903202652098043068e-01 3.463763543213028151e-01 0.000000000000000000e+00
3.203422027450247289e-01 3.208545550075757591e-01 0.000000000000000000e+00
3.494055133427434456e-01 2.934353647161955236e-01 0.000000000000000000e+00
3.764609102780822614e-01 2.647518319243272189e-01 0.000000000000000000e+00
4.010304196271750055e-01 2.350188228180568883e-01 0.000000000000000000e+00
4.232523048414418843e-01 2.033445598827355871e-01 0.000000000000000000e+00
4.427885343302645493e-01 1.688127182790362391e-01 0.000000000000000000e+00
4.582238032623341395e-01 1.318555189755904744e-01 0.000000000000000000e+00
4.680357165053111168e-01 9.390844905462469860e-02 0.000000000000000000e+00
4.719266136792757971e-01 5.577575928833454488e-02 0.000000000000000000e+00
4.706806021865429512e-01 1.710812420254597885e-02 0.000000000000000000e+00
4.647977729960799387e-01 -2.215654913825439165e-02 0.000000000000000000e+00
4.539409210055895816e-01 -6.056629563720690446e-02 0.000000000000000000e+00
4.379993059827236301e-01 -9.627411294789837981e-02 0.000000000000000000e+00
4.180729763048364744e-01 -1.291921094868231923e-01 0.000000000000000000e+00
3.956912862636823847e-01 -1.609524821472622658e-01 0.000000000000000000e+00
3.712470995307342037e-01 -1.922995101200651036e-01 0.000000000000000000e+00
3.439906232656532725e-01 -2.214837266643120695e-01 0.000000000000000000e+00
3.137166832371586223e-01 -2.463208521669611184e-01 0.000000000000000000e+00
2.815971202732386880e-01 -2.673532436409280511e-01 0.000000000000000000e+00
2.486582841219567297e-01 -2.872309155884407716e-01 0.000000000000000000e+00
2.140850175357168483e-01 -3.060991237147078770e-01 0.000000000000000000e+00
1.764639329556202951e-01 -3.188202792499197913e-01 0.000000000000000000e+00
1.372504443715107658e-01 -3.186919594185016469e-01 0.000000000000000000e+00
1.020269835167537664e-01 -3.043423240294527710e-01 0.000000000000000000e+00
7.699546799208534242e-02 -2.816822208652160486e-01 0.000000000000000000e+00
5.871078289505556047e-02 -2.348748401769307492e-01 0.000000000000000000e+00
