-2.471392035389048942e+02 -1.376495914788408292e+01 0.000000000000000000e+00
-2.468732772667999029e+02 -1.420710307341744283e+01 0.000000000000000000e+00
-2.466381935189634476e+02 -1.464615924251957502e+01 0.000000000000000000e+00
-2.464341842946726615e+02 -1.508169435975947259e+01 0.000000000000000000e+00
-2.462614509264016363e+02 -1.551327860455921481e+01 0.000000000000000000e+00
-2.461201638811304520e+02 -1.594048605537497920e+01 0.000000000000000000e+00
-2.460104625921150046e+02 -1.636289511003019115e+01 0.000000000000000000e+00
-2.459324553212831574e+02 -1.678008890178596957e+01 0.000000000000000000e+00
-2.458862190523933009e+02 -1.719165571073826726e+01 0.000000000000000000e+00
-2.458717994150606216e+02 -1.759718937013571249e+01 0.000000000000000000e+00
-2.458892106397263149e+02 -1.799628966721715528e+01 0.000000000000000000e+00
-2.459384355436136786e+02 -1.838856273817333076e+01 0.000000000000000000e+00
-2.460194255476856142e+02 -1.877362145684291050e+01 0.000000000000000000e+00
-2.461321007245860812e+02 -1.915108581675928079e+01 0.000000000000000000e+00
-2.462763498775189248e+02 -1.952058330617100879e+01 0.000000000000000000e+00
-2.464520306499856872e+02 -1.988174927566603500e+01 0.000000000000000000e+00
-2.466589696662740607e+02 -2.023422729803655074e+01 0.000000000000000000e+00
-2.468969627025590796e+02 -2.057766952002967287e+01 0.000000000000000000e+00
-2.471657748884471175e+02 -2.091173700563657434e+01 0.000000000000000000e+00
-2.474651409387649039e+02 -2.123610007058141136e+01 0.000000000000000000e+00
-2.477947654153635142e+02 -2.155043860767992214e+01 0.000000000000000000e+00
-2.481543230186806852e+02 -2.185444240274652827e+01 0.000000000000000000e+00
-2.485434589087718678e+02 -2.214781144073833019e+01 0.000000000000000000e+00
-2.489617890554943926e+02 -2.243025620183371061e+01 0.000000000000000000e+00
-2.494089006174992278e+02 -2.270149794715342395e+01 0.000000000000000000e+00
-2.498843523496549608e+02 -2.296126899384225695e+01 0.000000000000000000e+00
-2.503876750385039998e+02 -2.320931297923966596e+01 0.000000000000000000e+00
-2.509183719653192952e+02 -2.344538511387878188e+01 0.000000000000000000e+00
-2.514759193963059261e+02 -2.366925242306404087e+01 0.000000000000000000e+00
-2.520597670994629880e+02 -2.388069397678911088e+01 0.000000000000000000e+00
-2.526693388875962967e+02 -2.407950110776811314e+01 0.000000000000000000e+00
-2.533040331869455031e+02 -2.426547761736504683e+01 0.000000000000000000e+00
-2.539632236308646043e+02 -2.443843996921815531e+01 0.000000000000000000e+00
-2.546462596779705621e+02 -2.459821747036816220e+01 0.000000000000000000e+00
-2.553524672541487917e+02 -2.474465243971159367e+01 0.000000000000000000e+00
-2.560811494177830809e+02 -2.487760036361302696e+01 0.000000000000000000e+00
-2.568315870475528300e+02 -2.499693003852256012e+01 0.000000000000000000e+00
-2.576030395521188439e+02 -2.510252370045790826e+01 0.000000000000000000e+00
-2.583947456009977373e+02 -2.519427714122321404e+01 0.000000000000000000e+00
-2.592059238759030109e+02 -2.527209981124998350e+01 0.000000000000000000e+00
-2.600357738418121585e+02 -2.533591490895852516e+01 0.000000000000000000e+00
-2.608834765369978186e+02 -2.538565945655189537e+01 0.000000000000000000e+00
-2.617481953812442157e+02 -2.542128436216736276e+01 0.000000000000000000e+00
-2.626290770014507530e+02 -2.544275446832412513e+01 0.000000000000000000e+00
-2.635252520738086446e+02 -2.545004858661951985e+01 0.000000000000000000e+00
-2.644358361817178320e+02 -2.544315951863942615e+01 0.000000000000000000e+00
-2.653599306886000591e+02 -2.542209406306220387e+01 0.000000000000000000e+00
-2.662966236247440861e+02 -2.538687300894925514e+01 0.000000000000000000e+00
-2.672449905873105536e+02 -2.533753111522868551e+01 0.000000000000000000e+00
-2.682040956526049627e+02 -2.527411707639248917e+01 0.000000000000000000e+00
-2.691729922997220683e+02 -2.519669347444093077e+01 0.000000000000000000e+00
-2.701507243446474149e+02 -2.510533671712166637e+01 0.000000000000000000e+00
-2.711363268838957765e+02 -2.500013696252453244e+01 0.000000000000000000e+00
-2.721288272467540992e+02 -2.488119803010640041e+01 0.000000000000000000e+00
-2.731272459551902898e+02 -2.474863729823389136e+01 0.000000000000000000e+00
-2.741305976904796466e+02 -2.460258558834512144e+01 0.000000000000000000e+00
-2.751378922655956103e+02 -2.444318703584469787e+01 0.000000000000000000e+00
-2.761481356024045795e+02 -2.427059894785953986e+01 0.000000000000000000e+00
-2.771603307127014659e+02 -2.408499164799566117e+01 0.000000000000000000e+00
-2.781734786821160128e+02 -2.388654830824938458e+01 0.000000000000000000e+00
-2.791865796559213209e+02 -2.367546476823869739e+01 0.000000000000000000e+00
-2.801986338257694342e+02 -2.345194934193315461e+01 0.000000000000000000e+00
-2.812086424163814513e+02 -2.321622261207318161e+01 0.000000000000000000e+00
-2.822156086712182628e+02 -2.296851721248151179e+01 0.000000000000000000e+00
-2.832185388361588707e+02 -2.270907759848171281e+01 0.000000000000000000e+00
-2.842164431402156310e+02 -2.243815980565027601e+01 0.000000000000000000e+00
-2.852083367723190577e+02 -2.215603119714042180e+01 0.000000000000000000e+00
-2.861932408532069303e+02 -2.186297019982695389e+01 0.000000000000000000e+00
-2.871701834014602355e+02 -2.155926602953253735e+01 0.000000000000000000e+00
-2.881382002927317103e+02 -2.124521840560659314e+01 0.000000000000000000e+00
-2.890963362112195796e+02 -2.092113725513852529e+01 0.000000000000000000e+00
-2.900436455924495931e+02 -2.058734240709704011e+01 0.000000000000000000e+00
-2.909791935564326195e+02 -2.024416327669761984e+01 0.000000000000000000e+00
-2.919020568302779566e+02 -1.989193854030945374e+01 0.000000000000000000e+00
-2.928113246593532608e+02 -1.953101580122273973e+01 0.000000000000000000e+00
-2.937060997060883665e+02 -1.916175124660623652e+01 0.000000000000000000e+00
-2.945854989355395901e+02 -1.878450929599349450e+01 0.000000000000000000e+00
-2.954486544868387341e+02 -1.839966224164479414e+01 0.000000000000000000e+00
-2.962947145296665212e+02 -1.800758988113963355e+01 0.000000000000000000e+00
-2.971228441049069033e+02 -1.760867914256235878e+01 0.000000000000000000e+00
-2.979322259486503981e+02 -1.720332370265087008e+01 0.000000000000000000e+00
-2.987220612987350137e+02 -1.679192359828520864e+01 0.000000000000000000e+00
-2.994915706830282147e+02 -1.637488483169943976e+01 0.000000000000000000e+00
-3.002399946886717998e+02 -1.595261896980648686e+01 0.000000000000000000e+00
-3.009665947115304334e+02 -1.552554273803126250e+01 0.000000000000000000e+00
-3.016706536851049805e+02 -1.509407760905298979e+01 0.000000000000000000e+00
-3.023514767881906096e+02 -1.465864938686255492e+01 0.000000000000000000e+00
-3.030083921305815124e+02 -1.421968778654537324e+01 0.000000000000000000e+00
-3.036407514161449512e+02 -1.377762601020448230e+01 0.000000000000000000e+00
-3.042479305826117297e+02 -1.333290031944235920e+01 0.000000000000000000e+00
-3.048293304174501941e+02 -1.288594960482341456e+01 0.000000000000000000e+00
-3.053843771492166752e+02 -1.243721495274195377e+01 0.000000000000000000e+00
-3.059125230137984772e+02 -1.198713921012319439e+01 0.000000000000000000e+00
-3.064132467949910392e+02 -1.153616654738679870e+01 0.000000000000000000e+00
-3.068860543388754536e+02 -1.108474202010429721e+01 0.000000000000000000e+00
-3.073304790414887293e+02 -1.063331112978297277e+01 0.000000000000000000e+00
-3.077460823093053932e+02 -1.018231938420966110e+01 0.000000000000000000e+00
-3.081324539920764209e+02 -9.732211857788351850e+00 0.000000000000000000e+00
-3.084892127875982624e+02 -9.283432752305481372e+00 0.000000000000000000e+00
-3.088160066180116701e+02 -8.836424958556397868e+00 0.000000000000000000e+00
-3.091125129772603941e+02 -8.391629619265636109e+00 0.000000000000000000e+00
-3.093784392493653854e+02 -7.949485693732280644e+00 0.000000000000000000e+00
-3.096135229972018692e+02 -7.510429524630148457e+00 0.000000000000000000e+00
-3.098175322214925700e+02 -7.074894407390246442e+00 0.000000000000000000e+00
-3.099902655897636237e+02 -6.643310162590505996e+00 0.000000000000000000e+00
-3.101315526350348364e+02 -6.216102711774738943e+00 0.000000000000000000e+00
-3.102412539240502838e+02 -5.793693657119529661e+00 0.000000000000000000e+00
-3.103192611948821309e+02 -5.376499865363751240e+00 0.000000000000000000e+00
-3.103654974637719306e+02 -4.964933056411452661e+00 0.000000000000000000e+00
-3.103799171011046383e+02 -4.559399397014005650e+00 0.000000000000000000e+00
-3.103625058764389451e+02 -4.160299099932569078e+00 0.000000000000000000e+00
-3.103132809725516381e+02 -3.768026028976391384e+00 0.000000000000000000e+00
-3.102322909684796741e+02 -3.382967310306808972e+00 0.000000000000000000e+00
-3.101196157915791787e+02 -3.005502950390441352e+00 0.000000000000000000e+00
-3.099753666386463351e+02 -2.636005460978713355e+00 0.000000000000000000e+00
-3.097996858661795727e+02 -2.274839491483688025e+00 0.000000000000000000e+00
-3.095927468498911708e+02 -1.922361469113170296e+00 0.000000000000000000e+00
-3.093547538136061803e+02 -1.578919247120046832e+00 0.000000000000000000e+00
-3.090859416277180571e+02 -1.244851761513147137e+00 0.000000000000000000e+00
-3.087865755774004128e+02 -9.204886965683054534e-01 0.000000000000000000e+00
-3.084569511008017457e+02 -6.061501594698005535e-01 0.000000000000000000e+00
-3.080973934974846316e+02 -3.021463644031896489e-01 0.000000000000000000e+00
-3.077082576073934774e+02 -8.777326411386621174e-03 0.000000000000000000e+00
-3.072899274606708673e+02 2.736674346839884642e-01 0.000000000000000000e+00
-3.068428158986660605e+02 5.449091800037031419e-01 0.000000000000000000e+00
-3.063673641665102991e+02 8.046802266925356939e-01 0.000000000000000000e+00
-3.058640414776612602e+02 1.052724212089943823e+00 0.000000000000000000e+00
-3.053333445508460500e+02 1.288796346729058628e+00 0.000000000000000000e+00
-3.047757971198594191e+02 1.512663655914318062e+00 0.000000000000000000e+00
-3.041919494167023004e+02 1.724105209639388292e+00 0.000000000000000000e+00
-3.035823776285689064e+02 1.922912340618393445e+00 0.000000000000000000e+00
-3.029476833292197853e+02 2.108888850215327793e+00 0.000000000000000000e+00
-3.022884928853006272e+02 2.281851202068435835e+00 0.000000000000000000e+00
-3.016054568381946979e+02 2.441628703218441387e+00 0.000000000000000000e+00
-3.008992492620164967e+02 2.588063672561875528e+00 0.000000000000000000e+00
-3.001705670983821506e+02 2.721011596463307924e+00 0.000000000000000000e+00
-2.994201294686124584e+02 2.840341271372839316e+00 0.000000000000000000e+00
-2.986486769640464445e+02 2.945934933308187453e+00 0.000000000000000000e+00
-2.978569709151675511e+02 3.037688374073495012e+00 0.000000000000000000e+00
-2.970457926402622775e+02 3.115511044100257809e+00 0.000000000000000000e+00
-2.962159426743530730e+02 3.179326141808800354e+00 0.000000000000000000e+00
-2.953682399791675266e+02 3.229070689402175898e+00 0.000000000000000000e+00
-2.945035211349211295e+02 3.264695595017640173e+00 0.000000000000000000e+00
-2.936226395147144785e+02 3.286165701174403875e+00 0.000000000000000000e+00
-2.927264644423565869e+02 3.293459819469797267e+00 0.000000000000000000e+00
-2.918158803344474563e+02 3.286570751489704456e+00 0.000000000000000000e+00
-2.908917858275652293e+02 3.265505295912480399e+00 0.000000000000000000e+00
-2.899550928914211454e+02 3.230284241799530331e+00 0.000000000000000000e+00
-2.890067259288547348e+02 3.180942348078964699e+00 0.000000000000000000e+00
-2.880476208635603257e+02 3.117528309242771911e+00 0.000000000000000000e+00
-2.870787242164432200e+02 3.040104707291210850e+00 0.000000000000000000e+00
-2.861009921715179303e+02 2.948747949971945115e+00 0.000000000000000000e+00
-2.851153896322695118e+02 2.843548195374808962e+00 0.000000000000000000e+00
-2.841228892694111323e+02 2.724609262956678268e+00 0.000000000000000000e+00
-2.831244705609749417e+02 2.592048531084168772e+00 0.000000000000000000e+00
-2.821211188256855849e+02 2.445996821195396631e+00 0.000000000000000000e+00
-2.811138242505696780e+02 2.286598268694979730e+00 0.000000000000000000e+00
-2.801035809137606520e+02 2.114010180709817277e+00 0.000000000000000000e+00
-2.790913858034638224e+02 1.928402880845937473e+00 0.000000000000000000e+00
-2.780782378340492755e+02 1.729959541099666875e+00 0.000000000000000000e+00
-2.770651368602439106e+02 1.518876001088973471e+00 0.000000000000000000e+00
-2.760530826903958541e+02 1.295360574783433139e+00 0.000000000000000000e+00
-2.750430740997838370e+02 1.059633844923457691e+00 0.000000000000000000e+00
-2.740361078449470256e+02 8.119284453317910932e-01 0.000000000000000000e+00
-2.730331776800064176e+02 5.524888313319920030e-01 0.000000000000000000e+00
-2.720352733759496004e+02 2.815710385005543159e-01 0.000000000000000000e+00
-2.710433797438462307e+02 -5.575700092985691469e-04 0.000000000000000000e+00
-2.700584756629583580e+02 -2.936185673227664772e-01 0.000000000000000000e+00
-2.690815331147050529e+02 -5.973227376171874603e-01 0.000000000000000000e+00
-2.681135162234336349e+02 -9.113703615431267835e-01 0.000000000000000000e+00
-2.671553803049456519e+02 -1.235451512011196407e+00 0.000000000000000000e+00
-2.662080709237156384e+02 -1.569246360052680700e+00 0.000000000000000000e+00
-2.652725229597326688e+02 -1.912425490452100973e+00 0.000000000000000000e+00
-2.643496596858873318e+02 -2.264650226840267955e+00 0.000000000000000000e+00
-2.634403918568119707e+02 -2.625572965926979307e+00 0.000000000000000000e+00
-2.625456168100769219e+02 -2.994837520543485176e+00 0.000000000000000000e+00
-2.616662175806256982e+02 -3.372079471156228525e+00 0.000000000000000000e+00
-2.608030620293265542e+02 -3.756926525504928893e+00 0.000000000000000000e+00
-2.599570019864987103e+02 -4.148998886010086373e+00 0.000000000000000000e+00
-2.591288724112583850e+02 -4.547909624587362920e+00 0.000000000000000000e+00
-2.583194905675148334e+02 -4.953265064498847181e+00 0.000000000000000000e+00
-2.575296552174302747e+02 -5.364665168864513056e+00 0.000000000000000000e+00
-2.567601458331370168e+02 -5.781703935450282827e+00 0.000000000000000000e+00
-2.560117218274934316e+02 -6.203969797343233061e+00 0.000000000000000000e+00
-2.552851218046348549e+02 -6.631046029118460083e+00 0.000000000000000000e+00
-2.545810628310603079e+02 -7.062511158096732800e+00 0.000000000000000000e+00
-2.539002397279745935e+02 -7.497939380287167666e+00 0.000000000000000000e+00
-2.532433243855837759e+02 -7.936900980604349343e+00 0.000000000000000000e+00
-2.526109651000203371e+02 -8.378962756945240287e+00 0.000000000000000000e+00
-2.520037859335535586e+02 -8.823688447707359828e+00 0.000000000000000000e+00
-2.514223860987150942e+02 -9.270639162326306248e+00 0.000000000000000000e+00
-2.508673393669486131e+02 -9.719373814407765266e+00 0.000000000000000000e+00
-2.503391935023667827e+02 -1.016944955702652642e+01 0.000000000000000000e+00
-2.498384697211742775e+02 -1.062042221976292389e+01 0.000000000000000000e+00
-2.493656621772898063e+02 -1.107184674704542715e+01 0.000000000000000000e+00
-2.489212374746765306e+02 -1.152327763736674981e+01 0.000000000000000000e+00
-2.485056342068599236e+02 -1.197426938294006327e+01 0.000000000000000000e+00
-2.481192625240888106e+02 -1.242437690936137074e+01 0.000000000000000000e+00
-2.477625037285669691e+02 -1.287315601484424299e+01 0.000000000000000000e+00
-2.471392035389048942e+02 -1.376495914788408292e+01 0.000000000000000000e+00
