-1.611219547397546303e-01 0.000000000000000000e+00 -6.530861885928169741e-01
-1.585114306685005969e-01 0.000000000000000000e+00 -6.625329405003330674e-01
-1.560538401491408655e-01 0.000000000000000000e+00 -6.721153261312082794e-01
-1.536990570460935179e-01 0.000000000000000000e+00 -6.819058025740284412e-01
-1.514095932500613417e-01 0.000000000000000000e+00 -6.919660470423766307e-01
-1.491676241339592313e-01 0.000000000000000000e+00 -7.023401848237198486e-01
-1.469805806879097565e-01 0.000000000000000000e+00 -7.130494400901805641e-01
-1.448845996473815956e-01 0.000000000000000000e+00 -7.240887407910395757e-01
-1.429453280604611742e-01 0.000000000000000000e+00 -7.354255953831633219e-01
-1.412558466064437468e-01 0.000000000000000000e+00 -7.470013143990777982e-01
-1.399317773779913121e-01 0.000000000000000000e+00 -7.587344036992277330e-01
-1.391039431936763882e-01 0.000000000000000000e+00 -7.705257378829710735e-01
-1.389092127724964876e-01 0.000000000000000000e+00 -7.822649565226313939e-01
-1.394803687767953160e-01 0.000000000000000000e+00 -7.938374300194473987e-01
-1.409359504766608262e-01 0.000000000000000000e+00 -8.051311240002101410e-01
-1.433710362135829086e-01 0.000000000000000000e+00 -8.160427493141710897e-01
-1.468498411015449201e-01 0.000000000000000000e+00 -8.264827075480406515e-01
-1.514008224401603153e-01 0.000000000000000000e+00 -8.363785107746960490e-01
-1.570147296769260903e-01 0.000000000000000000e+00 -8.456765455082699834e-01
-1.636457361685842715e-01 0.000000000000000000e+00 -8.543422396491416881e-01
-1.712154799546345696e-01 0.000000000000000000e+00 -8.623588545590712418e-01
-1.796195545962971096e-01 0.000000000000000000e+00 -8.697252441175219451e-01
-1.887357599911843598e-01 0.000000000000000000e+00 -8.764529874335769133e-01
-1.984332713041401242e-01 0.000000000000000000e+00 -8.825633086235086244e-01
-2.085818265880998723e-01 0.000000000000000000e+00 -8.880841504940982789e-01
-2.190600740401625890e-01 0.000000000000000000e+00 -8.930476807092146974e-01
-2.297623505693456580e-01 0.000000000000000000e+00 -8.974883954682566500e-01
-2.406033666931578496e-01 0.000000000000000000e+00 -9.014418654893859850e-01
-2.515205231452903867e-01 0.000000000000000000e+00 -9.049440601889141567e-01
-2.624738517768354096e-01 0.000000000000000000e+00 -9.080311032797618864e-01
-2.734438262842336376e-01 0.000000000000000000e+00 -9.107392663929783083e-01
-2.844274987456605341e-01 0.000000000000000000e+00 -9.131050003694310968e-01
-2.954335637563599293e-01 0.000000000000000000e+00 -9.151648338282381001e-01
-3.064770195494956329e-01 0.000000000000000000e+00 -9.169550271850792633e-01
-3.175740811950059084e-01 0.000000000000000000e+00 -9.185109451832871308e-01
-3.287379110809737770e-01 0.000000000000000000e+00 -9.198661880709820826e-01
-3.399755815184011265e-01 0.000000000000000000e+00 -9.210515871147879619e-01
-3.512864952078493253e-01 0.000000000000000000e+00 -9.220942130848466256e-01
-3.626622868713124670e-01 0.000000000000000000e+00 -9.230165598335177135e-01
-3.740880393571429652e-01 0.000000000000000000e+00 -9.238360474766637020e-01
-3.855444928780905056e-01 0.000000000000000000e+00 -9.245649446238803915e-01
-3.970108240355942897e-01 0.000000000000000000e+00 -9.252107448016906321e-01
-4.084675316569205683e-01 0.000000000000000000e+00 -9.257769599948354466e-01
-4.198989905066091155e-01 0.000000000000000000e+00 -9.262642266244839329e-01
-4.312953146625820300e-01 0.000000000000000000e+00 -9.266715679557857577e-01
-4.426532958155677822e-01 0.000000000000000000e+00 -9.269976307842229257e-01
-4.539763291306773696e-01 0.000000000000000000e+00 -9.272417179901228934e-01
-4.652733895670196906e-01 0.000000000000000000e+00 -9.274044719105327683e-01
-4.765572542936847289e-01 0.000000000000000000e+00 -9.274881212713939060e-01
-4.878422649795318700e-01 0.000000000000000000e+00 -9.274962773669900296e-01
-4.991419756089211512e-01 0.000000000000000000e+00 -9.274333413688039540e-01
-5.104670321822639689e-01 0.000000000000000000e+00 -9.273036514825456766e-01
-5.218235824383199439e-01 0.000000000000000000e+00 -9.271105448613162769e-01
-5.332124253876127096e-01 0.000000000000000000e+00 -9.268555265957152400e-01
-5.446289959046882734e-01 0.000000000000000000e+00 -9.265377231280575998e-01
-5.560641558778279814e-01 0.000000000000000000e+00 -9.261537516477552634e-01
-5.675056480854019370e-01 0.000000000000000000e+00 -9.256980670226562236e-01
-5.789399779041887184e-01 0.000000000000000000e+00 -9.251637643049172022e-01
-5.903544331168032455e-01 0.000000000000000000e+00 -9.245437310119544172e-01
-6.017389400343604589e-01 0.000000000000000000e+00 -9.238319728880100001e-01
-6.130874853143162273e-01 0.000000000000000000e+00 -9.230248916995753561e-01
-6.243989016461418684e-01 0.000000000000000000e+00 -9.221222822160888288e-01
-6.356769112351591255e-01 0.000000000000000000e+00 -9.211278412754626554e-01
-6.469294295981494747e-01 0.000000000000000000e+00 -9.200490424446816640e-01
-6.581672380137097988e-01 0.000000000000000000e+00 -9.188963174621558316e-01
-6.694022212068347910e-01 0.000000000000000000e+00 -9.176815881093790539e-01
-6.806454254198740506e-01 0.000000000000000000e+00 -9.164162943745609580e-01
-6.919052132302326852e-01 0.000000000000000000e+00 -9.151091511606455065e-01
-7.031857729588191219e-01 0.000000000000000000e+00 -9.137639225684437427e-01
-7.144861854737213358e-01 0.000000000000000000e+00 -9.123775200970086763e-01
-7.258001678518989364e-01 0.000000000000000000e+00 -9.109387046296666401e-01
-7.371165137443402848e-01 0.000000000000000000e+00 -9.094276038574119481e-01
-7.484201485204269311e-01 0.000000000000000000e+00 -9.078161551322552203e-01
-7.596936276039835123e-01 0.000000000000000000e+00 -9.060694621663757387e-01
-7.709188413059796519e-01 0.000000000000000000e+00 -9.041479294110668086e-01
-7.820786578804669320e-01 0.000000000000000000e+00 -9.020099282759795889e-01
-7.931582428081859204e-01 0.000000000000000000e+00 -8.996146708989504193e-01
-8.041458356005580788e-01 0.000000000000000000e+00 -8.969249322312071726e-01
-8.150328398709206779e-01 0.000000000000000000e+00 -8.939092760998424980e-01
-8.258131780344546424e-01 0.000000000000000000e+00 -8.905435049509227152e-01
-8.364819659838643728e-01 0.000000000000000000e+00 -8.868111583319313596e-01
-8.470336615930236235e-01 0.000000000000000000e+00 -8.827030178171110242e-01
-8.574599208450015553e-01 0.000000000000000000e+00 -8.782157176572847890e-01
-8.677474461541713202e-01 0.000000000000000000e+00 -8.733496907956557198e-01
-8.778761262625147666e-01 0.000000000000000000e+00 -8.681067799485293612e-01
-8.878177437900989233e-01 0.000000000000000000e+00 -8.624878979678257673e-01
-8.975354678169564782e-01 0.000000000000000000e+00 -8.564911215878833195e-01
-9.069842619156947006e-01 0.000000000000000000e+00 -8.501105464345363183e-01
-9.161122334551041746e-01 0.000000000000000000e+00 -8.433361253914484212e-01
-9.248628404463994368e-01 0.000000000000000000e+00 -8.361545709319020414e-01
-9.331777708591707521e-01 0.000000000000000000e+00 -8.285512442016544910e-01
-9.410002281808682589e-01 0.000000000000000000e+00 -8.205128017391142281e-01
-9.482783054171167736e-01 0.000000000000000000e+00 -8.120302467929252366e-01
-9.549681134465691779e-01 0.000000000000000000e+00 -8.031019549373672461e-01
-9.610363501207830339e-01 0.000000000000000000e+00 -7.937362256805130523e-01
-9.664620509162169526e-01 0.000000000000000000e+00 -7.839529575395417504e-01
-9.712373436763362955e-01 0.000000000000000000e+00 -7.737841492366196450e-01
-9.753671295171745248e-01 0.000000000000000000e+00 -7.632730813244558155e-01
-9.788677181384644044e-01 0.000000000000000000e+00 -7.524722108142382071e-01
-9.817645471114275768e-01 0.000000000000000000e+00 -7.414399920420429169e-01
-9.840892007486781168e-01 0.000000000000000000e+00 -7.302369948042530812e-01
-9.858760065882361534e-01 0.000000000000000000e+00 -7.189218028941530836e-01
-9.871585209728820365e-01 0.000000000000000000e+00 -7.075472254485769552e-01
-9.879662176581520683e-01 0.000000000000000000e+00 -6.961573310550069893e-01
-9.883216661572062911e-01 0.000000000000000000e+00 -6.847857211329071436e-01
-9.882384338975486182e-01 0.000000000000000000e+00 -6.734553052511086380e-01
-9.877198747481757968e-01 0.000000000000000000e+00 -6.621796459298485704e-01
-9.867588839739475093e-01 0.000000000000000000e+00 -6.509657294218526014e-01
-9.853386145073371738e-01 0.000000000000000000e+00 -6.398178201337304527e-01
-9.834340694443445274e-01 0.000000000000000000e+00 -6.287418969590115037e-01
-9.810144175063072458e-01 0.000000000000000000e+00 -6.177500724022060297e-01
-9.780458267687325291e-01 0.000000000000000000e+00 -6.068643747063832139e-01
-9.744945801585221945e-01 0.000000000000000000e+00 -5.961193340032956423e-01
-9.703302249781288191e-01 0.000000000000000000e+00 -5.855629497231912284e-01
-9.655285171446397197e-01 0.000000000000000000e+00 -5.752558118805988219e-01
-9.600739465983946230e-01 0.000000000000000000e+00 -5.652683789642365397e-01
-9.539616700814886885e-01 0.000000000000000000e+00 -5.556766505428926139e-01
-9.471987272673887404e-01 0.000000000000000000e+00 -5.465566827283815377e-01
-9.398044718970149924e-01 0.000000000000000000e+00 -5.379785515922830275e-01
-9.318102071075856641e-01 0.000000000000000000e+00 -5.300004524313743914e-01
-9.232580698024175359e-01 0.000000000000000000e+00 -5.226636198448246784e-01
-9.141992594026402408e-01 0.000000000000000000e+00 -5.159886644888398433e-01
-9.046917488224442971e-01 0.000000000000000000e+00 -5.099737579587276803e-01
-8.947976476927884670e-01 0.000000000000000000e+00 -5.045948782786381370e-01
-8.845804079211098125e-01 0.000000000000000000e+00 -4.998080829340532660e-01
-8.741020683864859642e-01 0.000000000000000000e+00 -4.955535357709645039e-01
-8.634207283625615625e-01 0.000000000000000000e+00 -4.917608092781647344e-01
-8.525884183440445296e-01 0.000000000000000000e+00 -4.883548408968624854e-01
-8.416495034329031233e-01 0.000000000000000000e+00 -4.852618589881262379e-01
-8.306397104041874924e-01 0.000000000000000000e+00 -4.824146182755643664e-01
-8.195858180929983527e-01 0.000000000000000000e+00 -4.797563917776248021e-01
-8.085059957816220777e-01 0.000000000000000000e+00 -4.772433413286607529e-01
-7.974107204233832347e-01 0.000000000000000000e+00 -4.748451077790373231e-01
-7.863041556978919155e-01 0.000000000000000000e+00 -4.725436952857419715e-01
-7.751858387308392384e-01 0.000000000000000000e+00 -4.703309405970999557e-01
-7.640524977749488800e-01 0.000000000000000000e+00 -4.682050293701870425e-01
-7.528998189233629956e-01 0.000000000000000000e+00 -4.661666252822348477e-01
-7.417239930063200815e-01 0.000000000000000000e+00 -4.642152013715666881e-01
-7.305229042377705539e-01 0.000000000000000000e+00 -4.623461051016904966e-01
-7.192968669538740700e-01 0.000000000000000000e+00 -4.605487587140790207e-01
-7.080488711469619112e-01 0.000000000000000000e+00 -4.588062139422492414e-01
-6.967843553434340809e-01 0.000000000000000000e+00 -4.570960715690252085e-01
-6.855105799505676334e-01 0.000000000000000000e+00 -4.553925714270318781e-01
-6.742357189252454752e-01 0.000000000000000000e+00 -4.536694862619540802e-01
-6.629678169442180247e-01 0.000000000000000000e+00 -4.519033375482711112e-01
-6.517137694289898420e-01 0.000000000000000000e+00 -4.500764088270889363e-01
-6.404784724260262907e-01 0.000000000000000000e+00 -4.481790679907743380e-01
-6.292642597577381425e-01 0.000000000000000000e+00 -4.462110185863875089e-01
-6.180706999367130416e-01 0.000000000000000000e+00 -4.441812657166119283e-01
-6.068947711448852145e-01 0.000000000000000000e+00 -4.421067804421805469e-01
-5.957313766138363498e-01 0.000000000000000000e+00 -4.400100489603278042e-01
-5.845741129297201688e-01 0.000000000000000000e+00 -4.379158697856497251e-01
-5.734161673902242740e-01 0.000000000000000000e+00 -4.358478876870148788e-01
-5.622512031048546577e-01 0.000000000000000000e+00 -4.338254083677793305e-01
-5.510740950137679173e-01 0.000000000000000000e+00 -4.318610137815648842e-01
-5.398814062472521158e-01 0.000000000000000000e+00 -4.299593966888866636e-01
-5.286715388711172858e-01 0.000000000000000000e+00 -4.281176676764681943e-01
-5.174445497948697570e-01 0.000000000000000000e+00 -4.263271806956265286e-01
-5.062016830930649025e-01 0.000000000000000000e+00 -4.245767027293813056e-01
-4.949447248670336141e-01 0.000000000000000000e+00 -4.228565502450818414e-01
-4.836753270701605323e-01 0.000000000000000000e+00 -4.211631584255627891e-01
-4.723944651511617354e-01 0.000000000000000000e+00 -4.195034616014131634e-01
-4.611021865246423546e-01 0.000000000000000000e+00 -4.178984584300279304e-01
-4.497977720369330523e-01 0.000000000000000000e+00 -4.163854156112213323e-01
-4.384803740611279421e-01 0.000000000000000000e+00 -4.150183201026454993e-01
-4.271501197219591539e-01 0.000000000000000000e+00 -4.138664022347084970e-01
-4.158095861086223977e-01 0.000000000000000000e+00 -4.130107932700334272e-01
-4.044654779953077983e-01 0.000000000000000000e+00 -4.125396190465233093e-01
-3.931302794943047907e-01 0.000000000000000000e+00 -4.125420346980556707e-01
-3.818236195674774014e-01 0.000000000000000000e+00 -4.131018467405822014e-01
-3.705730945914287866e-01 0.000000000000000000e+00 -4.142914288102154674e-01
-3.594143319627847721e-01 0.000000000000000000e+00 -4.161666075412525090e-01
-3.483901546819873629e-01 0.000000000000000000e+00 -4.187630789045950208e-01
-3.375488104729650884e-01 0.000000000000000000e+00 -4.220947277395922792e-01
-3.269413483507592755e-01 0.000000000000000000e+00 -4.261539887045268649e-01
-3.166183456250361572e-01 0.000000000000000000e+00 -4.309141362279031440e-01
-3.066262928883731753e-01 0.000000000000000000e+00 -4.363331572146972870e-01
-2.970040182682570640e-01 0.000000000000000000e+00 -4.423586739453118644e-01
-2.877795628674548190e-01 0.000000000000000000e+00 -4.489332701227356504e-01
-2.789678995397691930e-01 0.000000000000000000e+00 -4.559995450602039035e-01
-2.705698158165008027e-01 0.000000000000000000e+00 -4.635042826380033065e-01
-2.625721645229321943e-01 0.000000000000000000e+00 -4.714012639665637328e-01
-2.549495344135981334e-01 0.000000000000000000e+00 -4.796524559511442520e-01
-2.476672252082680048e-01 0.000000000000000000e+00 -4.882275443083348709e-01
-2.406852471504206670e-01 0.000000000000000000e+00 -4.971020168084668289e-01
-2.339629257923622196e-01 0.000000000000000000e+00 -5.062542083471061050e-01
-2.274635973098548258e-01 0.000000000000000000e+00 -5.156618659207282684e-01
-2.211588428652539462e-01 0.000000000000000000e+00 -5.252988587875436766e-01
-2.150317402796461108e-01 0.000000000000000000e+00 -5.351326378430231179e-01
-2.090787074037193660e-01 0.000000000000000000e+00 -5.451229412786057216e-01
-2.033096655361288640e-01 0.000000000000000000e+00 -5.552220652270039025e-01
-1.977464467406644666e-01 0.000000000000000000e+00 -5.653767922657170208e-01
-1.924195836579163377e-01 0.000000000000000000e+00 -5.755318277126926230e-01
-1.873638286294470878e-01 0.000000000000000000e+00 -5.856343663340735084e-01
-1.826129245241197574e-01 0.000000000000000000e+00 -5.956392311356625280e-01
-1.781942693496251506e-01 0.000000000000000000e+00 -6.055139160068965243e-01
-1.741241632440781728e-01 0.000000000000000000e+00 -6.152428404939768170e-01
-1.704042907817503449e-01 0.000000000000000000e+00 -6.248301919455597764e-01
-1.670199744442994183e-01 0.000000000000000000e+00 -6.343008799350535742e-01
-1.611219547397546303e-01 0.000000000000000000e+00 -6.530861885928169741e-01
