4.372922395109295479e-01 0.000000000000000000e+00 -3.310550833993216591e-01
4.467465976213447765e-01 0.000000000000000000e+00 -3.373034921084767102e-01
4.562584281938780739e-01 0.000000000000000000e+00 -3.438835934919177162e-01
4.659304519107608233e-01 0.000000000000000000e+00 -3.509113438977808919e-01
4.757938772460931776e-01 0.000000000000000000e+00 -3.585107395847670353e-01
4.857861461240906564e-01 0.000000000000000000e+00 -3.668050415894040794e-01
4.957406727278279024e-01 0.000000000000000000e+00 -3.759038813596198847e-01
5.053908716050410366e-01 0.000000000000000000e+00 -3.858872403605210222e-01
5.143886270143347428e-01 0.000000000000000000e+00 -3.967881249051076753e-01
5.223351450399166263e-01 0.000000000000000000e+00 -4.085763743805158610e-01
5.288202213101456106e-01 0.000000000000000000e+00 -4.211463012097749758e-01
5.334646668680032011e-01 0.000000000000000000e+00 -4.343106745375475697e-01
5.359601724192383232e-01 0.000000000000000000e+00 -4.478029147125117682e-01
5.361013231151539049e-01 0.000000000000000000e+00 -4.612883355230333327e-01
5.338057153530560983e-01 0.000000000000000000e+00 -4.743840058465789711e-01
5.291199517262703544e-01 0.000000000000000000e+00 -4.866855044162350930e-01
5.222113849725320556e-01 0.000000000000000000e+00 -4.977977304174686646e-01
5.133474960470257864e-01 0.000000000000000000e+00 -5.073662052772173192e-01
5.028664023010384065e-01 0.000000000000000000e+00 -5.151050939589743027e-01
4.911429596026063993e-01 0.000000000000000000e+00 -5.208185372259233059e-01
4.785551297394448067e-01 0.000000000000000000e+00 -5.244127717436964931e-01
4.654547515439482197e-01 0.000000000000000000e+00 -5.258977838530466409e-01
4.521457274660279912e-01 0.000000000000000000e+00 -5.253786899246052355e-01
4.388711566076269888e-01 0.000000000000000000e+00 -5.230384258964989597e-01
4.258093945866025520e-01 0.000000000000000000e+00 -5.191144375370112529e-01
4.130776737178347702e-01 0.000000000000000000e+00 -5.138727198050160316e-01
4.007409876018455108e-01 0.000000000000000000e+00 -5.075826688493637606e-01
3.888235506255592333e-01 0.000000000000000000e+00 -5.004957901711238888e-01
3.773202929479836931e-01 0.000000000000000000e+00 -4.928304498641813414e-01
3.662064496714419470e-01 0.000000000000000000e+00 -4.847637323780752960e-01
3.554441766866333619e-01 0.000000000000000000e+00 -4.764302850875643536e-01
3.449860658144789372e-01 0.000000000000000000e+00 -4.679269921345441396e-01
3.347762366359721686e-01 0.000000000000000000e+00 -4.593215927263111231e-01
3.247501976766606901e-01 0.000000000000000000e+00 -4.506630391840829586e-01
3.148348165365311702e-01 0.000000000000000000e+00 -4.419914919717100599e-01
3.049495240068937352e-01 0.000000000000000000e+00 -4.333463073030134338e-01
2.950093859056919232e-01 0.000000000000000000e+00 -4.247710605918292304e-01
2.849300472290267061e-01 0.000000000000000000e+00 -4.163154064132792986e-01
2.746339458754530338e-01 0.000000000000000000e+00 -4.080342449541274341e-01
2.640567520102779508e-01 0.000000000000000000e+00 -3.999851218414449128e-01
2.531528125667609763e-01 0.000000000000000000e+00 -3.922249650107460517e-01
2.418985018827859157e-01 0.000000000000000000e+00 -3.848071576006624750e-01
2.302927633818188102e-01 0.000000000000000000e+00 -3.777796201157168632e-01
2.183546798327365146e-01 0.000000000000000000e+00 -3.711841326275543418e-01
2.061185025511816371e-01 0.000000000000000000e+00 -3.650566906066784467e-01
1.936270694098156109e-01 0.000000000000000000e+00 -3.594283669595781383e-01
1.809248388610674441e-01 0.000000000000000000e+00 -3.543260227723371569e-01
1.680518013322742366e-01 0.000000000000000000e+00 -3.497722931502783017e-01
1.550392989912923181e-01 0.000000000000000000e+00 -3.457845404189060501e-01
1.419083467039631563e-01 0.000000000000000000e+00 -3.423728374211784109e-01
1.286705014850960671e-01 0.000000000000000000e+00 -3.395374157888313982e-01
1.153307957476631534e-01 0.000000000000000000e+00 -3.372662848937694191e-01
1.018918453579823052e-01 0.000000000000000000e+00 -3.355338187678525430e-01
8.835804963107915522e-02 0.000000000000000000e+00 -3.343009867676668967e-01
7.473885110120812025e-02 0.000000000000000000e+00 -3.335175880024089934e-01
6.105029778823221898e-02 0.000000000000000000e+00 -3.331264073372649515e-01
4.731458097169021632e-02 0.000000000000000000e+00 -3.330687436416579494e-01
3.355770657854725142e-02 0.000000000000000000e+00 -3.332903808049188510e-01
1.980588882029438863e-02 0.000000000000000000e+00 -3.337468751842679882e-01
6.081536862027335164e-03 0.000000000000000000e+00 -3.344070773063807511e-01
-7.600218991916083723e-03 0.000000000000000000e+00 -3.352540954194810352e-01
-2.123365638322660329e-02 0.000000000000000000e+00 -3.362833925982742778e-01
-3.482276029797702621e-02 0.000000000000000000e+00 -3.374982901542596947e-01
-4.837963028407351457e-02 0.000000000000000000e+00 -3.389037049986209915e-01
-6.192136015769934138e-02 0.000000000000000000e+00 -3.404993551228897575e-01
-7.546609066087840711e-02 0.000000000000000000e+00 -3.422738311826396540e-01
-8.902910662991861401e-02 0.000000000000000000e+00 -3.442008083635722526e-01
-1.026198218309858218e-01 0.000000000000000000e+00 -3.462382768973294445e-01
-1.162402772939160334e-01 0.000000000000000000e+00 -3.483310761515134302e-01
-1.298854253453530505e-01 0.000000000000000000e+00 -3.504163447186365299e-01
-1.435450636546752590e-01 0.000000000000000000e+00 -3.524308857816402796e-01
-1.572069140551659028e-01 0.000000000000000000e+00 -3.543190224308602199e-01
-1.708600919744455715e-01 0.000000000000000000e+00 -3.560393739617025988e-01
-1.844981378078490164e-01 0.000000000000000000e+00 -3.575691569852010310e-01
-1.981208953055091093e-01 0.000000000000000000e+00 -3.589050746693819849e-01
-2.117347954026649326e-01 0.000000000000000000e+00 -3.600605139462674797e-01
-2.253514729013016693e-01 0.000000000000000000e+00 -3.610594925936868593e-01
-2.389850234144487162e-01 0.000000000000000000e+00 -3.619284394682465988e-01
-2.526485129742079283e-01 0.000000000000000000e+00 -3.626873211123948781e-01
-2.663505144080445253e-01 0.000000000000000000e+00 -3.633417585865770794e-01
-2.800924275193286128e-01 0.000000000000000000e+00 -3.638775830279479262e-01
-2.938671491484881049e-01 0.000000000000000000e+00 -3.642587973613388153e-01
-3.076593381564238783e-01 0.000000000000000000e+00 -3.644292436441882721e-01
-3.214471420046278172e-01 0.000000000000000000e+00 -3.643175576271268645e-01
-3.352049013000298339e-01 0.000000000000000000e+00 -3.638443707344227174e-01
-3.489061055757955443e-01 0.000000000000000000e+00 -3.629303204211142275e-01
-3.625257932477605749e-01 0.000000000000000000e+00 -3.615033314870095271e-01
-3.760416910454988937e-01 0.000000000000000000e+00 -3.595038491844155248e-01
-3.894336533859539262e-01 0.000000000000000000e+00 -3.568871897525775494e-01
-4.026813349299578348e-01 0.000000000000000000e+00 -3.536228203020658212e-01
-4.157604314526505696e-01 0.000000000000000000e+00 -3.496910500958849144e-01
-4.286381702994562226e-01 0.000000000000000000e+00 -3.450781679740147490e-01
-4.412689488721215914e-01 0.000000000000000000e+00 -3.397713806658411162e-01
-4.535910615141406921e-01 0.000000000000000000e+00 -3.337549286505628321e-01
-4.655253118272793533e-01 0.000000000000000000e+00 -3.270084778642368128e-01
-4.769760066142081367e-01 0.000000000000000000e+00 -3.195083678492691703e-01
-4.878344284074765946e-01 0.000000000000000000e+00 -3.112316506873411548e-01
-4.979844635331386327e-01 0.000000000000000000e+00 -3.021622172937167838e-01
-5.073097017089709393e-01 0.000000000000000000e+00 -2.922978127987127528e-01
-5.157010871259974927e-01 0.000000000000000000e+00 -2.816564945436492717e-01
-5.230641289032683661e-01 0.000000000000000000e+00 -2.702811363873263706e-01
-5.293247764176984838e-01 0.000000000000000000e+00 -2.582409209851371235e-01
-5.344333050879116476e-01 0.000000000000000000e+00 -2.456293174765178111e-01
-5.383658879559197752e-01 0.000000000000000000e+00 -2.325587014052936385e-01
-5.411238817236211363e-01 0.000000000000000000e+00 -2.191524025292595212e-01
-5.427311675161912152e-01 0.000000000000000000e+00 -2.055354383274449193e-01
-5.432301053445508510e-01 0.000000000000000000e+00 -1.918254143273275814e-01
-5.426767590914147732e-01 0.000000000000000000e+00 -1.781250070637837302e-01
-5.411360248080214763e-01 0.000000000000000000e+00 -1.645171113107535277e-01
-5.386771725678599632e-01 0.000000000000000000e+00 -1.510632041543662485e-01
-5.353701313191416844e-01 0.000000000000000000e+00 -1.378048661296119581e-01
-5.312826535693113694e-01 0.000000000000000000e+00 -1.247678293071592392e-01
-5.264783339438335874e-01 0.000000000000000000e+00 -1.119675065420479843e-01
-5.210153505633765558e-01 0.000000000000000000e+00 -9.941477209201775300e-02
-5.149457600802338497e-01 0.000000000000000000e+00 -8.712083790722070786e-02
-5.083151969414284599e-01 0.000000000000000000e+00 -7.510037400459655677e-02
-5.011628820404844253e-01 0.000000000000000000e+00 -6.337248053779091783e-02
-4.935219063977125953e-01 0.000000000000000000e+00 -5.195962900143321489e-02
-4.854197955907033069e-01 0.000000000000000000e+00 -4.088513956130936794e-02
-4.768793641569817332e-01 0.000000000000000000e+00 -3.017005718989967250e-02
-4.679198341995974841e-01 0.000000000000000000e+00 -1.983037420975538451e-02
-4.585581312970683499e-01 0.000000000000000000e+00 -9.875411752459832895e-03
-4.488102060792729664e-01 0.000000000000000000e+00 -3.078563431570202841e-04
-4.386921871941120155e-01 0.000000000000000000e+00 8.874472724276074448e-03
-4.282211717906712067e-01 0.000000000000000000e+00 1.767547711172994668e-02
-4.174155124751013912e-01 0.000000000000000000e+00 2.609694493178832397e-02
-4.062945591145979418e-01 0.000000000000000000e+00 3.413489516012092190e-02
-3.948779392709858560e-01 0.000000000000000000e+00 4.177694640995469055e-02
-3.831845817230186690e-01 0.000000000000000000e+00 4.900134420599219082e-02
-3.712317703966902527e-01 0.000000000000000000e+00 5.577792994319735048e-02
-3.590345345103744257e-01 0.000000000000000000e+00 6.207092346877243066e-02
-3.466056226076648095e-01 0.000000000000000000e+00 6.784301033599546282e-02
-3.339561799886333060e-01 0.000000000000000000e+00 7.305995612839635833e-02
-3.210970762281262214e-01 0.000000000000000000e+00 7.769486932880974306e-02
-3.080406512042643818e-01 0.000000000000000000e+00 8.173131871711650231e-02
-2.948025085911697429e-01 0.000000000000000000e+00 8.516475833594068512e-02
-2.814029236254628197e-01 0.000000000000000000e+00 8.800206533276204446e-02
-2.678674698811624455e-01 0.000000000000000000e+00 9.025937521515552120e-02
-2.542266078773384175e-01 0.000000000000000000e+00 9.195872379179942380e-02
-2.405141922750618777e-01 0.000000000000000000e+00 9.312420857466835455e-02
-2.267650995336809305e-01 0.000000000000000000e+00 9.377842678585562863e-02
-2.130123984825392780e-01 0.000000000000000000e+00 9.393983060997927736e-02
-1.992846281417257892e-01 0.000000000000000000e+00 9.362139647688887123e-02
-1.856037706751905991e-01 0.000000000000000000e+00 9.283069399922201648e-02
-1.719843979301727277e-01 0.000000000000000000e+00 9.157113394707064313e-02
-1.584342430711776495e-01 0.000000000000000000e+00 8.984394108420322433e-02
-1.449561482940575907e-01 0.000000000000000000e+00 8.765028503613063460e-02
-1.315510294940029357e-01 0.000000000000000000e+00 8.499302908981345994e-02
-1.182212494694992039e-01 0.000000000000000000e+00 8.187770856612136550e-02
-1.049736636676857071e-01 0.000000000000000000e+00 7.831258442680441578e-02
-9.182163333687398676e-02 0.000000000000000000e+00 7.430787386309396780e-02
-7.878549288698273589e-02 0.000000000000000000e+00 6.987447468360973024e-02
-6.589127721255480519e-02 0.000000000000000000e+00 6.502262333454773835e-02
-5.316789564519130290e-02 0.000000000000000000e+00 5.976093008148770230e-02
-4.064329912941218315e-02 0.000000000000000000e+00 5.409612168060684567e-02
-2.834044327163709812e-02 0.000000000000000000e+00 4.803362267797257196e-02
-1.627393817059193462e-02 0.000000000000000000e+00 4.157887279024259641e-02
-4.448167036062429351e-03 0.000000000000000000e+00 3.473906903488174075e-02
7.142636686156756363e-03 0.000000000000000000e+00 2.752489028311255748e-02
1.851228350458644298e-02 0.000000000000000000e+00 1.995174235117539580e-02
2.967888191610526874e-02 0.000000000000000000e+00 1.204015995596709188e-02
4.066023686504255386e-02 0.000000000000000000e+00 3.815195327157923106e-03
5.146941732275091969e-02 0.000000000000000000e+00 -4.695134010058375253e-03
6.211153863942306397e-02 0.000000000000000000e+00 -1.346203231177448001e-02
7.258258985956897447e-02 0.000000000000000000e+00 -2.245827445753175236e-02
8.287071941462650915e-02 0.000000000000000000e+00 -3.166018458047780565e-02
9.295985694596052562e-02 0.000000000000000000e+00 -4.104877844622773636e-02
1.028350083361125183e-01 0.000000000000000000e+00 -5.060978131853027112e-02
1.124881368409151317e-01 0.000000000000000000e+00 -6.033248286995631510e-02
1.219233378807716567e-01 0.000000000000000000e+00 -7.020765507496515290e-02
1.311600878183675767e-01 0.000000000000000000e+00 -8.022497619714409611e-02
1.402336983931943559e-01 0.000000000000000000e+00 -9.037052247152398132e-02
1.491926766178514885e-01 0.000000000000000000e+00 -1.006248799861314686e-01
1.580933609720916455e-01 0.000000000000000000e+00 -1.109622933708648146e-01
1.669928348888101988e-01 0.000000000000000000e+00 -1.213510358603650391e-01
1.759415642541180824e-01 0.000000000000000000e+00 -1.317549107569745137e-01
1.849773553437227269e-01 0.000000000000000000e+00 -1.421355415147936840e-01
1.941220302025421784e-01 0.000000000000000000e+00 -1.524549363361412391e-01
2.033816886402134982e-01 0.000000000000000000e+00 -1.626777643213906666e-01
2.127506643029160038e-01 0.000000000000000000e+00 -1.727728660919512216e-01
2.222184390789555541e-01 0.000000000000000000e+00 -1.827137225587087688e-01
2.317780361550052237e-01 0.000000000000000000e+00 -1.924778734092464361e-01
2.414339391228468579e-01 0.000000000000000000e+00 -2.020455473108663247e-01
2.512075077528491684e-01 0.000000000000000000e+00 -2.113979724897208645e-01
2.611382289213763364e-01 0.000000000000000000e+00 -2.205159272989924979e-01
2.712799102061111411e-01 0.000000000000000000e+00 -2.293790409587494195e-01
2.816919614578702324e-01 0.000000000000000000e+00 -2.379661741692465915e-01
2.924270169806125197e-01 0.000000000000000000e+00 -2.462569398193569792e-01
3.035170990577519823e-01 0.000000000000000000e+00 -2.542341310512590824e-01
3.149610998864015299e-01 0.000000000000000000e+00 -2.618865812039078977e-01
3.267164121314763969e-01 0.000000000000000000e+00 -2.692118516406598050e-01
3.386970130785434963e-01 0.000000000000000000e+00 -2.762181671530874461e-01
3.507792620589411658e-01 0.000000000000000000e+00 -2.829251957205533574e-01
3.628152725566334280e-01 0.000000000000000000e+00 -2.893635619204012466e-01
3.746522182268730017e-01 0.000000000000000000e+00 -2.955733210774750819e-01
3.861546122946675208e-01 0.000000000000000000e+00 -3.016019172062658904e-01
3.972257318104020496e-01 0.000000000000000000e+00 -3.075023181743899992e-01
4.078241408810797108e-01 0.000000000000000000e+00 -3.133320068039195938e-01
4.179717864786039461e-01 0.000000000000000000e+00 -3.191532882459998111e-01
4.372922395109295479e-01 0.000000000000000000e+00 -3.310550833993216591e-01
