7.948153898670573536e-01 -4.612229986728340059e-01 0.000000000000000000e+00
7.961434449532051039e-01 -4.683380908369093043e-01 0.000000000000000000e+00
7.973172909892366489e-01 -4.755126278633915460e-01 0.000000000000000000e+00
7.983344535476124548e-01 -4.827571040676589820e-01 0.000000000000000000e+00
7.991919508077336420e-01 -4.900797743952561847e-01 0.000000000000000000e+00
7.998865075756262932e-01 -4.974862286555057356e-01 0.000000000000000000e+00
8.004147514050926615e-01 -5.049791115101560646e-01 0.000000000000000000e+00
8.007733815686488565e-01 -5.125579929188390782e-01 0.000000000000000000e+00
8.009593038318000291e-01 -5.202193862241315525e-01 0.000000000000000000e+00
8.009697264667852146e-01 -5.279569039597327151e-01 0.000000000000000000e+00
8.008022155546468124e-01 -5.357615351440646601e-01 0.000000000000000000e+00
8.004547102176470252e-01 -5.436220225861803090e-01 0.000000000000000000e+00
7.999255008539465361e-01 -5.515253148223661084e-01 0.000000000000000000e+00
7.992131755829917639e-01 -5.594570648830200499e-01 0.000000000000000000e+00
7.983165418439349681e-01 -5.674021472374815023e-01 0.000000000000000000e+00
7.972345313373924158e-01 -5.753451649688299252e-01 0.000000000000000000e+00
7.959660972099414922e-01 -5.832709213956065453e-01 0.000000000000000000e+00
7.945101125301211598e-01 -5.911648338097232891e-01 0.000000000000000000e+00
7.928652787060233020e-01 -5.990132715005338504e-01 0.000000000000000000e+00
7.910300515903376795e-01 -6.068038054946724991e-01 0.000000000000000000e+00
7.890025916788869775e-01 -6.145253631375489078e-01 0.000000000000000000e+00
7.867807431258928563e-01 -6.221682864395352563e-01 0.000000000000000000e+00
7.843620443826239130e-01 -6.297242986780776652e-01 0.000000000000000000e+00
7.817437712347322654e-01 -6.371863887810211846e-01 0.000000000000000000e+00
7.789230109891477349e-01 -6.445486272526068650e-01 0.000000000000000000e+00
7.758967646610426261e-01 -6.518059306333985337e-01 0.000000000000000000e+00
7.726620723411840030e-01 -6.589537935660113588e-01 0.000000000000000000e+00
7.692161555731070743e-01 -6.659880083988838351e-01 0.000000000000000000e+00
7.655565696055999236e-01 -6.729043919030266441e-01 0.000000000000000000e+00
7.616813578518715211e-01 -6.796985371752185534e-01 0.000000000000000000e+00
7.575892007989791788e-01 -6.863656062933750635e-01 0.000000000000000000e+00
7.532795519596610090e-01 -6.929001759675174066e-01 0.000000000000000000e+00
7.487527542088203703e-01 -6.992961445254916031e-01 0.000000000000000000e+00
7.440101309417299635e-01 -7.055467043442327224e-01 0.000000000000000000e+00
7.390540478559955995e-01 -7.116443795520686066e-01 0.000000000000000000e+00
7.338879427071448580e-01 -7.175811247451792108e-01 0.000000000000000000e+00
7.285163220240967741e-01 -7.233484768190752146e-01 0.000000000000000000e+00
7.229447254002444589e-01 -7.289377490149175909e-01 0.000000000000000000e+00
7.171796595075912162e-01 -7.343402540745783691e-01 0.000000000000000000e+00
7.112285053343171404e-01 -7.395475420867922978e-01 0.000000000000000000e+00
7.050994032535687905e-01 -7.445516382299237623e-01 0.000000000000000000e+00
6.988011213441497338e-01 -7.493452661561257333e-01 0.000000000000000000e+00
6.923429128729720050e-01 -7.539220441425820152e-01 0.000000000000000000e+00
6.857343690061588060e-01 -7.582766432348009289e-01 0.000000000000000000e+00
6.789852726524133741e-01 -7.624048992618489562e-01 0.000000000000000000e+00
6.721054588890121861e-01 -7.663038736237152149e-01 0.000000000000000000e+00
6.651046867236342086e-01 -7.699718609318160212e-01 0.000000000000000000e+00
6.579925260622679906e-01 -7.734083447192279248e-01 0.000000000000000000e+00
6.507782627504373751e-01 -7.766139053340177512e-01 0.000000000000000000e+00
6.434708235007561283e-01 -7.795900866176379562e-01 0.000000000000000000e+00
6.360787214816886470e-01 -7.823392299155098595e-01 0.000000000000000000e+00
6.286100223816319943e-01 -7.848642852750251642e-01 0.000000000000000000e+00
6.210723299308403833e-01 -7.871686103095859588e-01 0.000000000000000000e+00
6.134727892002572736e-01 -7.892557671457735013e-01 0.000000000000000000e+00
6.058181055255767999e-01 -7.911293271694628260e-01 0.000000000000000000e+00
5.981145766357353066e-01 -7.927926920315658821e-01 0.000000000000000000e+00
5.903681354912717616e-01 -7.942489376841768145e-01 0.000000000000000000e+00
5.825844014392285164e-01 -7.955006862361755360e-01 0.000000000000000000e+00
5.747687375353505157e-01 -7.965500082998773212e-01 0.000000000000000000e+00
5.669263122302405922e-01 -7.973983564049968997e-01 0.000000000000000000e+00
5.590621640174949780e-01 -7.980465281316369008e-01 0.000000000000000000e+00
5.511812680507427453e-01 -7.984946559893878471e-01 0.000000000000000000e+00
5.432886041072546579e-01 -7.987422198461936462e-01 0.000000000000000000e+00
5.353892255684502555e-01 -7.987880769552708760e-01 0.000000000000000000e+00
5.274883292711191052e-01 -7.986305043698863626e-01 0.000000000000000000e+00
5.195913261375033620e-01 -7.982672487638458048e-01 0.000000000000000000e+00
5.117039124101682157e-01 -7.976955793423817775e-01 0.000000000000000000e+00
5.038321411045448839e-01 -7.969123405531379767e-01 0.000000000000000000e+00
4.959824929664499726e-01 -7.959140025831408227e-01 0.000000000000000000e+00
4.881619458132652745e-01 -7.946967090303822534e-01 0.000000000000000000e+00
4.803780406841922646e-01 -7.932563225350820479e-01 0.000000000000000000e+00
4.726389427714373648e-01 -7.915884704150975004e-01 0.000000000000000000e+00
4.649534946972972427e-01 -7.896885933535224833e-01 0.000000000000000000e+00
4.573312593877883470e-01 -7.875520008364296221e-01 0.000000000000000000e+00
4.497825496130205547e-01 -7.851739372655222038e-01 0.000000000000000000e+00
4.423184412513035402e-01 -7.825496624385488431e-01 0.000000000000000000e+00
4.349507675107430749e-01 -7.796745494006986910e-01 0.000000000000000000e+00
4.276920917187888027e-01 -7.765442015608975401e-01 0.000000000000000000e+00
4.205556568629228442e-01 -7.731545895105159660e-01 0.000000000000000000e+00
4.135553108163795843e-01 -7.695022062807734820e-01 0.000000000000000000e+00
4.067054070800024679e-01 -7.655842379539038456e-01 0.000000000000000000e+00
4.000206818719613255e-01 -7.613987447406197484e-01 0.000000000000000000e+00
3.935161094487755196e-01 -7.569448459951944042e-01 0.000000000000000000e+00
3.872067385856485244e-01 -7.522229012958788763e-01 0.000000000000000000e+00
3.811075141209407380e-01 -7.472346787924237788e-01 0.000000000000000000e+00
3.752330883196751121e-01 -7.419835016089330049e-01 0.000000000000000000e+00
3.695976274806639927e-01 -7.364743632512785743e-01 0.000000000000000000e+00
3.642146196564937655e-01 -7.307140037281263378e-01 0.000000000000000000e+00
3.590966895425241612e-01 -7.247109394370249147e-01 0.000000000000000000e+00
3.542554265017828219e-01 -7.184754417352207101e-01 0.000000000000000000e+00
3.497012313244241000e-01 -7.120194614144316203e-01 0.000000000000000000e+00
3.454431866865273482e-01 -7.053564989030394194e-01 0.000000000000000000e+00
3.414889554022282336e-01 -6.985014227767285533e-01 0.000000000000000000e+00
3.378447094981426591e-01 -6.914702419031436564e-01 0.000000000000000000e+00
3.345150919337970263e-01 -6.842798391068904973e-01 0.000000000000000000e+00
3.315032115085748687e-01 -6.769476764540622860e-01 0.000000000000000000e+00
3.288106702012184579e-01 -6.694914839740880863e-01 0.000000000000000000e+00
3.264376209493060621e-01 -6.619289447421300432e-01 0.000000000000000000e+00
3.243828527569072029e-01 -6.542773896545027723e-01 0.000000000000000000e+00
3.226438990748561331e-01 -6.465535149014260963e-01 0.000000000000000000e+00
3.212171646751130760e-01 -6.387731340799653879e-01 0.000000000000000000e+00
3.200980657704117771e-01 -6.309509751451477522e-01 0.000000000000000000e+00
3.192811779295275376e-01 -6.231005300622064480e-01 0.000000000000000000e+00
3.187603864077717120e-01 -6.152339622290119436e-01 0.000000000000000000e+00
3.185290338366699170e-01 -6.073620736465564773e-01 0.000000000000000000e+00
3.185800607665985607e-01 -5.994943306088145185e-01 0.000000000000000000e+00
3.189061352894395074e-01 -5.916389435524773699e-01 0.000000000000000000e+00
3.194997688335526886e-01 -5.838029938401291252e-01 0.000000000000000000e+00
3.203534161630806065e-01 -5.759925978207377506e-01 0.000000000000000000e+00
3.214595585681367385e-01 -5.682130966663362370e-01 0.000000000000000000e+00
3.228107701439339450e-01 -5.604692593354068109e-01 0.000000000000000000e+00
3.243997678730203282e-01 -5.527654856309319742e-01 0.000000000000000000e+00
3.262194469020064935e-01 -5.451059967260113437e-01 0.000000000000000000e+00
3.282629029105044727e-01 -5.374950016948804032e-01 0.000000000000000000e+00
3.305234437868132535e-01 -5.299368304370033478e-01 0.000000000000000000e+00
3.329945929478145272e-01 -5.224360257984060896e-01 0.000000000000000000e+00
3.356700865793755262e-01 -5.149973905235666338e-01 0.000000000000000000e+00
3.385438668511318583e-01 -5.076259877329563075e-01 0.000000000000000000e+00
3.416100728097240524e-01 -5.003270967210297071e-01 0.000000000000000000e+00
3.448630302195668795e-01 -4.931061288102207008e-01 0.000000000000000000e+00
3.482972411470544039e-01 -4.859685105919099857e-01 0.000000000000000000e+00
3.519073736210324710e-01 -4.789195439714653557e-01 0.000000000000000000e+00
3.556882512950603759e-01 -4.719642538805676746e-01 0.000000000000000000e+00
3.596348427249603241e-01 -4.651072352370820284e-01 0.000000000000000000e+00
3.637422496886097423e-01 -4.583525106792639137e-01 0.000000000000000000e+00
3.680056939323267939e-01 -4.517034097861117869e-01 0.000000000000000000e+00
3.724205018346127272e-01 -4.451624789781320479e-01 0.000000000000000000e+00
3.769820867245551321e-01 -4.387314291779232933e-01 0.000000000000000000e+00
3.816859289564847879e-01 -4.324111257424916310e-01 0.000000000000000000e+00
3.865275542900429295e-01 -4.262016223338645493e-01 0.000000000000000000e+00
3.915025116116510051e-01 -4.201022374647497837e-01 0.000000000000000000e+00
3.966063515090404445e-01 -4.141116696409010700e-01 0.000000000000000000e+00
4.018346076220762897e-01 -4.082281445132901476e-01 0.000000000000000000e+00
4.071827829892534223e-01 -4.024495854226166625e-01 0.000000000000000000e+00
4.126463437444264359e-01 -3.967737973056176259e-01 0.000000000000000000e+00
4.182207224568093573e-01 -3.911986532349200907e-01 0.000000000000000000e+00
4.239013331264082640e-01 -3.857222729310571530e-01 0.000000000000000000e+00
4.296835993399739095e-01 -3.803431834134871625e-01 0.000000000000000000e+00
4.355629963697426055e-01 -3.750604534909102727e-01 0.000000000000000000e+00
4.415351070868921979e-01 -3.698737959239807860e-01 0.000000000000000000e+00
4.475956905089109039e-01 -3.647836336765466481e-01 0.000000000000000000e+00
4.537407606650086245e-01 -3.597911295218383931e-01 0.000000000000000000e+00
4.599666723179888783e-01 -3.548981811827395805e-01 0.000000000000000000e+00
4.662702090038650105e-01 -3.501073869471521549e-01 0.000000000000000000e+00
4.726486679237729693e-01 -3.454219891032777046e-01 0.000000000000000000e+00
4.790999355254264014e-01 -3.408458043983818020e-01 0.000000000000000000e+00
4.856225472142947641e-01 -3.363831518847076874e-01 0.000000000000000000e+00
4.922157245952103466e-01 -3.320387888687955646e-01 0.000000000000000000e+00
4.988793840024234871e-01 -3.278178651699447110e-01 0.000000000000000000e+00
5.056141108476718271e-01 -3.237259045228300658e-01 0.000000000000000000e+00
5.124210954946393226e-01 -3.197688197912955665e-01 0.000000000000000000e+00
5.193020279218226731e-01 -3.159529658157203547e-01 0.000000000000000000e+00
5.262589503068340058e-01 -3.122852303671437291e-01 0.000000000000000000e+00
5.332940687729097462e-01 -3.087731600413200495e-01 0.000000000000000000e+00
5.404095277827584143e-01 -3.054251142378920370e-01 0.000000000000000000e+00
5.476071529308673691e-01 -3.022504368907539263e-01 0.000000000000000000e+00
5.548881700493620839e-01 -2.992596326001618068e-01 0.000000000000000000e+00
5.622529104787262755e-01 -2.964645315010627780e-01 0.000000000000000000e+00
5.697005139426130071e-01 -2.938784257866779437e-01 0.000000000000000000e+00
5.772286415974358098e-01 -2.915161604438601950e-01 0.000000000000000000e+00
5.848332124133457377e-01 -2.893941615390847599e-01 0.000000000000000000e+00
5.925081760195722858e-01 -2.875303873445699265e-01 0.000000000000000000e+00
6.002453344796745416e-01 -2.859441906639438868e-01 0.000000000000000000e+00
6.080342241496946576e-01 -2.846560847848467746e-01 0.000000000000000000e+00
6.158620668475771609e-01 -2.836874103633355015e-01 0.000000000000000000e+00
6.237137970924567787e-01 -2.830599059850578136e-01 0.000000000000000000e+00
6.315721692559204126e-01 -2.827951908585936702e-01 0.000000000000000000e+00
6.394179452298185407e-01 -2.829141737554569658e-01 0.000000000000000000e+00
6.472301598036445114e-01 -2.834364075861258159e-01 0.000000000000000000e+00
6.549864575200932126e-01 -2.843794135675451473e-01 0.000000000000000000e+00
6.626634915072410204e-01 -2.857580024978733646e-01 0.000000000000000000e+00
6.702373718340998154e-01 -2.875836229579130099e-01 0.000000000000000000e+00
6.776841484557530881e-01 -2.898637671168040053e-01 0.000000000000000000e+00
6.849803119374955340e-01 -2.926014641181852727e-01 0.000000000000000000e+00
6.921032939796620820e-01 -2.957948887317941589e-01 0.000000000000000000e+00
6.990319493778132109e-01 -2.994371091317312716e-01 0.000000000000000000e+00
7.057470014804926306e-01 -3.035159924505378970e-01 0.000000000000000000e+00
7.122314344423600341e-01 -3.080142803828668230e-01 0.000000000000000000e+00
7.184708175670598829e-01 -3.129098398691018135e-01 0.000000000000000000e+00
7.244535497058954832e-01 -3.181760861282915132e-01 0.000000000000000000e+00
7.301710149048323828e-01 -3.237825674186693425e-01 0.000000000000000000e+00
7.356176441242899822e-01 -3.296956932864242296e-01 0.000000000000000000e+00
7.407908817231526610e-01 -3.358795811171265133e-01 0.000000000000000000e+00
7.456910593173731172e-01 -3.422969898993000193e-01 0.000000000000000000e+00
7.503211834082824661e-01 -3.489103055675681908e-01 0.000000000000000000e+00
7.546866466465989021e-01 -3.556825393682596648e-01 0.000000000000000000e+00
7.587948755912572452e-01 -3.625782995564689748e-01 0.000000000000000000e+00
7.626549301980677376e-01 -3.695646974715037780e-01 0.000000000000000000e+00
7.662770719238226613e-01 -3.766121516313822304e-01 0.000000000000000000e+00
7.696723181858609042e-01 -3.836950578232553588e-01 0.000000000000000000e+00
7.728520009448709427e-01 -3.907922990402352137e-01 0.000000000000000000e+00
7.758273463913787360e-01 -3.978875762396975047e-01 0.000000000000000000e+00
7.786090911664648173e-01 -4.049695489210800026e-01 0.000000000000000000e+00
7.812071483251938897e-01 -4.120317830424219951e-01 0.000000000000000000e+00
7.836303334802821041e-01 -4.190725123882910741e-01 0.000000000000000000e+00
7.858861583928116179e-01 -4.260942277380263543e-01 0.000000000000000000e+00
7.879806958733565070e-01 -4.331031156530549264e-01 0.000000000000000000e+00
7.899185163963861056e-01 -4.401083750378065318e-01 0.000000000000000000e+00
7.917026934883324429e-01 -4.471214445242959745e-01 0.000000000000000000e+00
7.948153898670573536e-01 -4.612229986728340059e-01 0.000000000000000000e+00
