-3.163733205113312685e-01 2.148295299247102441e-01 0.000000000000000000e+00
-3.102264097454101588e-01 2.073173215021412996e-01 0.000000000000000000e+00
-3.040040015547433860e-01 1.996157181261035141e-01 0.000000000000000000e+00
-2.977550770741950736e-01 1.916228494416763461e-01 0.000000000000000000e+00
-2.915671314492497834e-01 1.832539613226673858e-01 0.000000000000000000e+00
-2.855641200492727294e-01 1.744501730511846815e-01 0.000000000000000000e+00
-2.799004555276329298e-01 1.651848802973869268e-01 0.000000000000000000e+00
-2.747514925501614025e-01 1.554670906923232010e-01 0.000000000000000000e+00
-2.703013376846579718e-01 1.453413185960883147e-01 0.000000000000000000e+00
-2.667291352750265632e-01 1.348840488482364874e-01 0.000000000000000000e+00
-2.641951685978795594e-01 1.241971597237132852e-01 0.000000000000000000e+00
-2.628281563258550446e-01 1.133990274678107341e-01 0.000000000000000000e+00
-2.627150118559273828e-01 1.026142794045765833e-01 0.000000000000000000e+00
-2.638940800755956717e-01 9.196329162195525375e-02 0.000000000000000000e+00
-2.663525018641580977e-01 8.155252711226733398e-02 0.000000000000000000e+00
-2.700279232545508834e-01 7.146668353715872335e-02 0.000000000000000000e+00
-2.748143137094985478e-01 6.176338455114645937e-02 0.000000000000000000e+00
-2.805712381106665876e-01 5.247083589554206451e-02 0.000000000000000000e+00
-2.871355870245026476e-01 4.358851713088794655e-02 0.000000000000000000e+00
-2.943345466748764072e-01 3.509063539580593166e-02 0.000000000000000000e+00
-3.019985064877039882e-01 2.693177049155178956e-02 0.000000000000000000e+00
-3.099726638705565529e-01 1.905392525621220357e-02 0.000000000000000000e+00
-3.181262816249357805e-01 1.139408463190390471e-02 0.000000000000000000e+00
-3.263588561873636551e-01 3.891390111928441121e-03 0.000000000000000000e+00
-3.346028260695861345e-01 -3.506852241336799909e-03 0.000000000000000000e+00
-3.428228439155641682e-01 -1.084091142338733209e-02 0.000000000000000000e+00
-3.510120059105079626e-01 -1.813644001326372018e-02 0.000000000000000000e+00
-3.591857368563483588e-01 -2.540438961655037964e-02 0.000000000000000000e+00
-3.673742356163623990e-01 -3.264280227037013454e-02 0.000000000000000000e+00
-3.756144745573535282e-01 -3.984002614446651575e-02 0.000000000000000000e+00
-3.839427138568314857e-01 -4.697875754326934217e-02 0.000000000000000000e+00
-3.923883478446998918e-01 -5.404025433641455184e-02 0.000000000000000000e+00
-4.009696696900808544e-01 -6.100810095856247506e-02 0.000000000000000000e+00
-4.096918560136613707e-01 -6.787102199743909325e-02 0.000000000000000000e+00
-4.185471726278525151e-01 -7.462441948589314256e-02 0.000000000000000000e+00
-4.275171247142535158e-01 -8.127052029072200090e-02 0.000000000000000000e+00
-4.365760525742575782e-01 -8.781723314660237756e-02 0.000000000000000000e+00
-4.456955319858649789e-01 -9.427599979588451029e-02 0.000000000000000000e+00
-4.548488889646546407e-01 -1.006590565574800866e-01 0.000000000000000000e+00
-4.640151825345544823e-01 -1.069765852346598600e-01 0.000000000000000000e+00
-4.731821341337872355e-01 -1.132342199046027509e-01 0.000000000000000000e+00
-4.823476668271867163e-01 -1.194312941124848898e-01 0.000000000000000000e+00
-4.915199333682519489e-01 -1.255600764711480299e-01 0.000000000000000000e+00
-5.007159286823902322e-01 -1.316060741596005723e-01 0.000000000000000000e+00
-5.099589705665527051e-01 -1.375493097374582141e-01 0.000000000000000000e+00
-5.192754688271746799e-01 -1.433663234418248722e-01 0.000000000000000000e+00
-5.286914725336965271e-01 -1.490325432556393881e-01 0.000000000000000000e+00
-5.382294822941450230e-01 -1.545246140545468161e-01 0.000000000000000000e+00
-5.479059443165700261e-01 -1.598222914539427497e-01 0.000000000000000000e+00
-5.577297192825952932e-01 -1.649095821323982858e-01 0.000000000000000000e+00
-5.677016620845044548e-01 -1.697749377908255863e-01 0.000000000000000000e+00
-5.778152820745328100e-01 -1.744104647673935249e-01 0.000000000000000000e+00
-5.880583014519996654e-01 -1.788102717910364792e-01 0.000000000000000000e+00
-5.984148122862691377e-01 -1.829682199885011296e-01 0.000000000000000000e+00
-6.088676649844732003e-01 -1.868754406668545476e-01 0.000000000000000000e+00
-6.194007096067386531e-01 -1.905180323266596198e-01 0.000000000000000000e+00
-6.300005548800401423e-01 -1.938753318952879667e-01 0.000000000000000000e+00
-6.406575989732585796e-01 -1.969190786474211974e-01 0.000000000000000000e+00
-6.513662059727112208e-01 -1.996136639004905955e-01 0.000000000000000000e+00
-6.621240338617040422e-01 -2.019175037017789387e-01 0.000000000000000000e+00
-6.729306442241901332e-01 -2.037854081743645240e-01 0.000000000000000000e+00
-6.837856234695671720e-01 -2.051716738805213769e-01 0.000000000000000000e+00
-6.946865071485831544e-01 -2.060335160395357079e-01 0.000000000000000000e+00
-7.056268160059011585e-01 -2.063344017590289514e-01 0.000000000000000000e+00
-7.165944846703989901e-01 -2.060468518666458970e-01 0.000000000000000000e+00
-7.275708976607048184e-01 -2.051543467591365466e-01 0.000000000000000000e+00
-7.385306542578736755e-01 -2.036520913764180707e-01 0.000000000000000000e+00
-7.494420786488328323e-01 -2.015465489752471528e-01 0.000000000000000000e+00
-7.602683904242886204e-01 -1.988538208541650310e-01 0.000000000000000000e+00
-7.709693674742601477e-01 -1.955971057828552462e-01 0.000000000000000000e+00
-7.815032795507852459e-01 -1.918035964208653632e-01 0.000000000000000000e+00
-7.918288523210652574e-01 -1.875012430382875239e-01 0.000000000000000000e+00
-8.019070390789343472e-01 -1.827158271734717343e-01 0.000000000000000000e+00
-8.117024254789262372e-01 -1.774687379422926203e-01 0.000000000000000000e+00
-8.211841623616450425e-01 -1.717757388616484304e-01 0.000000000000000000e+00
-8.303264008272670527e-01 -1.656468683513671325e-01 0.000000000000000000e+00
-8.391082792652743150e-01 -1.590874532110558293e-01 0.000000000000000000e+00
-8.475135723785098829e-01 -1.521000546358759475e-01 0.000000000000000000e+00
-8.555301486701687441e-01 -1.446870333429762512e-01 0.000000000000000000e+00
-8.631493909665681752e-01 -1.368533328256980319e-01 0.000000000000000000e+00
-8.703657146949776990e-01 -1.286090497893094542e-01 0.000000000000000000e+00
-8.771762757656101916e-01 -1.199713923697091067e-01 0.000000000000000000e+00
-8.835809025979083353e-01 -1.109657149718385610e-01 0.000000000000000000e+00
-8.895822258097094704e-01 -1.016254506581483752e-01 0.000000000000000000e+00
-8.951859254309042502e-01 -9.199091900553854617e-02 0.000000000000000000e+00
-9.004009788189846208e-01 -8.210714686558373554e-02 0.000000000000000000e+00
-9.052397793243972535e-01 -7.202097893733501455e-02 0.000000000000000000e+00
-9.097180086819457445e-01 -6.177785492628053848e-02 0.000000000000000000e+00
-9.138541831262469994e-01 -5.141867650730080896e-02 0.000000000000000000e+00
-9.176688482447664663e-01 -4.097717419972397856e-02 0.000000000000000000e+00
-9.211834613517595471e-01 -3.047811395108855279e-02 0.000000000000000000e+00
-9.244190618117500424e-01 -1.993656614691961121e-02 0.000000000000000000e+00
-9.273948785113530491e-01 -9.358312879138068474e-03 0.000000000000000000e+00
-9.301270507076893068e-01 1.258686365149017756e-03 0.000000000000000000e+00
-9.326276382590462655e-01 1.192199284429701529e-02 0.000000000000000000e+00
-9.349040685614216084e-01 2.264188201416193064e-02 0.000000000000000000e+00
-9.369591137469079900e-01 3.342842485215058446e-02 0.000000000000000000e+00
-9.387914203574861949e-01 4.428885459967805277e-02 0.000000000000000000e+00
-9.403965353356583678e-01 5.522556551943278574e-02 0.000000000000000000e+00
-9.417682987529372163e-01 6.623499152287731784e-02 0.000000000000000000e+00
-9.429004167964690764e-01 7.730748086855993018e-02 0.000000000000000000e+00
-9.437879974887690704e-01 8.842813795986323444e-02 0.000000000000000000e+00
-9.444288320230910250e-01 9.957846565470092337e-02 0.000000000000000000e+00
-9.448242373602557809e-01 1.107385311282319401e-01 0.000000000000000000e+00
-9.449793368093426515e-01 1.218893106752079458e-01 0.000000000000000000e+00
-9.449027362216091408e-01 1.330148529595320539e-01 0.000000000000000000e+00
-9.446056424369090321e-01 1.441039375120736488e-01 0.000000000000000000e+00
-9.441005544794673909e-01 1.551509893559787356e-01 0.000000000000000000e+00
-9.433997239072021701e-01 1.661561283408481693e-01 0.000000000000000000e+00
-9.425136182921275418e-01 1.771243651521438311e-01 0.000000000000000000e+00
-9.414496247105856863e-01 1.880640849865973518e-01 0.000000000000000000e+00
-9.402111971115738598e-01 1.989850653708186146e-01 0.000000000000000000e+00
-9.387975866725705165e-01 2.098963410608499225e-01 0.000000000000000000e+00
-9.372042068066298581e-01 2.208042468621398136e-01 0.000000000000000000e+00
-9.354235870588286650e-01 2.317109363514520959e-01 0.000000000000000000e+00
-9.334467772470478319e-01 2.426135962846154570e-01 0.000000000000000000e+00
-9.312649890590261048e-01 2.535044651382024061e-01 0.000000000000000000e+00
-9.288712186465847287e-01 2.643716368993957455e-01 0.000000000000000000e+00
-9.262615880071192187e-01 2.752005073921867662e-01 0.000000000000000000e+00
-9.234361770573008554e-01 2.859756190567717682e-01 0.000000000000000000e+00
-9.203991883018994846e-01 2.966825967283591159e-01 0.000000000000000000e+00
-9.171583824196376522e-01 3.073098513949170663e-01 0.000000000000000000e+00
-9.137238322606441310e-01 3.178497637207619575e-01 0.000000000000000000e+00
-9.101061487320406540e-01 3.282991392239646977e-01 0.000000000000000000e+00
-9.063144189295562203e-01 3.386588403832405669e-01 0.000000000000000000e+00
-9.023541511386637959e-01 3.489326304534435819e-01 0.000000000000000000e+00
-8.982255339202598332e-01 3.591253896010389579e-01 0.000000000000000000e+00
-8.939222842647549516e-01 3.692409666886005137e-01 0.000000000000000000e+00
-8.894312861217028576e-01 3.792799934768784631e-01 0.000000000000000000e+00
-8.847331150628148233e-01 3.892380017671010495e-01 0.000000000000000000e+00
-8.798034219343727758e-01 3.991041450693990078e-01 0.000000000000000000e+00
-8.746150255627688219e-01 4.088607397125058052e-01 0.000000000000000000e+00
-8.691404598133271042e-01 4.184837182050234472e-01 0.000000000000000000e+00
-8.633546493323638327e-01 4.279439480390520023e-01 0.000000000000000000e+00
-8.572373623754644401e-01 4.372092329452336168e-01 0.000000000000000000e+00
-8.507751132181954334e-01 4.462467017688054316e-01 0.000000000000000000e+00
-8.439622585769730456e-01 4.550252203686613872e-01 0.000000000000000000e+00
-8.368011430316052435e-01 4.635174460865170154e-01 0.000000000000000000e+00
-8.293012825674335176e-01 4.717011864491821860e-01 0.000000000000000000e+00
-8.214777141512058511e-01 4.795598193469113868e-01 0.000000000000000000e+00
-8.133487626505006007e-01 4.870816683671324587e-01 0.000000000000000000e+00
-8.049335660353534871e-01 4.942583852115479681e-01 0.000000000000000000e+00
-7.962497417062044391e-01 5.010825483495535693e-01 0.000000000000000000e+00
-7.873115635627375708e-01 5.075448198904402020e-01 0.000000000000000000e+00
-7.781289514396914075e-01 5.136310905903944679e-01 0.000000000000000000e+00
-7.687074601019199260e-01 5.193200713832054616e-01 0.000000000000000000e+00
-7.590493093732272323e-01 5.245817524788559671e-01 0.000000000000000000e+00
-7.491553403659223509e-01 5.293770508972345246e-01 0.000000000000000000e+00
-7.390276375332519576e-01 5.336588164336443230e-01 0.000000000000000000e+00
-7.286724437417547717e-01 5.373741842685403336e-01 0.000000000000000000e+00
-7.181029330255174203e-01 5.404680745134546882e-01 0.000000000000000000e+00
-7.073414037394676335e-01 5.428874712846203376e-01 0.000000000000000000e+00
-6.964205157090904708e-01 5.445859906309817866e-01 0.000000000000000000e+00
-6.853833120055972117e-01 5.455281863945975473e-01 0.000000000000000000e+00
-6.742819242898886456e-01 5.456930560278097087e-01 0.000000000000000000e+00
-6.631750391005764023e-01 5.450762946800407072e-01 0.000000000000000000e+00
-6.521243763915255398e-01 5.436909953719145649e-01 0.000000000000000000e+00
-6.411905763833357641e-01 5.415666866063558738e-01 0.000000000000000000e+00
-6.304289851574556014e-01 5.387468105871765500e-01 0.000000000000000000e+00
-6.198858587090245731e-01 5.352849465263382900e-01 0.000000000000000000e+00
-6.095954634900667690e-01 5.312402464473092722e-01 0.000000000000000000e+00
-5.995784427694874630e-01 5.266726524133212850e-01 0.000000000000000000e+00
-5.898416559018034855e-01 5.216384893764161035e-01 0.000000000000000000e+00
-5.803795032039160695e-01 5.161869724035702545e-01 0.000000000000000000e+00
-5.711765490269495871e-01 5.103580376376835037e-01 0.000000000000000000e+00
-5.622110776874301719e-01 5.041817201835586681e-01 0.000000000000000000e+00
-5.534590866759898642e-01 4.976790845650818085e-01 0.000000000000000000e+00
-5.448981584085452745e-01 4.908644946450344548e-01 0.000000000000000000e+00
-5.365106661827857559e-01 4.837488207113321281e-01 0.000000000000000000e+00
-5.282858617510891586e-01 4.763430488857607337e-01 0.000000000000000000e+00
-5.202205499113317089e-01 4.686617015990269253e-01 0.000000000000000000e+00
-5.123182590081662990e-01 4.607255066420518075e-01 0.000000000000000000e+00
-5.045870375116429107e-01 4.525628633796236477e-01 0.000000000000000000e+00
-4.970362149059602830e-01 4.442098335066835824e-01 0.000000000000000000e+00
-4.896726299702108820e-01 4.357086057596257778e-01 0.000000000000000000e+00
-4.824969263734933955e-01 4.271046181539768227e-01 0.000000000000000000e+00
-4.755005283838101282e-01 4.184427341117776256e-01 0.000000000000000000e+00
-4.686638337748778027e-01 4.097630290546942500e-01 0.000000000000000000e+00
-4.619560043882851019e-01 4.010968271800794405e-01 0.000000000000000000e+00
-4.553365165650080648e-01 3.924636200245079642e-01 0.000000000000000000e+00
-4.487583823851704068e-01 3.838693974068911885e-01 0.000000000000000000e+00
-4.421727025505653441e-01 3.753067388508396496e-01 0.000000000000000000e+00
-4.355339980779424636e-01 3.667567728240346825e-01 0.000000000000000000e+00
-4.288056222429981745e-01 3.581928441665408469e-01 0.000000000000000000e+00
-4.219644997031426481e-01 3.495854736063018775e-01 0.000000000000000000e+00
-4.150044880231293365e-01 3.409079836494177673e-01 0.000000000000000000e+00
-4.079378058634790527e-01 3.321420334101155558e-01 0.000000000000000000e+00
-4.007942059622864317e-01 3.232822723904856810e-01 0.000000000000000000e+00
-3.936178616936606978e-01 3.143393982028623301e-01 0.000000000000000000e+00
-3.864622465956510933e-01 3.053410797315113112e-01 0.000000000000000000e+00
-3.793835758805738645e-01 2.963304652951792573e-01 0.000000000000000000e+00
-3.724336078382143311e-01 2.873623034326395764e-01 0.000000000000000000e+00
-3.656527380212034606e-01 2.784970227677596721e-01 0.000000000000000000e+00
-3.590643381060371619e-01 2.697934051966396907e-01 0.000000000000000000e+00
-3.526711866932953909e-01 2.613007044567532411e-01 0.000000000000000000e+00
-3.464546192322397467e-01 2.530511791871388194e-01 0.000000000000000000e+00
-3.403767121689506570e-01 2.450540074247555822e-01 0.000000000000000000e+00
-3.343854484256388870e-01 2.372914246875252042e-01 0.000000000000000000e+00
-3.284224318855201719e-01 2.297176927136854452e-01 0.000000000000000000e+00
-3.163733205113312685e-01 2.148295299247102441e-01 0.000000000000000000e+00
