0.000000000000000000e+00 3.765087947224127207e-01 -8.477982433755805458e-02
0.000000000000000000e+00 3.756998488014728355e-01 -9.014002234939283431e-02
0.000000000000000000e+00 3.745642231090937635e-01 -9.546007348717718000e-02
0.000000000000000000e+00 3.731051722349462696e-01 -1.007319166292434814e-01
0.000000000000000000e+00 3.713277396270751041e-01 -1.059472135045747970e-01
0.000000000000000000e+00 3.692386846185122806e-01 -1.110973202741782767e-01
0.000000000000000000e+00 3.668463829395796627e-01 -1.161732760637416290e-01
0.000000000000000000e+00 3.641607028815312952e-01 -1.211658107795021422e-01
0.000000000000000000e+00 3.611928597891136405e-01 -1.260653737719495682e-01
0.000000000000000000e+00 3.579552520065007459e-01 -1.308621840662144153e-01
0.000000000000000000e+00 3.544612817723099552e-01 -1.355463019856626150e-01
0.000000000000000000e+00 3.507251648463582949e-01 -1.401077210902356707e-01
0.000000000000000000e+00 3.467617328469961846e-01 -1.445364784681112957e-01
0.000000000000000000e+00 3.425862323790284103e-01 -1.488227805924570990e-01
0.000000000000000000e+00 3.382141250366257346e-01 -1.529571412167542166e-01
0.000000000000000000e+00 3.336608922738928396e-01 -1.569305271617107977e-01
0.000000000000000000e+00 3.289418489509419730e-01 -1.607345073693857984e-01
0.000000000000000000e+00 3.240719690908259176e-01 -1.643614002859341283e-01
0.000000000000000000e+00 3.190657270300713000e-01 -1.678044144976418017e-01
0.000000000000000000e+00 3.139369567223443958e-01 -1.710577775934853662e-01
0.000000000000000000e+00 3.086987314722365316e-01 -1.741168484624034396e-01
0.000000000000000000e+00 3.033632658469103127e-01 -1.769782086490167272e-01
0.000000000000000000e+00 2.979418409511502830e-01 -1.796397289751914816e-01
0.000000000000000000e+00 2.924447536706437090e-01 -1.821006083678177179e-01
0.000000000000000000e+00 2.868812899038805653e-01 -1.843613826910090736e-01
0.000000000000000000e+00 2.812597212296286675e-01 -1.864239023343551849e-01
0.000000000000000000e+00 2.755873239088447169e-01 -1.882912783247956134e-01
0.000000000000000000e+00 2.698704186106314906e-01 -1.899677977724499311e-01
0.000000000000000000e+00 2.641144287938458901e-01 -1.914588104932797297e-01
0.000000000000000000e+00 2.583239552801398498e-01 -1.927705896367319927e-01
0.000000000000000000e+00 2.525028642298070558e-01 -1.939101700487592395e-01
0.000000000000000000e+00 2.466543854861001639e-01 -1.948851688867348497e-01
0.000000000000000000e+00 2.407812180918543210e-01 -1.957035936434924905e-01
0.000000000000000000e+00 2.348856397072513480e-01 -1.963736432086757577e-01
0.000000000000000000e+00 2.289696166700629087e-01 -1.969035078782742643e-01
0.000000000000000000e+00 2.230349115381009273e-01 -1.973011743056923839e-01
0.000000000000000000e+00 2.170831851340663810e-01 -1.975742412650292046e-01
0.000000000000000000e+00 2.111160903696037705e-01 -1.977297517717867270e-01
0.000000000000000000e+00 2.051353554502982068e-01 -1.977740465875616194e-01
0.000000000000000000e+00 1.991428544470640605e-01 -1.977126434399567589e-01
0.000000000000000000e+00 1.931406636508957442e-01 -1.975501454399360979e-01
0.000000000000000000e+00 1.871311025951775953e-01 -1.972901812047515024e-01
0.000000000000000000e+00 1.811167591197652971e-01 -1.969353781286812544e-01
0.000000000000000000e+00 1.751004983504698409e-01 -1.964873691229366837e-01
0.000000000000000000e+00 1.690854559629034193e-01 -1.959468320092679627e-01
0.000000000000000000e+00 1.630750165776132798e-01 -1.953135596389435902e-01
0.000000000000000000e+00 1.570727785813555988e-01 -1.945865577592561513e-01
0.000000000000000000e+00 1.510825070754552024e-01 -1.937641667009473712e-01
0.000000000000000000e+00 1.451080770058751079e-01 -1.928442021460810007e-01
0.000000000000000000e+00 1.391534088217487863e-01 -1.918241095865382828e-01
0.000000000000000000e+00 1.332223992322669748e-01 -1.907011266224770130e-01
0.000000000000000000e+00 1.273188497803693919e-01 -1.894724469953015522e-01
0.000000000000000000e+00 1.214463960220762556e-01 -1.881353802112932516e-01
0.000000000000000000e+00 1.156084400909700854e-01 -1.866875007928317232e-01
0.000000000000000000e+00 1.098080893388517221e-01 -1.851267815891487478e-01
0.000000000000000000e+00 1.040481035785629504e-01 -1.834517061752396483e-01
0.000000000000000000e+00 9.833085321795727307e-02 -1.816613561461424553e-01
0.000000000000000000e+00 9.265829027143922259e-02 -1.797554700479206402e-01
0.000000000000000000e+00 8.703193387545830884e-02 -1.777344717443246347e-01
0.000000000000000000e+00 8.145287152636161709e-02 -1.755994671625990267e-01
0.000000000000000000e+00 7.592177681380654630e-02 -1.733522095532687435e-01
0.000000000000000000e+00 7.043894395214433946e-02 -1.709950345950099204e-01
0.000000000000000000e+00 6.500433892806285752e-02 -1.685307678344331039e-01
0.000000000000000000e+00 5.961766659788464429e-02 -1.659626080302960827e-01
0.000000000000000000e+00 5.427845259480434947e-02 -1.632939909332780104e-01
0.000000000000000000e+00 4.898613845724119481e-02 -1.605284388407808571e-01
0.000000000000000000e+00 4.374018797599703301e-02 -1.576694018911438955e-01
0.000000000000000000e+00 3.854020239072802889e-02 -1.547200974792226069e-01
0.000000000000000000e+00 3.338604175491600295e-02 -1.516833543685872643e-01
0.000000000000000000e+00 2.827794954118470483e-02 -1.485614680354439276e-01
0.000000000000000000e+00 2.321667738203000639e-02 -1.453560735046364183e-01
0.000000000000000000e+00 1.820360673963239764e-02 -1.420680414357753663e-01
0.000000000000000000e+00 1.324086427538976110e-02 -1.386974025026687929e-01
0.000000000000000000e+00 8.331427746225656544e-03 -1.352433042043114930e-01
0.000000000000000000e+00 3.479219389763343970e-03 -1.317040031800134070e-01
0.000000000000000000e+00 -1.310816028642243329e-03 -1.280768949099307386e-01
0.000000000000000000e+00 -6.032651051769733451e-03 -1.243585814050314348e-01
0.000000000000000000e+00 -1.067913544673363205e-02 -1.205449761704353029e-01
0.000000000000000000e+00 -1.524197799434190946e-02 -1.166314444079777080e-01
0.000000000000000000e+00 -1.971175149168669094e-02 -1.126129751529332951e-01
0.000000000000000000e+00 -2.407792181744569660e-02 -1.084843808600292892e-01
0.000000000000000000e+00 -2.832890139211178410e-02 -1.042405189063287801e-01
0.000000000000000000e+00 -3.245212683324459613e-02 -9.987652860025633683e-02
0.000000000000000000e+00 -3.643416007101538123e-02 -9.538807660845205483e-02
0.000000000000000000e+00 -4.026081166402422501e-02 -9.077160326019570458e-02
0.000000000000000000e+00 -4.391728455163129013e-02 -8.602456198027667866e-02
0.000000000000000000e+00 -4.738833600839327531e-02 -8.114564414474410847e-02
0.000000000000000000e+00 -5.065845513942899420e-02 -7.613498195084703046e-02
0.000000000000000000e+00 -5.371205288245359949e-02 -7.099432243502949713e-02
0.000000000000000000e+00 -5.653366117141910008e-02 -6.572716654515520229e-02
0.000000000000000000e+00 -5.910813767537652363e-02 -6.033886815147258831e-02
0.000000000000000000e+00 -6.142087235997967937e-02 -5.483668903445825665e-02
0.000000000000000000e+00 -6.345799203194563143e-02 -4.922980717985440957e-02
0.000000000000000000e+00 -6.520655902098618228e-02 -4.352927710042801823e-02
0.000000000000000000e+00 -6.665476022961849822e-02 -3.774794234531800297e-02
0.000000000000000000e+00 -6.779208293745019043e-02 -3.190030180451960268e-02
0.000000000000000000e+00 -6.860947397981985441e-02 -2.600233282097489523e-02
0.000000000000000000e+00 -6.909947922617697136e-02 -2.007127544007841075e-02
0.000000000000000000e+00 -6.925636065482171366e-02 -1.412538331315665169e-02
0.000000000000000000e+00 -6.907618874967477729e-02 -8.183647788899453199e-03
0.000000000000000000e+00 -6.855690842241583816e-02 -2.265502541642679026e-03
0.000000000000000000e+00 -6.769837717936436072e-02 3.609483328661573787e-03
0.000000000000000000e+00 -6.650237479577984778e-02 9.421915451906404115e-03
0.000000000000000000e+00 -6.497258431914432197e-02 1.515287924639370336e-02
0.000000000000000000e+00 -6.311454478543908342e-02 2.078423170946555598e-02
0.000000000000000000e+00 -6.093557658633319551e-02 2.629887220473709625e-02
0.000000000000000000e+00 -5.844468095867252910e-02 3.168098518544195524e-02
0.000000000000000000e+00 -5.565241556923328919e-02 3.691624868506030582e-02
0.000000000000000000e+00 -5.257074862664473658e-02 4.199200348491648888e-02
0.000000000000000000e+00 -4.921289435888632352e-02 4.689737909791368703e-02
0.000000000000000000e+00 -4.559313304017414276e-02 5.162337404728330192e-02
0.000000000000000000e+00 -4.172661902807000417e-02 5.616288932496457664e-02
0.000000000000000000e+00 -3.762918047448409603e-02 6.051071533984224426e-02
0.000000000000000000e+00 -3.331711449873802494e-02 6.466347406499600714e-02
0.000000000000000000e+00 -2.880698165458937809e-02 6.861951941997157522e-02
0.000000000000000000e+00 -2.411540348545505863e-02 7.237880013617746522e-02
0.000000000000000000e+00 -1.925886684416647926e-02 7.594269041226919814e-02
0.000000000000000000e+00 -1.425353845840501149e-02 7.931379453864130513e-02
0.000000000000000000e+00 -9.115092955146888651e-03 8.249573232921934840e-02
0.000000000000000000e+00 -3.858557223289196467e-03 8.549291262531323599e-02
0.000000000000000000e+00 1.501826399120891444e-03 8.831030231899156258e-02
0.000000000000000000e+00 6.952716068900481952e-03 9.095319827920736455e-02
0.000000000000000000e+00 1.248176395045001545e-02 9.342700925802305267e-02
0.000000000000000000e+00 1.807768624455309212e-02 9.573705432013365768e-02
0.000000000000000000e+00 2.373030920715525280e-02 9.788838359745320739e-02
0.000000000000000000e+00 2.943059116311004877e-02 9.988562624959684833e-02
0.000000000000000000e+00 3.517062104339468975e-02 1.017328694442810183e-01
0.000000000000000000e+00 4.094359447828048448e-02 1.034335709972012962e-01
0.000000000000000000e+00 4.674376895191114517e-02 1.049905070703424648e-01
0.000000000000000000e+00 5.256639995493038453e-02 1.064057550642527605e-01
0.000000000000000000e+00 5.840766045143706148e-02 1.076807105972204387e-01
0.000000000000000000e+00 6.426454629607446234e-02 1.088161362849793812e-01
0.000000000000000000e+00 7.013477048933895730e-02 1.098122389583530145e-01
0.000000000000000000e+00 7.601664933868164387e-02 1.106687710189417917e-01
0.000000000000000000e+00 8.190898369587146233e-02 1.113851508651781536e-01
0.000000000000000000e+00 8.781093846540258263e-02 1.119605967472152852e-01
0.000000000000000000e+00 9.372192352438837859e-02 1.123942680465715160e-01
0.000000000000000000e+00 9.964147906318697456e-02 1.126854078350535415e-01
0.000000000000000000e+00 1.055691681516324892e-01 1.128334806492429093e-01
0.000000000000000000e+00 1.115044790636640776e-01 1.128382997159265988e-01
0.000000000000000000e+00 1.174467395604740921e-01 1.127001383669168216e-01
0.000000000000000000e+00 1.233950449476651917e-01 1.124198210683347993e-01
0.000000000000000000e+00 1.293482012952376359e-01 1.119987903330007667e-01
0.000000000000000000e+00 1.353046847515041451e-01 1.114391467531786750e-01
0.000000000000000000e+00 1.412626174050314320e-01 1.107436604486010945e-01
0.000000000000000000e+00 1.472197596647317475e-01 1.099157533326861058e-01
0.000000000000000000e+00 1.531735186497658052e-01 1.089594527179987837e-01
0.000000000000000000e+00 1.591209716203797753e-01 1.078793178701939193e-01
0.000000000000000000e+00 1.650589030501617704e-01 1.066803421392370221e-01
0.000000000000000000e+00 1.709838535507403057e-01 1.053678342117796568e-01
0.000000000000000000e+00 1.768921785219250420e-01 1.039472828073682853e-01
0.000000000000000000e+00 1.827801141226954029e-01 1.024242097570271237e-01
0.000000000000000000e+00 1.886438479487586584e-01 1.008040168350807231e-01
0.000000000000000000e+00 1.944795916663965007e-01 9.909183194999129918e-02
0.000000000000000000e+00 2.002836527938832989e-01 9.729236033077437451e-02
0.000000000000000000e+00 2.060525028428056571e-01 9.540974617287602266e-02
0.000000000000000000e+00 2.117828391319808712e-01 9.344744983914282654e-02
0.000000000000000000e+00 2.174716377641470189e-01 9.140814516254161526e-02
0.000000000000000000e+00 2.231161955059291491e-01 8.929364068874905136e-02
0.000000000000000000e+00 2.287141586285768857e-01 8.710482785534423567e-02
0.000000000000000000e+00 2.342635371426396163e-01 8.484165816132897830e-02
0.000000000000000000e+00 2.397627032844919237e-01 8.250315037068435553e-02
0.000000000000000000e+00 2.452103735754760372e-01 8.008742775336429032e-02
0.000000000000000000e+00 2.506055742633104266e-01 7.759178433401708874e-02
0.000000000000000000e+00 2.559475904574548544e-01 7.501277812973022874e-02
0.000000000000000000e+00 2.612358997719599341e-01 7.234634844821342947e-02
0.000000000000000000e+00 2.664700917774928679e-01 6.958795351893300174e-02
0.000000000000000000e+00 2.716497750254471821e-01 6.673272406936728296e-02
0.000000000000000000e+00 2.767744738286158634e-01 6.377562795911463633e-02
0.000000000000000000e+00 2.818435173530437488e-01 6.071164066239369272e-02
0.000000000000000000e+00 2.868559238837853909e-01 5.753591625431502682e-02
0.000000000000000000e+00 2.918102833643266836e-01 5.424395361110403296e-02
0.000000000000000000e+00 2.967046414680478139e-01 5.083175277523297592e-02
0.000000000000000000e+00 3.015363885349933160e-01 4.729595685246575087e-02
0.000000000000000000e+00 3.063021566951280028e-01 4.363397538214917881e-02
0.000000000000000000e+00 3.109977283992286234e-01 3.984408583208583904e-02
0.000000000000000000e+00 3.156179593918711501e-01 3.592551068763905758e-02
0.000000000000000000e+00 3.201567188911869088e-01 3.187846850025438661e-02
0.000000000000000000e+00 3.246068493929304410e-01 2.770419819969238001e-02
0.000000000000000000e+00 3.289601480997595417e-01 2.340495692198333103e-02
0.000000000000000000e+00 3.332073715001680481e-01 1.898399252646010282e-02
0.000000000000000000e+00 3.373382640966059443e-01 1.444549283647073197e-02
0.000000000000000000e+00 3.413416117216812040e-01 9.794514408303874042e-03
0.000000000000000000e+00 3.452053192987400987e-01 5.036894283881867759e-03
0.000000000000000000e+00 3.489165123130509305e-01 1.791486919345608496e-04
0.000000000000000000e+00 3.524616606770598626e-01 -4.771636987839880314e-03
0.000000000000000000e+00 3.558267231125280539e-01 -9.807922504114276532e-03
0.000000000000000000e+00 3.589973096481013926e-01 -1.492182675999476592e-02
0.000000000000000000e+00 3.619588593565515877e-01 -2.010523725982452103e-02
0.000000000000000000e+00 3.646968300439094590e-01 -2.534991098739693485e-02
0.000000000000000000e+00 3.671968962638819112e-01 -3.064756321432007477e-02
0.000000000000000000e+00 3.694451517743856384e-01 -3.598994135671041567e-02
0.000000000000000000e+00 3.714283123858605484e-01 -4.136888172422973492e-02
0.000000000000000000e+00 3.731339150780699221e-01 -4.677634780883166421e-02
0.000000000000000000e+00 3.745505092859142127e-01 -5.220444960970556381e-02
0.000000000000000000e+00 3.756678363754464844e-01 -5.764544435240234743e-02
0.000000000000000000e+00 3.764769935464427064e-01 -6.309171980019984138e-02
0.000000000000000000e+00 3.769705787028184152e-01 -6.853576214147660828e-02
0.000000000000000000e+00 3.771428132198831884e-01 -7.397011113738231891e-02
0.000000000000000000e+00 3.765087947224127207e-01 -8.477982433755805458e-02
