5.739197092913899123e-01 0.000000000000000000e+00 6.469482692613958141e-01
5.466647102130484104e-01 0.000000000000000000e+00 6.466798536949661669e-01
5.110500438924590050e-01 0.000000000000000000e+00 6.460117052920105740e-01
4.697898531963694002e-01 0.000000000000000000e+00 6.444577457146073440e-01
4.285058272122128642e-01 0.000000000000000000e+00 6.419782882877528296e-01
3.900646848344436757e-01 0.000000000000000000e+00 6.389600714299835671e-01
3.531375059462015797e-01 0.000000000000000000e+00 6.356617105280127911e-01
3.153751677491390959e-01 0.000000000000000000e+00 6.315513586650319811e-01
2.766637375103489505e-01 0.000000000000000000e+00 6.249668219574904260e-01
2.392153649779247271e-01 0.000000000000000000e+00 6.133792652081688779e-01
2.058793916052496231e-01 0.000000000000000000e+00 5.943708688304952803e-01
1.795390258444130305e-01 0.000000000000000000e+00 5.670321319833391271e-01
1.635743575252374127e-01 0.000000000000000000e+00 5.329250648306191884e-01
1.610823235957418165e-01 0.000000000000000000e+00 4.957039426130546156e-01
1.724307251230624283e-01 0.000000000000000000e+00 4.593759957542710159e-01
1.939265986590899549e-01 0.000000000000000000e+00 4.263748631461962146e-01
2.199040919645840753e-01 0.000000000000000000e+00 3.968598785827051612e-01
2.465392128723198906e-01 0.000000000000000000e+00 3.695641002137846631e-01
2.734392318991231696e-01 0.000000000000000000e+00 3.431777968920489696e-01
3.016661168318804376e-01 0.000000000000000000e+00 3.170384972531096746e-01
3.310187212202906348e-01 0.000000000000000000e+00 2.908847780657853321e-01
3.598260894615329941e-01 0.000000000000000000e+00 2.643973648229887008e-01
3.869434631873299724e-01 0.000000000000000000e+00 2.371846056485048260e-01
4.129449469866992573e-01 0.000000000000000000e+00 2.090884159919537133e-01
4.389813372842280015e-01 0.000000000000000000e+00 1.802661810369739215e-01
4.650296462622782179e-01 0.000000000000000000e+00 1.508827253756674647e-01
4.898643732051802258e-01 0.000000000000000000e+00 1.208040161310435512e-01
5.125521887020789702e-01 0.000000000000000000e+00 8.967190343093021931e-02
5.333030236360464249e-01 0.000000000000000000e+00 5.723404932369101361e-02
5.526295408196908454e-01 0.000000000000000000e+00 2.350288397707711238e-02
5.701142110699203291e-01 0.000000000000000000e+00 -1.141458570219562423e-02
5.844023242698810350e-01 0.000000000000000000e+00 -4.752884014083189751e-02
5.942061136093632623e-01 0.000000000000000000e+00 -8.488995464242894695e-02
5.988957216322459143e-01 0.000000000000000000e+00 -1.232758213030211158e-01
5.981844086495532453e-01 0.000000000000000000e+00 -1.620198641171877729e-01
5.918184744453330870e-01 0.000000000000000000e+00 -2.002145867744789254e-01
5.799531361868025536e-01 0.000000000000000000e+00 -2.371164661826359044e-01
5.635766341118644274e-01 0.000000000000000000e+00 -2.723795351381527730e-01
5.440895346304396307e-01 0.000000000000000000e+00 -3.059652956956806502e-01
5.223812836921861713e-01 0.000000000000000000e+00 -3.379270731355494273e-01
4.985741501858871327e-01 0.000000000000000000e+00 -3.683346698307342071e-01
4.727173640200402205e-01 0.000000000000000000e+00 -3.973456152339043812e-01
4.453815489363798230e-01 0.000000000000000000e+00 -4.252049309496966911e-01
4.172905321849731952e-01 0.000000000000000000e+00 -4.520733995595045407e-01
3.885712463632392533e-01 0.000000000000000000e+00 -4.778869994846617342e-01
3.587843064546832883e-01 0.000000000000000000e+00 -5.024928267993356013e-01
3.277561598655815422e-01 0.000000000000000000e+00 -5.259595308522759805e-01
2.960358749447767335e-01 0.000000000000000000e+00 -5.486622766996804845e-01
2.643122210553099927e-01 0.000000000000000000e+00 -5.709730681505343908e-01
2.326348497612722166e-01 0.000000000000000000e+00 -5.929506403884592380e-01
2.006145491422847704e-01 0.000000000000000000e+00 -6.145598392597372284e-01
1.684335576390734446e-01 0.000000000000000000e+00 -6.363197613311054601e-01
1.373625832604555841e-01 0.000000000000000000e+00 -6.595855144291681293e-01
1.091185571438109403e-01 0.000000000000000000e+00 -6.858986741129963205e-01
8.485395830122144378e-02 0.000000000000000000e+00 -7.159113687590891173e-01
6.481731837136976704e-02 0.000000000000000000e+00 -7.490134920542919073e-01
4.857595898639679999e-02 0.000000000000000000e+00 -7.840452980704766262e-01
3.496302733215827380e-02 0.000000000000000000e+00 -8.201509015999391972e-01
2.168425716699111730e-02 0.000000000000000000e+00 -8.566306812254470548e-01
5.543577256678133662e-03 0.000000000000000000e+00 -8.919945458530763593e-01
-1.619710243288374069e-02 0.000000000000000000e+00 -9.236628404520987878e-01
-4.430930751962890157e-02 0.000000000000000000e+00 -9.491797617043841173e-01
-7.742177227080866697e-02 0.000000000000000000e+00 -9.679238754592289773e-01
-1.133343782904084746e-01 0.000000000000000000e+00 -9.814575245751675503e-01
-1.504587821990395480e-01 0.000000000000000000e+00 -9.920579098324677769e-01
-1.881624965059683074e-01 0.000000000000000000e+00 -1.001003326126612691e+00
-2.262295675639608705e-01 0.000000000000000000e+00 -1.008345987257734722e+00
-2.644533965829334310e-01 0.000000000000000000e+00 -1.014011169347505126e+00
-3.027375283692409491e-01 0.000000000000000000e+00 -1.018547517617539144e+00
-3.412011880660034691e-01 0.000000000000000000e+00 -1.022600788980952080e+00
-3.799330328465740925e-01 0.000000000000000000e+00 -1.026069794815018588e+00
-4.187620329582020240e-01 0.000000000000000000e+00 -1.028327709080281593e+00
-4.574585138011576513e-01 0.000000000000000000e+00 -1.029303743342048216e+00
-4.960768531820823335e-01 0.000000000000000000e+00 -1.029876275247056050e+00
-5.348724866686989099e-01 0.000000000000000000e+00 -1.030886963242319654e+00
-5.738764376448999283e-01 0.000000000000000000e+00 -1.032039057505870661e+00
-6.127925277157907358e-01 0.000000000000000000e+00 -1.032252981041579032e+00
-6.514308749660753239e-01 0.000000000000000000e+00 -1.031137944598759404e+00
-6.900347107329924956e-01 0.000000000000000000e+00 -1.029627838062108891e+00
-7.289394580965899983e-01 0.000000000000000000e+00 -1.028805606684705776e+00
-7.680047555446330998e-01 0.000000000000000000e+00 -1.028341223990640652e+00
-8.066968929334293881e-01 0.000000000000000000e+00 -1.026589651209510290e+00
-8.447989413431327144e-01 0.000000000000000000e+00 -1.022279676706927765e+00
-8.827053927110449782e-01 0.000000000000000000e+00 -1.015586390476842515e+00
-9.206703537866895992e-01 0.000000000000000000e+00 -1.007100162154103584e+00
-9.578045071897257623e-01 0.000000000000000000e+00 -9.959634548155663625e-01
-9.921076872758261000e-01 0.000000000000000000e+00 -9.796829584404453950e-01
-1.021619276626789974e+00 0.000000000000000000e+00 -9.561593772309348038e-01
-1.045438376016197379e+00 0.000000000000000000e+00 -9.257374177744538413e-01
-1.063669331986961675e+00 0.000000000000000000e+00 -8.909904931158487695e-01
-1.076785914408944445e+00 0.000000000000000000e+00 -8.545790947189603193e-01
-1.085455769760631961e+00 0.000000000000000000e+00 -8.175805902970648686e-01
-1.090862194580319189e+00 0.000000000000000000e+00 -7.798032392930263068e-01
-1.094602391096285210e+00 0.000000000000000000e+00 -7.411507300086309646e-01
-1.097821131099840031e+00 0.000000000000000000e+00 -7.021889392674122155e-01
-1.100526600793203302e+00 0.000000000000000000e+00 -6.635003049751863058e-01
-1.102060628845287216e+00 0.000000000000000000e+00 -6.250212083697698207e-01
-1.102250358001441111e+00 0.000000000000000000e+00 -5.863130158601764785e-01
-1.101820145603154888e+00 0.000000000000000000e+00 -5.472748504453271989e-01
-1.101577979717175193e+00 0.000000000000000000e+00 -5.082664306071177363e-01
-1.101495290564858953e+00 0.000000000000000000e+00 -4.695589319868216371e-01
-1.100896664307337680e+00 0.000000000000000000e+00 -4.309711130904253507e-01
-1.099456014848521734e+00 0.000000000000000000e+00 -3.921837476206764261e-01
-1.097655456518421557e+00 0.000000000000000000e+00 -3.532136980851980357e-01
-1.096174874514318054e+00 0.000000000000000000e+00 -3.143548599807493571e-01
-1.095132280907225253e+00 0.000000000000000000e+00 -2.757194700844731727e-01
-1.094177894253817396e+00 0.000000000000000000e+00 -2.370769305980914288e-01
-1.093168042984229649e+00 0.000000000000000000e+00 -1.982056714309911594e-01
-1.092395596919320644e+00 0.000000000000000000e+00 -1.592155720014662990e-01
-1.092124744770801348e+00 0.000000000000000000e+00 -1.203732660465631904e-01
-1.092220289397166422e+00 0.000000000000000000e+00 -8.170964830788232658e-02
-1.092426807850000126e+00 0.000000000000000000e+00 -4.298969560920341132e-02
-1.092781717658165341e+00 0.000000000000000000e+00 -4.069475717091251311e-03
-1.093434574418576499e+00 0.000000000000000000e+00 3.489698318071014077e-02
-1.094136853473647530e+00 0.000000000000000000e+00 7.369366249932354784e-02
-1.094301565078178218e+00 0.000000000000000000e+00 1.123583448642084259e-01
-1.093717962699219060e+00 0.000000000000000000e+00 1.511180520211573008e-01
-1.092883464075841582e+00 0.000000000000000000e+00 1.900548795351193754e-01
-1.092269193955637263e+00 0.000000000000000000e+00 2.289892261462723178e-01
-1.091370267361103652e+00 0.000000000000000000e+00 2.677212740512139866e-01
-1.088927349041648007e+00 0.000000000000000000e+00 3.062574993027936121e-01
-1.084257081381697629e+00 0.000000000000000000e+00 3.447212889103682398e-01
-1.078016071079441751e+00 0.000000000000000000e+00 3.831317443762813357e-01
-1.071228552697782277e+00 0.000000000000000000e+00 4.213559104395024346e-01
-1.063572792912147902e+00 0.000000000000000000e+00 4.591514287195548882e-01
-1.052981354389701085e+00 0.000000000000000000e+00 4.960201556810177603e-01
-1.037131569226956485e+00 0.000000000000000000e+00 5.309858980149907426e-01
-1.015216635364205588e+00 0.000000000000000000e+00 5.627686938726481625e-01
-9.881929840511248786e-01 0.000000000000000000e+00 5.904360642189376840e-01
-9.575798443586778230e-01 0.000000000000000000e+00 6.138826961318218922e-01
-9.243772650021321313e-01 0.000000000000000000e+00 6.335317000118623199e-01
-8.890856979620450629e-01 0.000000000000000000e+00 6.496090119138193675e-01
-8.522599813100431021e-01 0.000000000000000000e+00 6.619690880717565840e-01
-8.146077308583322685e-01 0.000000000000000000e+00 6.707589459200700155e-01
-7.765987808046951324e-01 0.000000000000000000e+00 6.770010044725823795e-01
-7.382969898094010608e-01 0.000000000000000000e+00 6.821260523069203607e-01
-6.996759095431177577e-01 0.000000000000000000e+00 6.868263383394120902e-01
-6.609054381024921376e-01 0.000000000000000000e+00 6.906115888751925835e-01
-6.221989323916200521e-01 0.000000000000000000e+00 6.926952171850442319e-01
-5.835329801221423862e-01 0.000000000000000000e+00 6.931761947843558813e-01
-5.447277261739067455e-01 0.000000000000000000e+00 6.930699927782184577e-01
-5.057707336087123862e-01 0.000000000000000000e+00 6.931813419739246696e-01
-4.668704907353024569e-01 0.000000000000000000e+00 6.932755165036361689e-01
-4.281549995230346517e-01 0.000000000000000000e+00 6.925988201053472348e-01
-3.894901594836893688e-01 0.000000000000000000e+00 6.910566941795622808e-01
-3.506978815411790351e-01 0.000000000000000000e+00 6.895396771636705946e-01
-3.118231296226069427e-01 0.000000000000000000e+00 6.890142358751361051e-01
-2.730353977224730389e-01 0.000000000000000000e+00 6.895606524047234176e-01
-2.343477827152388171e-01 0.000000000000000000e+00 6.905479881845562051e-01
-1.956302221627731208e-01 0.000000000000000000e+00 6.916817934147497793e-01
-1.569065887480885491e-01 0.000000000000000000e+00 6.936675018398696935e-01
-1.184663255205676141e-01 0.000000000000000000e+00 6.978619813780505554e-01
-8.068783243819638296e-02 0.000000000000000000e+00 7.055395255397965970e-01
-4.406719380320921892e-02 0.000000000000000000e+00 7.176300680485235839e-01
-9.634511324419677003e-03 0.000000000000000000e+00 7.348878535760614561e-01
2.100847899604758526e-02 0.000000000000000000e+00 7.577935130823116872e-01
4.679445511465900320e-02 0.000000000000000000e+00 7.859534439287479968e-01
6.874733170507596469e-02 0.000000000000000000e+00 8.176108205680457930e-01
9.017047862790704416e-02 0.000000000000000000e+00 8.499382027725781441e-01
1.147247856066874738e-01 0.000000000000000000e+00 8.800068955428277384e-01
1.440302966455011824e-01 0.000000000000000000e+00 9.057300527749727603e-01
1.771556064859921287e-01 0.000000000000000000e+00 9.262682557609749345e-01
2.123035625208780086e-01 0.000000000000000000e+00 9.419198514971300895e-01
2.485952335174419492e-01 0.000000000000000000e+00 9.537255723652393602e-01
2.860836388866197511e-01 0.000000000000000000e+00 9.629229663464692335e-01
3.245743544406393122e-01 0.000000000000000000e+00 9.704110957346911981e-01
3.632096351767918896e-01 0.000000000000000000e+00 9.765226903972794581e-01
4.013777807950412169e-01 0.000000000000000000e+00 9.812540090987346142e-01
4.394702097397384377e-01 0.000000000000000000e+00 9.846691379075335204e-01
4.782405054407357081e-01 0.000000000000000000e+00 9.870298067265927955e-01
5.176203838558092185e-01 0.000000000000000000e+00 9.885925426966352125e-01
5.567211577554462831e-01 0.000000000000000000e+00 9.894490954965269314e-01
5.950732870962898158e-01 0.000000000000000000e+00 9.896430357389502941e-01
6.333233867438730069e-01 0.000000000000000000e+00 9.893028651052223621e-01
6.723164916327734053e-01 0.000000000000000000e+00 9.884781741326957860e-01
7.118160194938767393e-01 0.000000000000000000e+00 9.868860773398449027e-01
7.507271475067807120e-01 0.000000000000000000e+00 9.840477307702385490e-01
7.886045466850450936e-01 0.000000000000000000e+00 9.797521196891069151e-01
8.263131521495199472e-01 0.000000000000000000e+00 9.741219221698890207e-01
8.647197927683928365e-01 0.000000000000000000e+00 9.668802069582641545e-01
9.029377722710725251e-01 0.000000000000000000e+00 9.565505980168749200e-01
9.383272461196530134e-01 0.000000000000000000e+00 9.407665479264204489e-01
9.682479547473136217e-01 0.000000000000000000e+00 9.177683080205041311e-01
9.914616567078226028e-01 0.000000000000000000e+00 8.877119582168850886e-01
1.007796321044409193e+00 0.000000000000000000e+00 8.524873720874910354e-01
1.016978984038466649e+00 0.000000000000000000e+00 8.144155999820954506e-01
1.018234472945714897e+00 0.000000000000000000e+00 7.754351513773568572e-01
1.010766429120216969e+00 0.000000000000000000e+00 7.375896869647726728e-01
9.941279176512318738e-01 0.000000000000000000e+00 7.037801271076044030e-01
9.683089991576880884e-01 0.000000000000000000e+00 6.772435604358453265e-01
9.343316518888604705e-01 0.000000000000000000e+00 6.597970804958157576e-01
8.951589852789513246e-01 0.000000000000000000e+00 6.505904356817445722e-01
8.551624676489618659e-01 0.000000000000000000e+00 6.467759838084594648e-01
8.173731651075920590e-01 0.000000000000000000e+00 6.454866112216820495e-01
7.809715319404740841e-01 0.000000000000000000e+00 6.452245834875318664e-01
7.425072709534360493e-01 0.000000000000000000e+00 6.456411122442707873e-01
7.005616000518933850e-01 0.000000000000000000e+00 6.465084731723342859e-01
6.588598563490584148e-01 0.000000000000000000e+00 6.472722661605699868e-01
6.235629022036832669e-01 0.000000000000000000e+00 6.474835048959207695e-01
5.739197092913899123e-01 0.000000000000000000e+00 6.469482692613958141e-01
