7.070520950312179593e+02 0.000000000000000000e+00 -6.088465700077049405e+02
7.073894558832687380e+02 0.000000000000000000e+00 -6.095768906840534100e+02
7.076949525346412884e+02 0.000000000000000000e+00 -6.103282638872385633e+02
7.079682834970240037e+02 0.000000000000000000e+00 -6.110999481026229887e+02
7.082091790257562707e+02 0.000000000000000000e+00 -6.118911817710528567e+02
7.084174013860352943e+02 0.000000000000000000e+00 -6.127011840404242093e+02
7.085927450875302611e+02 0.000000000000000000e+00 -6.135291555362897498e+02
7.087350370871771474e+02 0.000000000000000000e+00 -6.143742791507453376e+02
7.088441369599515838e+02 0.000000000000000000e+00 -6.152357208488166407e+02
7.089199370374511773e+02 0.000000000000000000e+00 -6.161126304915507035e+02
7.089623625141504135e+02 0.000000000000000000e+00 -6.170041426750007076e+02
7.089713715212263878e+02 0.000000000000000000e+00 -6.179093775842752621e+02
7.089469551678763537e+02 0.000000000000000000e+00 -6.188274418618090067e+02
7.088891375500934373e+02 0.000000000000000000e+00 -6.197574294889996054e+02
7.087979757268860794e+02 0.000000000000000000e+00 -6.206984226803374440e+02
7.086735596639674668e+02 0.000000000000000000e+00 -6.216494927891504858e+02
7.085160121449708868e+02 0.000000000000000000e+00 -6.226097012240651338e+02
7.083254886502764975e+02 0.000000000000000000e+00 -6.235781003752836114e+02
7.081021772035716140e+02 0.000000000000000000e+00 -6.245537345497599517e+02
7.078462981862933248e+02 0.000000000000000000e+00 -6.255356409143536212e+02
7.075581041201389780e+02 0.000000000000000000e+00 -6.265228504460296790e+02
7.072378794178579255e+02 0.000000000000000000e+00 -6.275143888881679004e+02
7.068859401025698617e+02 0.000000000000000000e+00 -6.285092777120355549e+02
7.065026334958893131e+02 0.000000000000000000e+00 -6.295065350824778534e+02
7.060883378751592545e+02 0.000000000000000000e+00 -6.305051768268706383e+02
7.056434621001392316e+02 0.000000000000000000e+00 -6.315042174063795528e+02
7.051684452095087181e+02 0.000000000000000000e+00 -6.325026708885682183e+02
7.046637559875889565e+02 0.000000000000000000e+00 -6.334995519203947651e+02
7.041298925017105148e+02 0.000000000000000000e+00 -6.344938767006353828e+02
7.035673816106797176e+02 0.000000000000000000e+00 -6.354846639507783266e+02
7.029767784448329166e+02 0.000000000000000000e+00 -6.364709358834269324e+02
7.023586658581908750e+02 0.000000000000000000e+00 -6.374517191672575791e+02
7.017136538532507757e+02 0.000000000000000000e+00 -6.384260458875809263e+02
7.010423789789881539e+02 0.000000000000000000e+00 -6.393929545015555505e+02
7.003455037026600394e+02 0.000000000000000000e+00 -6.403514907871157220e+02
6.996237157560294690e+02 0.000000000000000000e+00 -6.413007087846733612e+02
6.988777274566569986e+02 0.000000000000000000e+00 -6.422396717306651226e+02
6.981082750049301922e+02 0.000000000000000000e+00 -6.431674529820257931e+02
6.973161177575213969e+02 0.000000000000000000e+00 -6.440831369306725946e+02
6.965020374779958274e+02 0.000000000000000000e+00 -6.449858199071001081e+02
6.956668375653041494e+02 0.000000000000000000e+00 -6.458746110721928062e+02
6.948113422609252439e+02 0.000000000000000000e+00 -6.467486332963758286e+02
6.939363958354392707e+02 0.000000000000000000e+00 -6.476070240252361145e+02
6.930428617553347976e+02 0.000000000000000000e+00 -6.484489361307586250e+02
6.921316218308711541e+02 0.000000000000000000e+00 -6.492735387473406945e+02
6.912035753458384306e+02 0.000000000000000000e+00 -6.500800180917552780e+02
6.902596381700730035e+02 0.000000000000000000e+00 -6.508675782662568281e+02
6.893007418556043149e+02 0.000000000000000000e+00 -6.516354420440363810e+02
6.883278327173258049e+02 0.000000000000000000e+00 -6.523828516362506207e+02
6.873418708990963069e+02 0.000000000000000000e+00 -6.531090694398678806e+02
6.863438294261939063e+02 0.000000000000000000e+00 -6.538133787655933702e+02
6.853346932450568829e+02 0.000000000000000000e+00 -6.544950845451547821e+02
6.843154582512620436e+02 0.000000000000000000e+00 -6.551535140172511547e+02
6.832871303066942801e+02 0.000000000000000000e+00 -6.557880173914866191e+02
6.822507242468833510e+02 0.000000000000000000e+00 -6.563979684896352182e+02
6.812072628794836646e+02 0.000000000000000000e+00 -6.569827653636035620e+02
6.801577759748861354e+02 0.000000000000000000e+00 -6.575418308894802522e+02
6.791032992499592638e+02 0.000000000000000000e+00 -6.580746133370881807e+02
6.780448733459222694e+02 0.000000000000000000e+00 -6.585805869144750204e+02
6.769835428013572027e+02 0.000000000000000000e+00 -6.590592522868071228e+02
6.759203550213752578e+02 0.000000000000000000e+00 -6.595101370691515967e+02
6.748563592439553531e+02 0.000000000000000000e+00 -6.599327962926645341e+02
6.737926055044719078e+02 0.000000000000000000e+00 -6.603268128437202904e+02
6.727301435994372696e+02 0.000000000000000000e+00 -6.606917978755534477e+02
6.716700220504791332e+02 0.000000000000000000e+00 -6.610273911920027103e+02
6.706132870695763586e+02 0.000000000000000000e+00 -6.613332616029812243e+02
6.695609815265737552e+02 0.000000000000000000e+00 -6.616091072513218023e+02
6.685141439199960587e+02 0.000000000000000000e+00 -6.618546559106727045e+02
6.674738073521746173e+02 0.000000000000000000e+00 -6.620696652541524827e+02
6.664409985097006484e+02 0.000000000000000000e+00 -6.622539230934974057e+02
6.654167366502089180e+02 0.000000000000000000e+00 -6.624072475884662481e+02
6.644020325964943368e+02 0.000000000000000000e+00 -6.625294874262931444e+02
6.633978877389511126e+02 0.000000000000000000e+00 -6.626205219710163874e+02
6.624052930473217202e+02 0.000000000000000000e+00 -6.626802613825311710e+02
6.614252280927295260e+02 0.000000000000000000e+00 -6.627086467052508851e+02
6.604586600809600441e+02 0.000000000000000000e+00 -6.627056499262886291e+02
6.595065428979453372e+02 0.000000000000000000e+00 -6.626712740031038038e+02
6.585698161683950502e+02 0.000000000000000000e+00 -6.626055528605820655e+02
6.576494043284985764e+02 0.000000000000000000e+00 -6.625085513575567120e+02
6.567462157136193355e+02 0.000000000000000000e+00 -6.623803652227999237e+02
6.558611416618770136e+02 0.000000000000000000e+00 -6.622211209605508202e+02
6.549950556345039558e+02 0.000000000000000000e+00 -6.620309757256701459e+02
6.541488123538459831e+02 0.000000000000000000e+00 -6.618101171685484587e+02
6.533232469598523267e+02 0.000000000000000000e+00 -6.615587632499167512e+02
6.525191741858955083e+02 0.000000000000000000e+00 -6.612771620257467475e+02
6.517373875547266380e+02 0.000000000000000000e+00 -6.609655914024484673e+02
6.509786585953639815e+02 0.000000000000000000e+00 -6.606243588626107339e+02
6.502437360816885530e+02 0.000000000000000000e+00 -6.602538011615525875e+02
6.495333452934924026e+02 0.000000000000000000e+00 -6.598542839949875543e+02
6.488481873007174272e+02 0.000000000000000000e+00 -6.594262016381242120e+02
6.481889382715821739e+02 0.000000000000000000e+00 -6.589699765565660527e+02
6.475562488052866001e+02 0.000000000000000000e+00 -6.584860589893877432e+02
6.469507432899480364e+02 0.000000000000000000e+00 -6.579749265048042162e+02
6.463730192864067021e+02 0.000000000000000000e+00 -6.574370835288675607e+02
6.458236469385047940e+02 0.000000000000000000e+00 -6.568730608476608950e+02
6.453031684104228134e+02 0.000000000000000000e+00 -6.562834150834751199e+02
6.448120973516302001e+02 0.000000000000000000e+00 -6.556687281454906042e+02
6.443509183899740265e+02 0.000000000000000000e+00 -6.550296066555030166e+02
6.439200866534107490e+02 0.000000000000000000e+00 -6.543666813492612846e+02
6.435200273208491808e+02 0.000000000000000000e+00 -6.536806064540064654e+02
6.431511352025512451e+02 0.000000000000000000e+00 -6.529720590428291871e+02
6.428137743505005801e+02 0.000000000000000000e+00 -6.522417383664807176e+02
6.425082776991279161e+02 0.000000000000000000e+00 -6.514903651632955643e+02
6.422349467367454281e+02 0.000000000000000000e+00 -6.507186809479109115e+02
6.419940512080130475e+02 0.000000000000000000e+00 -6.499274472794812709e+02
6.417858288477340238e+02 0.000000000000000000e+00 -6.491174450101100319e+02
6.416104851462392844e+02 0.000000000000000000e+00 -6.482894735142444915e+02
6.414681931465922844e+02 0.000000000000000000e+00 -6.474443498997886763e+02
6.413590932738177344e+02 0.000000000000000000e+00 -6.465829082017174869e+02
6.412832931963181409e+02 0.000000000000000000e+00 -6.457059985589833104e+02
6.412408677196189046e+02 0.000000000000000000e+00 -6.448144863755334200e+02
6.412318587125429303e+02 0.000000000000000000e+00 -6.439092514662588655e+02
6.412562750658929644e+02 0.000000000000000000e+00 -6.429911871887250072e+02
6.413140926836758808e+02 0.000000000000000000e+00 -6.420611995615346359e+02
6.414052545068833524e+02 0.000000000000000000e+00 -6.411202063701964562e+02
6.415296705698020787e+02 0.000000000000000000e+00 -6.401691362613836418e+02
6.416872180887985451e+02 0.000000000000000000e+00 -6.392089278264689938e+02
6.418777415834927069e+02 0.000000000000000000e+00 -6.382405286752505162e+02
6.421010530301977042e+02 0.000000000000000000e+00 -6.372648945007740622e+02
6.423569320474758797e+02 0.000000000000000000e+00 -6.362829881361805064e+02
6.426451261136303401e+02 0.000000000000000000e+00 -6.352957786045043349e+02
6.429653508159112789e+02 0.000000000000000000e+00 -6.343042401623662272e+02
6.433172901311994565e+02 0.000000000000000000e+00 -6.333093513384986863e+02
6.437005967378802325e+02 0.000000000000000000e+00 -6.323120939680561605e+02
6.441148923586100636e+02 0.000000000000000000e+00 -6.313134522236633757e+02
6.445597681336300866e+02 0.000000000000000000e+00 -6.303144116441545748e+02
6.450347850242608274e+02 0.000000000000000000e+00 -6.293159581619656819e+02
6.455394742461802480e+02 0.000000000000000000e+00 -6.283190771301392488e+02
6.460733377320588033e+02 0.000000000000000000e+00 -6.273247523498988585e+02
6.466358486230896006e+02 0.000000000000000000e+00 -6.263339650997556873e+02
6.472264517889364015e+02 0.000000000000000000e+00 -6.253476931671071952e+02
6.478445643755783294e+02 0.000000000000000000e+00 -6.243669098832763211e+02
6.484895763805186562e+02 0.000000000000000000e+00 -6.233925831629532013e+02
6.491608512547811642e+02 0.000000000000000000e+00 -6.224256745489785771e+02
6.498577265311092788e+02 0.000000000000000000e+00 -6.214671382634184056e+02
6.505795144777398491e+02 0.000000000000000000e+00 -6.205179202658608801e+02
6.513255027771123196e+02 0.000000000000000000e+00 -6.195789573198690050e+02
6.520949552288391260e+02 0.000000000000000000e+00 -6.186511760685083345e+02
6.528871124762479212e+02 0.000000000000000000e+00 -6.177354921198615330e+02
6.537011927557734907e+02 0.000000000000000000e+00 -6.168328091434341331e+02
6.545363926684651688e+02 0.000000000000000000e+00 -6.159440179783413214e+02
6.553918879728440743e+02 0.000000000000000000e+00 -6.150699957541581853e+02
6.562668343983300474e+02 0.000000000000000000e+00 -6.142116050252981267e+02
6.571603684784344068e+02 0.000000000000000000e+00 -6.133696929197755026e+02
6.580716084028982777e+02 0.000000000000000000e+00 -6.125450903031933194e+02
6.589996548879308875e+02 0.000000000000000000e+00 -6.117386109587788496e+02
6.599435920636963147e+02 0.000000000000000000e+00 -6.109510507842772995e+02
6.609024883781650033e+02 0.000000000000000000e+00 -6.101831870064977466e+02
6.618753975164435133e+02 0.000000000000000000e+00 -6.094357774142835069e+02
6.628613593346728976e+02 0.000000000000000000e+00 -6.087095596106662470e+02
6.638594008075756392e+02 0.000000000000000000e+00 -6.080052502849406437e+02
6.648685369887124352e+02 0.000000000000000000e+00 -6.073235445053792319e+02
6.658877719825073882e+02 0.000000000000000000e+00 -6.066651150332828593e+02
6.669160999270751518e+02 0.000000000000000000e+00 -6.060306116590476222e+02
6.679525059868859671e+02 0.000000000000000000e+00 -6.054206605608987957e+02
6.689959673542855398e+02 0.000000000000000000e+00 -6.048358636869305656e+02
6.700454542588834101e+02 0.000000000000000000e+00 -6.042767981610538754e+02
6.710999309838101681e+02 0.000000000000000000e+00 -6.037440157134458332e+02
6.721583568878470487e+02 0.000000000000000000e+00 -6.032380421360589935e+02
6.732196874324121154e+02 0.000000000000000000e+00 -6.027593767637270048e+02
6.742828752123941740e+02 0.000000000000000000e+00 -6.023084919813825309e+02
6.753468709898139650e+02 0.000000000000000000e+00 -6.018858327578697072e+02
6.764106247292974103e+02 0.000000000000000000e+00 -6.014918162068138372e+02
6.774730866343320486e+02 0.000000000000000000e+00 -6.011268311749806799e+02
6.785332081832901849e+02 0.000000000000000000e+00 -6.007912378585314173e+02
6.795899431641929596e+02 0.000000000000000000e+00 -6.004853674475529033e+02
6.806422487071955629e+02 0.000000000000000000e+00 -6.002095217992123253e+02
6.816890863137733731e+02 0.000000000000000000e+00 -5.999639731398615368e+02
6.827294228815947008e+02 0.000000000000000000e+00 -5.997489637963816449e+02
6.837622317240686698e+02 0.000000000000000000e+00 -5.995647059570366082e+02
6.847864935835604001e+02 0.000000000000000000e+00 -5.994113814620679932e+02
6.858011976372750951e+02 0.000000000000000000e+00 -5.992891416242409832e+02
6.868053424948183192e+02 0.000000000000000000e+00 -5.991981070795177402e+02
6.877979371864475979e+02 0.000000000000000000e+00 -5.991383676680028429e+02
6.887780021410399058e+02 0.000000000000000000e+00 -5.991099823452833562e+02
6.897445701528093878e+02 0.000000000000000000e+00 -5.991129791242453848e+02
6.906966873358239809e+02 0.000000000000000000e+00 -5.991473550474303238e+02
6.916334140653742679e+02 0.000000000000000000e+00 -5.992130761899520621e+02
6.925538259052708554e+02 0.000000000000000000e+00 -5.993100776929774156e+02
6.934570145201500964e+02 0.000000000000000000e+00 -5.994382638277340902e+02
6.943420885718925319e+02 0.000000000000000000e+00 -5.995975080899833074e+02
6.952081745992653623e+02 0.000000000000000000e+00 -5.997876533248639817e+02
6.960544178799234487e+02 0.000000000000000000e+00 -6.000085118819856689e+02
6.968799832739169915e+02 0.000000000000000000e+00 -6.002598658006172627e+02
6.976840560478738098e+02 0.000000000000000000e+00 -6.005414670247872664e+02
6.984658426790427939e+02 0.000000000000000000e+00 -6.008530376480856603e+02
6.992245716384053367e+02 0.000000000000000000e+00 -6.011942701879233937e+02
6.999594941520808788e+02 0.000000000000000000e+00 -6.015648278889813128e+02
7.006698849402769156e+02 0.000000000000000000e+00 -6.019643450555465733e+02
7.013550429330520046e+02 0.000000000000000000e+00 -6.023924274124098019e+02
7.020142919621871442e+02 0.000000000000000000e+00 -6.028486524939680749e+02
7.026469814284828317e+02 0.000000000000000000e+00 -6.033325700611462707e+02
7.032524869438212818e+02 0.000000000000000000e+00 -6.038437025457300251e+02
7.038302109473625023e+02 0.000000000000000000e+00 -6.043815455216665669e+02
7.043795832952645242e+02 0.000000000000000000e+00 -6.049455682028732326e+02
7.049000618233463911e+02 0.000000000000000000e+00 -6.055352139670590077e+02
7.053911328821391180e+02 0.000000000000000000e+00 -6.061499009050436371e+02
7.058523118437952917e+02 0.000000000000000000e+00 -6.067890223950311110e+02
7.062831435803586828e+02 0.000000000000000000e+00 -6.074519477012728430e+02
7.070520950312179593e+02 0.000000000000000000e+00 -6.088465700077049405e+02
