5.561636870452308923e-01 -3.896156684958071437e-01 0.000000000000000000e+00
5.544043459525805906e-01 -3.946647086029827500e-01 0.000000000000000000e+00
5.524198095156310773e-01 -3.996668291704280618e-01 0.000000000000000000e+00
5.502217854334314762e-01 -4.046207497053931346e-01 0.000000000000000000e+00
5.478213403423782824e-01 -4.095252393609920549e-01 0.000000000000000000e+00
5.452287722489059796e-01 -4.143788910223375477e-01 0.000000000000000000e+00
5.424535254903327663e-01 -4.191799173455048599e-01 0.000000000000000000e+00
5.395041481408692219e-01 -4.239259762444219648e-01 0.000000000000000000e+00
5.363882902291370325e-01 -4.286140320194804509e-01 0.000000000000000000e+00
5.331127396963336595e-01 -4.332402568128840281e-01 0.000000000000000000e+00
5.296834917511998864e-01 -4.377999754181146064e-01 0.000000000000000000e+00
5.261058462129277746e-01 -4.422876547278678516e-01 0.000000000000000000e+00
5.223845266112311370e-01 -4.466969373424269918e-01 0.000000000000000000e+00
5.185238142593444621e-01 -4.510207171447535024e-01 0.000000000000000000e+00
5.145276902454418710e-01 -4.552512530433509008e-01 0.000000000000000000e+00
5.103999783045956029e-01 -4.593803156482152428e-01 0.000000000000000000e+00
5.061444818295848247e-01 -4.633993604311574810e-01 0.000000000000000000e+00
5.017651088366639200e-01 -4.672997199729483908e-01 0.000000000000000000e+00
4.972659794940375577e-01 -4.710728072493126639e-01 0.000000000000000000e+00
4.926515118098429014e-01 -4.747103215775463347e-01 0.000000000000000000e+00
4.879264822193323803e-01 -4.782044488450052366e-01 0.000000000000000000e+00
4.830960590586954040e-01 -4.815480479670033453e-01 0.000000000000000000e+00
4.781658082130952891e-01 -4.847348161595011473e-01 0.000000000000000000e+00
4.731416715251541283e-01 -4.877594265344463165e-01 0.000000000000000000e+00
4.680299197941352185e-01 -4.906176326951409705e-01 0.000000000000000000e+00
4.628370833350101687e-01 -4.933063363788224298e-01 0.000000000000000000e+00
4.575698640547553597e-01 -4.958236157095464725e-01 0.000000000000000000e+00
4.522350338013428339e-01 -4.981687132269674856e-01 0.000000000000000000e+00
4.468393243176871921e-01 -5.003419844830540031e-01 0.000000000000000000e+00
4.413893144661568679e-01 -5.023448095858414897e-01 0.000000000000000000e+00
4.358913204670297192e-01 -5.041794715552512240e-01 0.000000000000000000e+00
4.303512947147732914e-01 -5.058490066830915177e-01 0.000000000000000000e+00
4.247747383080859307e-01 -5.073570332059944565e-01 0.000000000000000000e+00
4.191666317721554624e-01 -5.087075654627282173e-01 0.000000000000000000e+00
4.135313875929214622e-01 -5.099048212823293902e-01 0.000000000000000000e+00
4.078728271598195398e-01 -5.109530306140481759e-01 0.000000000000000000e+00
4.021941835689620826e-01 -5.118562533533853598e-01 0.000000000000000000e+00
3.964981305214644314e-01 -5.126182139419886985e-01 0.000000000000000000e+00
3.907868363134124889e-01 -5.132421596366516514e-01 0.000000000000000000e+00
3.850620407076655871e-01 -5.137307483797118879e-01 0.000000000000000000e+00
3.793251513552553522e-01 -5.140859709962519730e-01 0.000000000000000000e+00
3.735773554445751543e-01 -5.143091110386762699e-01 0.000000000000000000e+00
3.678197414438219570e-01 -5.144007440503254314e-01 0.000000000000000000e+00
3.620534252035335632e-01 -5.143607763865185589e-01 0.000000000000000000e+00
3.562796743305079450e-01 -5.141885220770983089e-01 0.000000000000000000e+00
3.505000246513408357e-01 -5.138828146038102451e-01 0.000000000000000000e+00
3.447163827623170307e-01 -5.134421489620726309e-01 0.000000000000000000e+00
3.389311091106169127e-01 -5.128648480397852705e-01 0.000000000000000000e+00
3.331470767569655322e-01 -5.121492462297753123e-01 0.000000000000000000e+00
3.273677019085943218e-01 -5.112938823434265423e-01 0.000000000000000000e+00
3.215969434505120961e-01 -5.102976933473806209e-01 0.000000000000000000e+00
3.158392700006916187e-01 -5.091602002282039630e-01 0.000000000000000000e+00
3.100995944218079559e-01 -5.078816774146621693e-01 0.000000000000000000e+00
3.043831771841268297e-01 -5.064632976539961140e-01 0.000000000000000000e+00
2.986955014331460490e-01 -5.049072450347563690e-01 0.000000000000000000e+00
2.930421240125546389e-01 -5.032167899490632701e-01 0.000000000000000000e+00
2.874285079698994938e-01 -5.013963211546831333e-01 0.000000000000000000e+00
2.818598431742238009e-01 -4.994513316845201611e-01 0.000000000000000000e+00
2.763408625524759743e-01 -4.973883571016513572e-01 0.000000000000000000e+00
2.708756620626556200e-01 -4.952148664486262231e-01 0.000000000000000000e+00
2.654675328336156825e-01 -4.929391081224871463e-01 0.000000000000000000e+00
2.601188138918433257e-01 -4.905699147517673109e-01 0.000000000000000000e+00
2.548307735536856633e-01 -4.881164728888253146e-01 0.000000000000000000e+00
2.496035268889261194e-01 -4.855880648934499111e-01 0.000000000000000000e+00
2.444359956723238247e-01 -4.829937917102515299e-01 0.000000000000000000e+00
2.393259159598966346e-01 -4.803422862791712489e-01 0.000000000000000000e+00
2.342698968940412352e-01 -4.776414280214459906e-01 0.000000000000000000e+00
2.292635326040470267e-01 -4.748980691799786769e-01 0.000000000000000000e+00
2.243015671830547175e-01 -4.721177837434357705e-01 0.000000000000000000e+00
2.193781107527978946e-01 -4.693046492413772697e-01 0.000000000000000000e+00
2.144869026421364899e-01 -4.664610708711399156e-01 0.000000000000000000e+00
2.096216157754203502e-01 -4.635876562278632429e-01 0.000000000000000000e+00
2.047761945630117986e-01 -4.606831473920569020e-01 0.000000000000000000e+00
1.999452169771030186e-01 -4.577444153318316333e-01 0.000000000000000000e+00
1.951242701444972083e-01 -4.547665195574071006e-01 0.000000000000000000e+00
1.903103277499545165e-01 -4.517428337906158053e-01 0.000000000000000000e+00
1.855021168652276620e-01 -4.486652361551978774e-01 0.000000000000000000e+00
1.807004615347789223e-01 -4.455243601321166036e-01 0.000000000000000000e+00
1.759085905813257411e-01 -4.423099003366003368e-01 0.000000000000000000e+00
1.711323976509294131e-01 -4.390109651374423660e-01 0.000000000000000000e+00
1.663806424920002136e-01 -4.356164663273967563e-01 0.000000000000000000e+00
1.616650838346557761e-01 -4.321155345326955777e-01 0.000000000000000000e+00
1.570005359715694604e-01 -4.284979478770372108e-01 0.000000000000000000e+00
1.524048431910329793e-01 -4.247545606368761661e-01 0.000000000000000000e+00
1.478987685179700418e-01 -4.208777182735435329e-01 0.000000000000000000e+00
1.435057957098183068e-01 -4.168616453224793239e-01 0.000000000000000000e+00
1.392518460546473547e-01 -4.127027931644453584e-01 0.000000000000000000e+00
1.351649141465247339e-01 -4.084001356864934151e-01 0.000000000000000000e+00
1.312746293834616551e-01 -4.039554022350875240e-01 0.000000000000000000e+00
1.276117523620670102e-01 -3.993732390292282775e-01 0.000000000000000000e+00
1.242076175493044971e-01 -3.946612922837836601e-01 0.000000000000000000e+00
1.210935355203849595e-01 -3.898302086272806832e-01 0.000000000000000000e+00
1.183001695962859479e-01 -3.848935509097859420e-01 0.000000000000000000e+00
1.158569028389387912e-01 -3.798676301041226111e-01 0.000000000000000000e+00
1.137912120239033958e-01 -3.747712566225038788e-01 0.000000000000000000e+00
1.121280653808951616e-01 -3.696254169145097856e-01 0.000000000000000000e+00
1.108893605589090503e-01 -3.644528835968550151e-01 0.000000000000000000e+00
1.100934184380903680e-01 -3.592777695108732572e-01 0.000000000000000000e+00
1.097545470943175061e-01 -3.541250379378125812e-01 0.000000000000000000e+00
1.098826884597619707e-01 -3.490199826625128843e-01 0.000000000000000000e+00
1.104831580632651689e-01 -3.439876926125116641e-01 0.000000000000000000e+00
1.115564857412000982e-01 -3.390525163756147875e-01 0.000000000000000000e+00
1.130983624567818285e-01 -3.342375419931455927e-01 0.000000000000000000e+00
1.150996954366615976e-01 -3.295641070330077582e-01 0.000000000000000000e+00
1.175467708174410819e-01 -3.250513530771211856e-01 0.000000000000000000e+00
1.204215199841742051e-01 -3.207158374383290989e-01 0.000000000000000000e+00
1.237018828710629709e-01 -3.165712131941539886e-01 0.000000000000000000e+00
1.273622587717753440e-01 -3.126279865441271566e-01 0.000000000000000000e+00
1.313740327578937217e-01 -3.088933581309410425e-01 0.000000000000000000e+00
1.357061637052630332e-01 -3.053711523901638802e-01 0.000000000000000000e+00
1.403258182448841873e-01 -3.020618362924664124e-01 0.000000000000000000e+00
1.451990337397999764e-01 -2.989626261042925837e-01 0.000000000000000000e+00
1.502913926796627109e-01 -2.960676781069319086e-01 0.000000000000000000e+00
1.555686907017838072e-01 -2.933683566676023036e-01 0.000000000000000000e+00
1.609975807961092353e-01 -2.908535707322972841e-01 0.000000000000000000e+00
1.665461771194355067e-01 -2.885101677842037970e-01 0.000000000000000000e+00
1.721846032024409168e-01 -2.863233726488561559e-01 0.000000000000000000e+00
1.778854711373119013e-01 -2.842772572810286502e-01 0.000000000000000000e+00
1.836242805252935317e-01 -2.823552268778772301e-01 0.000000000000000000e+00
1.893797284716081386e-01 -2.805405073518978942e-01 0.000000000000000000e+00
1.951339246591646814e-01 -2.788166193736605347e-01 0.000000000000000000e+00
2.008725084244535886e-01 -2.771678248494676144e-01 0.000000000000000000e+00
2.065846677067501302e-01 -2.755795328085342000e-01 0.000000000000000000e+00
2.122630626517340580e-01 -2.740386531982906826e-01 0.000000000000000000e+00
2.179036594311422603e-01 -2.725338889715284152e-01 0.000000000000000000e+00
2.235054824041447508e-01 -2.710559590299684851e-01 0.000000000000000000e+00
2.290702950144576366e-01 -2.695977469904011214e-01 0.000000000000000000e+00
2.346022217206167604e-01 -2.681543732796971002e-01 0.000000000000000000e+00
2.401073247386249498e-01 -2.667231906573430122e-01 0.000000000000000000e+00
2.455931503938325045e-01 -2.653037058209730681e-01 0.000000000000000000e+00
2.510682604054636502e-01 -2.638974321856346616e-01 0.000000000000000000e+00
2.565417634520160139e-01 -2.625076811597704118e-01 0.000000000000000000e+00
2.620228618948155508e-01 -2.611393011960668198e-01 0.000000000000000000e+00
2.675204275925096020e-01 -2.597983755091552993e-01 0.000000000000000000e+00
2.730426193589090555e-01 -2.584918905724923888e-01 0.000000000000000000e+00
2.785965528520306100e-01 -2.572273882951002788e-01 0.000000000000000000e+00
2.841880315973941418e-01 -2.560126151118158888e-01 0.000000000000000000e+00
2.898213455175068232e-01 -2.548551810905683723e-01 0.000000000000000000e+00
2.954991408433959021e-01 -2.537622415752406879e-01 0.000000000000000000e+00
3.012223627090280242e-01 -2.527402128667299297e-01 0.000000000000000000e+00
3.069902691632098723e-01 -2.517945320364270989e-01 0.000000000000000000e+00
3.128005128625794273e-01 -2.509294692173399954e-01 0.000000000000000000e+00
3.186492844158795856e-01 -2.501479986917805043e-01 0.000000000000000000e+00
3.245315093092620007e-01 -2.494517328634274778e-01 0.000000000000000000e+00
3.304410886209274145e-01 -2.488409208448428833e-01 0.000000000000000000e+00
3.363711723853965996e-01 -2.483145109922298976e-01 0.000000000000000000e+00
3.423144535343015660e-01 -2.478702743614600579e-01 0.000000000000000000e+00
3.482634698483283997e-01 -2.475049838253481627e-01 0.000000000000000000e+00
3.542109013150525065e-01 -2.472146415592288426e-01 0.000000000000000000e+00
3.601498506954510792e-01 -2.469947458401461071e-01 0.000000000000000000e+00
3.660740959381491022e-01 -2.468405866746027355e-01 0.000000000000000000e+00
3.719783043107000586e-01 -2.467475587192553832e-01 0.000000000000000000e+00
3.778581996939809895e-01 -2.467114793230789360e-01 0.000000000000000000e+00
3.837106763501852980e-01 -2.467288993186983193e-01 0.000000000000000000e+00
3.895338545586901624e-01 -2.467973944298475775e-01 0.000000000000000000e+00
3.953270757420933590e-01 -2.469158258309809284e-01 0.000000000000000000e+00
4.010908369975573207e-01 -2.470845594687256508e-01 0.000000000000000000e+00
4.068266672253764704e-01 -2.473056351939364184e-01 0.000000000000000000e+00
4.125369492277907724e-01 -2.475828785058723780e-01 0.000000000000000000e+00
4.182246941610198721e-01 -2.479219497140518758e-01 0.000000000000000000e+00
4.238932764933463493e-01 -2.483303275077855810e-01 0.000000000000000000e+00
4.295461390919128042e-01 -2.488172262114174693e-01 0.000000000000000000e+00
4.351864791816998368e-01 -2.493934483148662618e-01 0.000000000000000000e+00
4.408169266554585741e-01 -2.500711761236347197e-01 0.000000000000000000e+00
4.464392265404452664e-01 -2.508637084919121407e-01 0.000000000000000000e+00
4.520539373382254644e-01 -2.517851505136729506e-01 0.000000000000000000e+00
4.576601564537702282e-01 -2.528500656843009065e-01 0.000000000000000000e+00
4.632552830398523058e-01 -2.540731013536215444e-01 0.000000000000000000e+00
4.688348273361044871e-01 -2.554685992264142946e-01 0.000000000000000000e+00
4.743922740247832337e-01 -2.570502031977808799e-01 0.000000000000000000e+00
4.799190053134424483e-01 -2.588304769216921986e-01 0.000000000000000000e+00
4.854042874528618490e-01 -2.608205431997715484e-01 0.000000000000000000e+00
4.908353222771794089e-01 -2.630297565568050500e-01 0.000000000000000000e+00
4.961973631862759415e-01 -2.654654192665601986e-01 0.000000000000000000e+00
5.014738928529512973e-01 -2.681325496464023184e-01 0.000000000000000000e+00
5.066468579025282803e-01 -2.710337097036505383e-01 0.000000000000000000e+00
5.116969539491820207e-01 -2.741688972521567069e-01 0.000000000000000000e+00
5.166039527438548440e-01 -2.775355054932632237e-01 0.000000000000000000e+00
5.213470618467519468e-01 -2.811283508452665503e-01 0.000000000000000000e+00
5.259053062262204481e-01 -2.849397675863849511e-01 0.000000000000000000e+00
5.302579205365732795e-01 -2.889597657243658246e-01 0.000000000000000000e+00
5.343847405584972732e-01 -2.931762464947338942e-01 0.000000000000000000e+00
5.382665824020792522e-01 -2.975752680872550959e-01 0.000000000000000000e+00
5.418855985657992091e-01 -3.021413526666544835e-01 0.000000000000000000e+00
5.452256007937223981e-01 -3.068578245392677983e-01 0.000000000000000000e+00
5.482723408440804969e-01 -3.117071684608776483e-01 0.000000000000000000e+00
5.510137417313073493e-01 -3.166713966083673504e-01 0.000000000000000000e+00
5.534400736770198614e-01 -3.217324126612582935e-01 0.000000000000000000e+00
5.555440708430119390e-01 -3.268723617569389006e-01 0.000000000000000000e+00
5.573209868557140734e-01 -3.320739557798774166e-01 0.000000000000000000e+00
5.587685890988721704e-01 -3.373207644916334513e-01 0.000000000000000000e+00
5.598870936814180910e-01 -3.425974643643016626e-01 0.000000000000000000e+00
5.606790448149324702e-01 -3.478900385938900053e-01 0.000000000000000000e+00
5.611491439985702989e-01 -3.531859235822507603e-01 0.000000000000000000e+00
5.613040358544240105e-01 -3.584740991203116955e-01 0.000000000000000000e+00
5.611520586370863928e-01 -3.637451215113114422e-01 0.000000000000000000e+00
5.607029683218359706e-01 -3.689911008688657179e-01 0.000000000000000000e+00
5.599676457317227518e-01 -3.742056257404551833e-01 0.000000000000000000e+00
5.589577963821922291e-01 -3.793836399754138555e-01 0.000000000000000000e+00
5.561636870452308923e-01 -3.896156684958071437e-01 0.000000000000000000e+00
