0.000000000000000000e+00 5.375978966493254347e+02 -6.583047790918021747e+02
0.000000000000000000e+00 5.385910573238066945e+02 -6.677447870641741474e+02
0.000000000000000000e+00 5.379200159396571053e+02 -6.776232830852623010e+02
0.000000000000000000e+00 5.356837580454719046e+02 -6.877961550486909346e+02
0.000000000000000000e+00 5.320294380076896914e+02 -6.981018914955722039e+02
0.000000000000000000e+00 5.271365392128991516e+02 -7.083746037845399997e+02
0.000000000000000000e+00 5.211991759702135596e+02 -7.184573065475530029e+02
0.000000000000000000e+00 5.144087710315054665e+02 -7.282138723407563248e+02
0.000000000000000000e+00 5.069391759587172714e+02 -7.375382935315069517e+02
0.000000000000000000e+00 4.989358512424661285e+02 -7.463602827027633566e+02
0.000000000000000000e+00 4.905100639893316270e+02 -7.546467593570130248e+02
0.000000000000000000e+00 4.817382977274292557e+02 -7.623993271865679162e+02
0.000000000000000000e+00 4.726663190103023453e+02 -7.696483612258400626e+02
0.000000000000000000e+00 4.633167211125137328e+02 -7.764447256597580918e+02
0.000000000000000000e+00 4.536983554745734182e+02 -7.828503786336112853e+02
0.000000000000000000e+00 4.438159197100520714e+02 -7.889291648295926507e+02
0.000000000000000000e+00 4.336781063297990499e+02 -7.947389543572837738e+02
0.000000000000000000e+00 4.233030942949308155e+02 -8.003259899620611577e+02
0.000000000000000000e+00 4.127207142509135451e+02 -8.057219075715253211e+02
0.000000000000000000e+00 4.019712412783776472e+02 -8.109434638853851993e+02
0.000000000000000000e+00 3.911013612317761954e+02 -8.159946065316817112e+02
0.000000000000000000e+00 3.801583220582655827e+02 -8.208702154675283964e+02
0.000000000000000000e+00 3.691835480094597983e+02 -8.255606690798548470e+02
0.000000000000000000e+00 3.582070259135525703e+02 -8.300563618001450550e+02
0.000000000000000000e+00 3.472435726984449502e+02 -8.343514142175858979e+02
0.000000000000000000e+00 3.362917049553154811e+02 -8.384460418206338090e+02
0.000000000000000000e+00 3.253353279605446460e+02 -8.423473388344366413e+02
0.000000000000000000e+00 3.143479342545750796e+02 -8.460685358534307170e+02
0.000000000000000000e+00 3.032985434254017605e+02 -8.496270525366342099e+02
0.000000000000000000e+00 2.921583039760139968e+02 -8.530418482224846457e+02
0.000000000000000000e+00 2.809065667117667431e+02 -8.563306492221238386e+02
0.000000000000000000e+00 2.695353430732415063e+02 -8.595075969070751398e+02
0.000000000000000000e+00 2.580513596296688661e+02 -8.625817302163060276e+02
0.000000000000000000e+00 2.464753564174623648e+02 -8.655565204803725692e+02
0.000000000000000000e+00 2.348387732772795573e+02 -8.684304557969156804e+02
0.000000000000000000e+00 2.231784364297552941e+02 -8.711984689458854518e+02
0.000000000000000000e+00 2.115302145537509091e+02 -8.738538537478832495e+02
0.000000000000000000e+00 1.999227969168403831e+02 -8.763902446283591416e+02
0.000000000000000000e+00 1.883727237590143488e+02 -8.788032518150073429e+02
0.000000000000000000e+00 1.768815754406222140e+02 -8.810914420521314696e+02
0.000000000000000000e+00 1.654358414632151266e+02 -8.832565092133431790e+02
0.000000000000000000e+00 1.540095113625735053e+02 -8.853026579985819353e+02
0.000000000000000000e+00 1.425689411798516915e+02 -8.872353907420457517e+02
0.000000000000000000e+00 1.310791380611844659e+02 -8.890600093571877096e+02
0.000000000000000000e+00 1.195103445889859728e+02 -8.907801982653840014e+02
0.000000000000000000e+00 1.078437407377494992e+02 -8.923970302473708216e+02
0.000000000000000000e+00 9.607522753434591323e+01 -8.939086413675524909e+02
0.000000000000000000e+00 8.421658847365399936e+01 -8.953106733921487148e+02
0.000000000000000000e+00 7.229378555893507041e+01 -8.965974125505065331e+02
0.000000000000000000e+00 6.034265641441411532e+01 -8.977633964979628445e+02
0.000000000000000000e+00 4.840274777361123881e+01 -8.988051490418770300e+02
0.000000000000000000e+00 3.651036541677272851e+01 -8.997226581855060203e+02
0.000000000000000000e+00 2.469207867217555474e+01 -9.005202477776714431e+02
0.000000000000000000e+00 1.295985816485506703e+01 -9.012066016558810588e+02
0.000000000000000000e+00 1.308755531821006457e+00 -9.017938621313338672e+02
0.000000000000000000e+00 -1.028240271425607588e+01 -9.022959113144203229e+02
0.000000000000000000e+00 -2.184736419572143262e+01 -9.027261179115438381e+02
0.000000000000000000e+00 -3.342642996260889987e+01 -9.030949587797847471e+02
0.000000000000000000e+00 -4.505908956647262897e+01 -9.034079766986360482e+02
0.000000000000000000e+00 -5.677660395910316282e+01 -9.036644998337156949e+02
0.000000000000000000e+00 -6.859587226601932741e+01 -9.038574269199186801e+02
0.000000000000000000e+00 -8.051572666057199967e+01 -9.039741944171985324e+02
0.000000000000000000e+00 -9.251639945190001413e+01 -9.039988203913452480e+02
0.000000000000000000e+00 -1.045623626510663655e+02 -9.039147051375349520e+02
0.000000000000000000e+00 -1.166081439939846831e+02 -9.037077017563660775e+02
0.000000000000000000e+00 -1.286061776396283278e+02 -9.033688852240290998e+02
0.000000000000000000e+00 -1.405153497134593579e+02 -9.028964666011171403e+02
0.000000000000000000e+00 -1.523087230567986410e+02 -9.022964225254038411e+02
0.000000000000000000e+00 -1.639790103952928462e+02 -9.015816223230999640e+02
0.000000000000000000e+00 -1.755407053153365666e+02 -9.007695020157480030e+02
0.000000000000000000e+00 -1.870283264069797724e+02 -8.998786103435066934e+02
0.000000000000000000e+00 -1.984908950216855885e+02 -8.989245865837414158e+02
0.000000000000000000e+00 -2.099834410125309603e+02 -8.979162778876701623e+02
0.000000000000000000e+00 -2.215568975730455179e+02 -8.968527325059872055e+02
0.000000000000000000e+00 -2.332481035678942192e+02 -8.957217014888766471e+02
0.000000000000000000e+00 -2.450717086645427969e+02 -8.945000549152945268e+02
0.000000000000000000e+00 -2.570155466775805166e+02 -8.931562014935014986e+02
0.000000000000000000e+00 -2.690405298630831226e+02 -8.916542425409363659e+02
0.000000000000000000e+00 -2.810853938598140189e+02 -8.899592532433016459e+02
0.000000000000000000e+00 -2.930758001908612869e+02 -8.880428264716213107e+02
0.000000000000000000e+00 -3.049365127852261139e+02 -8.858878880444517563e+02
0.000000000000000000e+00 -3.166047395582822901e+02 -8.834918286386584896e+02
0.000000000000000000e+00 -3.280423814484075251e+02 -8.808672023525205077e+02
0.000000000000000000e+00 -3.392449313393203170e+02 -8.780395928598716182e+02
0.000000000000000000e+00 -3.502451329770490247e+02 -8.750426968597946598e+02
0.000000000000000000e+00 -3.611102063721135096e+02 -8.719111534655672813e+02
0.000000000000000000e+00 -3.719323784844528973e+02 -8.686720804010498114e+02
0.000000000000000000e+00 -3.828134923588290803e+02 -8.653365893842287733e+02
0.000000000000000000e+00 -3.938454489619227843e+02 -8.618926849778190444e+02
0.000000000000000000e+00 -4.050890104447041722e+02 -8.583008699850397534e+02
0.000000000000000000e+00 -4.165539339362316582e+02 -8.544934847381462077e+02
0.000000000000000000e+00 -4.281834300380577929e+02 -8.503783297940283319e+02
0.000000000000000000e+00 -4.398455286870725445e+02 -8.458465243478509592e+02
0.000000000000000000e+00 -4.513331305390512398e+02 -8.407839206388848652e+02
0.000000000000000000e+00 -4.623734278262676298e+02 -8.350848218184029292e+02
0.000000000000000000e+00 -4.726461436509280247e+02 -8.286663265513789156e+02
0.000000000000000000e+00 -4.818088359691863047e+02 -8.214814187297512262e+02
0.000000000000000000e+00 -4.895265140195722324e+02 -8.135289755702822276e+02
0.000000000000000000e+00 -4.955021659347127070e+02 -8.048591851128270491e+02
0.000000000000000000e+00 -4.995045936335703232e+02 -7.955734087068486815e+02
0.000000000000000000e+00 -5.013902286310494105e+02 -7.858182246890390843e+02
0.000000000000000000e+00 -5.011163254909852753e+02 -7.757741502947925483e+02
0.000000000000000000e+00 -4.987440000237292566e+02 -7.656402528329949746e+02
0.000000000000000000e+00 -4.944308493614815916e+02 -7.556164257119454533e+02
0.000000000000000000e+00 -4.884141853074484061e+02 -7.458854373247472722e+02
0.000000000000000000e+00 -4.809870532355276396e+02 -7.365969108405545285e+02
0.000000000000000000e+00 -4.724700422940704243e+02 -7.278551506907340354e+02
0.000000000000000000e+00 -4.631823103852261170e+02 -7.197122292815106448e+02
0.000000000000000000e+00 -4.534152017457801662e+02 -7.121670552496278788e+02
0.000000000000000000e+00 -4.434113449913982095e+02 -7.051703600281061881e+02
0.000000000000000000e+00 -4.333512668396473373e+02 -6.986347734506485949e+02
0.000000000000000000e+00 -4.233484723594469301e+02 -6.924485192846444761e+02
0.000000000000000000e+00 -4.134527864675948194e+02 -6.864908365693634096e+02
0.000000000000000000e+00 -4.036606882768461446e+02 -6.806470789991880110e+02
0.000000000000000000e+00 -3.939305450458778068e+02 -6.748215786775550669e+02
0.000000000000000000e+00 -3.842001708466287369e+02 -6.689467564932512005e+02
0.000000000000000000e+00 -3.744040471626205431e+02 -6.629875553945265665e+02
0.000000000000000000e+00 -3.644878390004251401e+02 -6.569409734122524469e+02
0.000000000000000000e+00 -3.544184550034256631e+02 -6.508311752228137266e+02
0.000000000000000000e+00 -3.441887236272265227e+02 -6.447012615711551007e+02
0.000000000000000000e+00 -3.338166540935836224e+02 -6.386031900988077723e+02
0.000000000000000000e+00 -3.233400810333826030e+02 -6.325875145128242139e+02
0.000000000000000000e+00 -3.128081334750251585e+02 -6.266945250498421274e+02
0.000000000000000000e+00 -3.022713357294218781e+02 -6.209480549168417838e+02
0.000000000000000000e+00 -2.917722007286697021e+02 -6.153527230048059664e+02
0.000000000000000000e+00 -2.813379277305078290e+02 -6.098947960608930998e+02
0.000000000000000000e+00 -2.709763252035201617e+02 -6.045462686476146246e+02
0.000000000000000000e+00 -2.606754407386994785e+02 -5.992712680325665815e+02
0.000000000000000000e+00 -2.504067062005220237e+02 -5.940335672277167305e+02
0.000000000000000000e+00 -2.401308108051929651e+02 -5.888038773431616164e+02
0.000000000000000000e+00 -2.298050914860090757e+02 -5.835656995607720319e+02
0.000000000000000000e+00 -2.193910396914815522e+02 -5.783188208609185494e+02
0.000000000000000000e+00 -2.088605858751225810e+02 -5.730799790175492490e+02
0.000000000000000000e+00 -1.982001135210096834e+02 -5.678807235792496613e+02
0.000000000000000000e+00 -1.874116124577386131e+02 -5.627629753898634135e+02
0.000000000000000000e+00 -1.765109197416088591e+02 -5.577731591283387615e+02
0.000000000000000000e+00 -1.655235188493264218e+02 -5.529559922060093413e+02
0.000000000000000000e+00 -1.544787843363191371e+02 -5.483490287140919008e+02
0.000000000000000000e+00 -1.434038012390659844e+02 -5.439788817043712470e+02
0.000000000000000000e+00 -1.323179206665594450e+02 -5.398597157391855035e+02
0.000000000000000000e+00 -1.212290371719371080e+02 -5.359941748976087865e+02
0.000000000000000000e+00 -1.101322276240980074e+02 -5.323764649577803993e+02
0.000000000000000000e+00 -9.901094184908583884e+01 -5.289969201793454658e+02
0.000000000000000000e+00 -8.784046486364061934e+01 -5.258471219101564884e+02
0.000000000000000000e+00 -7.659296305756612355e+01 -5.229245428939599378e+02
0.000000000000000000e+00 -6.524315294596848958e+01 -5.202357828507228987e+02
0.000000000000000000e+00 -5.377353661453504685e+01 -5.177977208762027885e+02
0.000000000000000000e+00 -4.217824560047571225e+01 -5.156362927426515625e+02
0.000000000000000000e+00 -3.046480335787805416e+01 -5.137830394523425639e+02
0.000000000000000000e+00 -1.865350449897817953e+01 -5.122699908499616868e+02
0.000000000000000000e+00 -6.774545219191416834e+00 -5.111237714697682009e+02
0.000000000000000000e+00 5.136555172967653959e+00 -5.103599875465724267e+02
0.000000000000000000e+00 1.704439917084226153e+01 -5.099789422891528829e+02
0.000000000000000000e+00 2.891903344640031293e+01 -5.099635302590850188e+02
0.000000000000000000e+00 4.074019376218796396e+01 -5.102798116577120595e+02
0.000000000000000000e+00 5.249972424185884279e+01 -5.108803207040289749e+02
0.000000000000000000e+00 6.420176355723049255e+01 -5.117096934634491845e+02
0.000000000000000000e+00 7.586070287147049385e+01 -5.127117886878373838e+02
0.000000000000000000e+00 8.749732926451090975e+01 -5.138371913046296413e+02
0.000000000000000000e+00 9.913389979091667215e+01 -5.150498826965293802e+02
0.000000000000000000e+00 1.107890852773634691e+02 -5.163319564268487056e+02
0.000000000000000000e+00 1.224737441999161831e+02 -5.176855412693195149e+02
0.000000000000000000e+00 1.341883312955429801e+02 -5.191315225373931526e+02
0.000000000000000000e+00 1.459224406563627952e+02 -5.207051602443928005e+02
0.000000000000000000e+00 1.576565837136147081e+02 -5.224492070580379277e+02
0.000000000000000000e+00 1.693658809884935863e+02 -5.244055480615145370e+02
0.000000000000000000e+00 1.810249797033029893e+02 -5.266066483922207908e+02
0.000000000000000000e+00 1.926132652231908935e+02 -5.290681584664476986e+02
0.000000000000000000e+00 2.041193594858023630e+02 -5.317838761198169095e+02
0.000000000000000000e+00 2.155440108350315711e+02 -5.347239213955325567e+02
0.000000000000000000e+00 2.269007604232908761e+02 -5.378364950721306741e+02
0.000000000000000000e+00 2.382141730356376286e+02 -5.410530417774319858e+02
0.000000000000000000e+00 2.495158741762382419e+02 -5.442961094409222369e+02
0.000000000000000000e+00 2.608390588812341093e+02 -5.474887731051891251e+02
0.000000000000000000e+00 2.722124525419796441e+02 -5.505642408716390719e+02
0.000000000000000000e+00 2.836548487908349330e+02 -5.534742239850949090e+02
0.000000000000000000e+00 2.951712914363797609e+02 -5.561948388677338926e+02
0.000000000000000000e+00 3.067517087976358994e+02 -5.587291881581909365e+02
0.000000000000000000e+00 3.183723875351921038e+02 -5.611062814107314125e+02
0.000000000000000000e+00 3.300001573565444346e+02 -5.633765232934542837e+02
0.000000000000000000e+00 3.415986352586900807e+02 -5.656045282168601034e+02
0.000000000000000000e+00 3.531354405942591370e+02 -5.678604309907595962e+02
0.000000000000000000e+00 3.645890216858601889e+02 -5.702110878082157797e+02
0.000000000000000000e+00 3.759536872792122608e+02 -5.727125643451068981e+02
0.000000000000000000e+00 3.872416325006428792e+02 -5.754050869625166342e+02
0.000000000000000000e+00 3.984811694498840211e+02 -5.783112232839312128e+02
0.000000000000000000e+00 4.097109588544742564e+02 -5.814375242875021286e+02
0.000000000000000000e+00 4.209707028677411813e+02 -5.847792859970226118e+02
0.000000000000000000e+00 4.322893950011771835e+02 -5.883275660495269221e+02
0.000000000000000000e+00 4.436727262878633269e+02 -5.920772023388333309e+02
0.000000000000000000e+00 4.550915291990739320e+02 -5.960343901795055217e+02
0.000000000000000000e+00 4.664731466546920160e+02 -6.002224128277505315e+02
0.000000000000000000e+00 4.776973286624394177e+02 -6.046843837347066710e+02
0.000000000000000000e+00 4.885977150182036439e+02 -6.094823083503841872e+02
0.000000000000000000e+00 4.989692320068460845e+02 -6.146923402611726033e+02
0.000000000000000000e+00 5.085809181664372431e+02 -6.203967040588097461e+02
0.000000000000000000e+00 5.171929184060010130e+02 -6.266732937481872341e+02
0.000000000000000000e+00 5.245757637320629101e+02 -6.335843480958899363e+02
0.000000000000000000e+00 5.305296811667921020e+02 -6.411657924634122310e+02
0.000000000000000000e+00 5.375978966493254347e+02 -6.583047790918021747e+02
