-3.110765243878426678e-01 -5.847868932990590851e-01 0.000000000000000000e+00
-3.071429452416055139e-01 -5.917993535869400246e-01 0.000000000000000000e+00
-3.035008066286206119e-01 -5.990188654269468227e-01 0.000000000000000000e+00
-3.001791041331049459e-01 -6.064617651341087656e-01 0.000000000000000000e+00
-2.972106834081530424e-01 -6.141368151341273229e-01 0.000000000000000000e+00
-2.946313994059593377e-01 -6.220438900728457732e-01 0.000000000000000000e+00
-2.924789781425672364e-01 -6.301731252504095826e-01 0.000000000000000000e+00
-2.907916403413776107e-01 -6.385045962779652973e-01 0.000000000000000000e+00
-2.896065639377438106e-01 -6.470085638887275170e-01 0.000000000000000000e+00
-2.889582748959788061e-01 -6.556462800960273229e-01 0.000000000000000000e+00
-2.888770622107645347e-01 -6.643713141049955029e-01 0.000000000000000000e+00
-2.893875128965742727e-01 -6.731313212911550492e-01 0.000000000000000000e+00
-2.905072562372746914e-01 -6.818701487046339160e-01 0.000000000000000000e+00
-2.922459940597321171e-01 -6.905301481046345335e-01 0.000000000000000000e+00
-2.946048762160642931e-01 -6.990545540902308730e-01 0.000000000000000000e+00
-2.975762590644846495e-01 -7.073897814183631727e-01 0.000000000000000000e+00
-3.011438610376657721e-01 -7.154875022991038502e-01 0.000000000000000000e+00
-3.052833050306890117e-01 -7.233063807924872135e-01 0.000000000000000000e+00
-3.099630139984810295e-01 -7.308133661539433223e-01 0.000000000000000000e+00
-3.151454053950160095e-01 -7.379844782298452532e-01 0.000000000000000000e+00
-3.207883132715031449e-01 -7.448050534663233080e-01 0.000000000000000000e+00
-3.268465550308725653e-01 -7.512694571484929140e-01 0.000000000000000000e+00
-3.332735536889764316e-01 -7.573803034267354573e-01 0.000000000000000000e+00
-3.400229262818386666e-01 -7.631472569169240883e-01 0.000000000000000000e+00
-3.470499546218481779e-01 -7.685855158940044785e-01 0.000000000000000000e+00
-3.543128653812963602e-01 -7.737140955201471382e-01 0.000000000000000000e+00
-3.617738615564696225e-01 -7.785540389540469564e-01 0.000000000000000000e+00
-3.693998655530010278e-01 -7.831266840627738590e-01 0.000000000000000000e+00
-3.771629540671347924e-01 -7.874521040099244917e-01 0.000000000000000000e+00
-3.850404851770302672e-01 -7.915478221293055228e-01 0.000000000000000000e+00
-3.930149371951398574e-01 -7.954278767370973613e-01 0.000000000000000000e+00
-4.010734955936027246e-01 -7.991022819074571348e-01 0.000000000000000000e+00
-4.092074376493437526e-01 -8.025768980905969574e-01 0.000000000000000000e+00
-4.174113736062798896e-01 -8.058536942909876322e-01 0.000000000000000000e+00
-4.256824076979189297e-01 -8.089313538033160444e-01 0.000000000000000000e+00
-4.340192822487048963e-01 -8.118061504479713308e-01 0.000000000000000000e+00
-4.424215635559133331e-01 -8.144730036769063375e-01 0.000000000000000000e+00
-4.508889199343487642e-01 -8.169266101188190632e-01 0.000000000000000000e+00
-4.594205310237857165e-01 -8.191625467558862894e-01 0.000000000000000000e+00
-4.680146542306850566e-01 -8.211782469597979084e-01 0.000000000000000000e+00
-4.766683601086701416e-01 -8.229737643922323542e-01 0.000000000000000000e+00
-4.853774346853782506e-01 -8.245522600290725590e-01 0.000000000000000000e+00
-4.941364342410106691e-01 -8.259201725475663336e-01 0.000000000000000000e+00
-5.029388677005303121e-01 -8.270870599295402359e-01 0.000000000000000000e+00
-5.117774742614387140e-01 -8.280651281195250402e-01 0.000000000000000000e+00
-5.206445595272798377e-01 -8.288684886830286480e-01 0.000000000000000000e+00
-5.295323523614428041e-01 -8.295122095751655822e-01 0.000000000000000000e+00
-5.384333467534602180e-01 -8.300112396413407145e-01 0.000000000000000000e+00
-5.473405977943830436e-01 -8.303792970986660915e-01 0.000000000000000000e+00
-5.562479477854770371e-01 -8.306278143303547079e-01 0.000000000000000000e+00
-5.651501668153210423e-01 -8.307650258231654705e-01 0.000000000000000000e+00
-5.740430010270167749e-01 -8.307952735589516635e-01 0.000000000000000000e+00
-5.829231304566352412e-01 -8.307185857616098401e-01 0.000000000000000000e+00
-5.917880460259580255e-01 -8.305305621854919274e-01 0.000000000000000000e+00
-6.006358614185330902e-01 -8.302225740214044247e-01 0.000000000000000000e+00
-6.094650797364974393e-01 -8.297822610697876966e-01 0.000000000000000000e+00
-6.182743368098753134e-01 -8.291942851630643707e-01 0.000000000000000000e+00
-6.270621428070463077e-01 -8.284412788156569896e-01 0.000000000000000000e+00
-6.358266415748933253e-01 -8.275049133234516630e-01 0.000000000000000000e+00
-6.445654032947081280e-01 -8.263670021600901805e-01 0.000000000000000000e+00
-6.532752610820793393e-01 -8.250105541267288567e-01 0.000000000000000000e+00
-6.619521966710474326e-01 -8.234206963289716352e-01 0.000000000000000000e+00
-6.705912749095708225e-01 -8.215853991306820703e-01 0.000000000000000000e+00
-6.791866220204471061e-01 -8.194959526980966080e-01 0.000000000000000000e+00
-6.877314389219487678e-01 -8.171471660981803886e-01 0.000000000000000000e+00
-6.962180386921585917e-01 -8.145372833485723385e-01 0.000000000000000000e+00
-7.046378966711114300e-01 -8.116676343762138091e-01 0.000000000000000000e+00
-7.129817027173542821e-01 -8.085420605801671989e-01 0.000000000000000000e+00
-7.212394075878469923e-01 -8.051661728318981748e-01 0.000000000000000000e+00
-7.294002589560942829e-01 -8.015465128170368159e-01 0.000000000000000000e+00
-7.374528267691232708e-01 -7.976896955907566422e-01 0.000000000000000000e+00
-7.453850219446042091e-01 -7.936016115615401878e-01 0.000000000000000000e+00
-7.531841162833115000e-01 -7.892867598642514526e-01 0.000000000000000000e+00
-7.608367744159874047e-01 -7.847477728080045623e-01 0.000000000000000000e+00
-7.683291102050492372e-01 -7.799851738571388360e-01 0.000000000000000000e+00
-7.756467800025074188e-01 -7.749973908981923065e-01 0.000000000000000000e+00
-7.827751234139183056e-01 -7.697810241155642608e-01 0.000000000000000000e+00
-7.896993588037437561e-01 -7.643313455305984494e-01 0.000000000000000000e+00
-7.964048359498870910e-01 -7.586429870172112233e-01 0.000000000000000000e+00
-8.028773424254930235e-01 -7.527107570791203850e-01 0.000000000000000000e+00
-8.091034539920274327e-01 -7.465305152306943581e-01 0.000000000000000000e+00
-8.150709131457114509e-01 -7.401000274089082342e-01 0.000000000000000000e+00
-8.207690146084081206e-01 -7.334197268966641259e-01 0.000000000000000000e+00
-8.261889725946554019e-01 -7.264933126572686861e-01 0.000000000000000000e+00
-8.313242426222063886e-01 -7.193281301358671609e-01 0.000000000000000000e+00
-8.361707708186505439e-01 -7.119352973697928855e-01 0.000000000000000000e+00
-8.407271462767285097e-01 -7.043295601763432945e-01 0.000000000000000000e+00
-8.449946369777322497e-01 -6.965288825045030663e-01 0.000000000000000000e+00
-8.489770968684748897e-01 -6.885537998840756124e-01 0.000000000000000000e+00
-8.526807403697767018e-01 -6.804265834601382901e-01 0.000000000000000000e+00
-8.561137902672376621e-01 -6.721702777337361656e-01 0.000000000000000000e+00
-8.592860148185859082e-01 -6.638076855400829590e-01 0.000000000000000000e+00
-8.622081791746565305e-01 -6.553603781180301624e-01 0.000000000000000000e+00
-8.648914440300582429e-01 -6.468478060021449760e-01 0.000000000000000000e+00
-8.673467500519173035e-01 -6.382865780825676127e-01 0.000000000000000000e+00
-8.695842294861397814e-01 -6.296899622328626656e-01 0.000000000000000000e+00
-8.716126860216141248e-01 -6.210676425730760064e-01 0.000000000000000000e+00
-8.734391803633356766e-01 -6.124257472539634817e-01 0.000000000000000000e+00
-8.750687521564615157e-01 -6.037671384000607988e-01 0.000000000000000000e+00
-8.765042993179399389e-01 -5.950919344084505402e-01 0.000000000000000000e+00
-8.777466241237508182e-01 -5.863982159781363501e-01 0.000000000000000000e+00
-8.787946424274752921e-01 -5.776828526383955831e-01 0.000000000000000000e+00
-8.796457391528996750e-01 -5.689423774003047329e-01 0.000000000000000000e+00
-8.802962407791841137e-01 -5.601738342648674429e-01 0.000000000000000000e+00
-8.807419649726085931e-01 -5.513755269500054679e-01 0.000000000000000000e+00
-8.809787997588656161e-01 -5.425476070623952429e-01 0.000000000000000000e+00
-8.810032604320510163e-01 -5.336924552230283281e-01 0.000000000000000000e+00
-8.808129722620267055e-01 -5.248148280745595917e-01 0.000000000000000000e+00
-8.804070311847794761e-01 -5.159217660072812350e-01 0.000000000000000000e+00
-8.797862028999062778e-01 -5.070222789627459870e-01 0.000000000000000000e+00
-8.789529326780513019e-01 -4.981268488587011212e-01 0.000000000000000000e+00
-8.779111529105266820e-01 -4.892468051627317238e-01 0.000000000000000000e+00
-8.766658919648461223e-01 -4.803936433060247979e-01 0.000000000000000000e+00
-8.752227050085342741e-01 -4.715783627371006870e-01 0.000000000000000000e+00
-8.735869637986670710e-01 -4.628109017238427603e-01 0.000000000000000000e+00
-8.717630566813392434e-01 -4.540997393370842516e-01 0.000000000000000000e+00
-8.697535609888263908e-01 -4.454517217917697280e-01 0.000000000000000000e+00
-8.675584566567013933e-01 -4.368721514449763754e-01 0.000000000000000000e+00
-8.651744514972539157e-01 -4.283651537081231697e-01 0.000000000000000000e+00
-8.625944848077951033e-01 -4.199343117582410301e-01 0.000000000000000000e+00
-8.598074669104999179e-01 -4.115835333018922904e-01 0.000000000000000000e+00
-8.567982982708249873e-01 -4.033180898988044660e-01 0.000000000000000000e+00
-8.535481938676955371e-01 -3.951457495327136415e-01 0.000000000000000000e+00
-8.500353176690058632e-01 -3.870779089974931142e-01 0.000000000000000000e+00
-8.462357098346566797e-01 -3.791306256028269539e-01 0.000000000000000000e+00
-8.421244672153956889e-01 -3.713254485161243679e-01 0.000000000000000000e+00
-8.376771174677370979e-01 -3.636899589554595802e-01 0.000000000000000000e+00
-8.328711102102142050e-01 -3.562579450019160987e-01 0.000000000000000000e+00
-8.276873364514963916e-01 -3.490691599608523044e-01 0.000000000000000000e+00
-8.221115810685170056e-01 -3.421686413760335332e-01 0.000000000000000000e+00
-8.161358130540651290e-01 -3.356055989632234504e-01 0.000000000000000000e+00
-8.097592247915428310e-01 -3.294319115761144001e-01 0.000000000000000000e+00
-8.029889444790895281e-01 -3.237003034386077838e-01 0.000000000000000000e+00
-7.958403642813322021e-01 -3.184622959462738989e-01 0.000000000000000000e+00
-7.883370496796702209e-01 -3.137660512925900536e-01 0.000000000000000000e+00
-7.805102213226989827e-01 -3.096542363756012439e-01 0.000000000000000000e+00
-7.723978277077065968e-01 -3.061620388103699630e-01 0.000000000000000000e+00
-7.640432533947977278e-01 -3.033154609839170401e-01 0.000000000000000000e+00
-7.554937313248194508e-01 -3.011300032044576525e-01 0.000000000000000000e+00
-7.467985474879306196e-01 -2.996098240559841308e-01 0.000000000000000000e+00
-7.380071402525252289e-01 -2.987474366266166803e-01 0.000000000000000000e+00
-7.291672040759650253e-01 -2.985239653898152379e-01 0.000000000000000000e+00
-7.203229075008878990e-01 -2.989099525861287354e-01 0.000000000000000000e+00
-7.115133282221952626e-01 -2.998666675538958493e-01 0.000000000000000000e+00
-7.027711940352060482e-01 -3.013478401404091622e-01 0.000000000000000000e+00
-6.941219985786490909e-01 -3.033017124234970718e-01 0.000000000000000000e+00
-6.855835363256131965e-01 -3.056732834260143528e-01 0.000000000000000000e+00
-6.771658739388324300e-01 -3.084066107090582265e-01 0.000000000000000000e+00
-6.688717467901498237e-01 -3.114470314320244571e-01 0.000000000000000000e+00
-6.606973421164914484e-01 -3.147431737113899342e-01 0.000000000000000000e+00
-6.526334058453019393e-01 -3.182486462290801121e-01 0.000000000000000000e+00
-6.446665902627835010e-01 -3.219233187116832262e-01 0.000000000000000000e+00
-6.367809457798142558e-01 -3.257341362439672428e-01 0.000000000000000000e+00
-6.289594530052668997e-01 -3.296554441030777882e-01 0.000000000000000000e+00
-6.211854916001539051e-01 -3.336688343767128528e-01 0.000000000000000000e+00
-6.134441498664700010e-01 -3.377625584908022227e-01 0.000000000000000000e+00
-6.057232931099396644e-01 -3.419305785056719893e-01 0.000000000000000000e+00
-5.980143284206798082e-01 -3.461713525688149273e-01 0.000000000000000000e+00
-5.903126271622487486e-01 -3.504864646577022791e-01 0.000000000000000000e+00
-5.826175923874715723e-01 -3.548792147422624166e-01 0.000000000000000000e+00
-5.749323846969619511e-01 -3.593532824630114031e-01 0.000000000000000000e+00
-5.672633448015450552e-01 -3.639115657778113078e-01 0.000000000000000000e+00
-5.596191724529570033e-01 -3.685552768615077968e-01 0.000000000000000000e+00
-5.520099379420222441e-01 -3.732833525053709245e-01 0.000000000000000000e+00
-5.444460128790630238e-01 -3.780922074536540722e-01 0.000000000000000000e+00
-5.369370107749664722e-01 -3.829758289001237714e-01 0.000000000000000000e+00
-5.294908248474859969e-01 -3.879261811978614305e-01 0.000000000000000000e+00
-5.221128408175583768e-01 -3.929338640486095269e-01 0.000000000000000000e+00
-5.148053870550720612e-01 -3.979889470740898272e-01 0.000000000000000000e+00
-5.075674645267411744e-01 -4.030818903140468978e-01 0.000000000000000000e+00
-5.003947761617351109e-01 -4.082044548458276245e-01 0.000000000000000000e+00
-4.932800512610762134e-01 -4.133505107209852203e-01 0.000000000000000000e+00
-4.862136372826756925e-01 -4.185166604253768852e-01 0.000000000000000000e+00
-4.791843105136129877e-01 -4.237026140969776811e-01 0.000000000000000000e+00
-4.721802403689961958e-01 -4.289112762155538050e-01 0.000000000000000000e+00
-4.651900305841739081e-01 -4.341485304024865766e-01 0.000000000000000000e+00
-4.582037552301479466e-01 -4.394227370493111184e-01 0.000000000000000000e+00
-4.512139086398540000e-01 -4.447439853472441307e-01 0.000000000000000000e+00
-4.442161958430053126e-01 -4.501231646332932712e-01 0.000000000000000000e+00
-4.372101033389612645e-01 -4.555709378019625611e-01 0.000000000000000000e+00
-4.301992079228056376e-01 -4.610967103032410086e-01 0.000000000000000000e+00
-4.231912023982408733e-01 -4.667076909807235108e-01 0.000000000000000000e+00
-4.161976396976401205e-01 -4.724081353786854787e-01 0.000000000000000000e+00
-4.092334194056825858e-01 -4.781988485303697023e-01 0.000000000000000000e+00
-4.023160611915371776e-01 -4.840770036593353698e-01 0.000000000000000000e+00
-3.954648265954451847e-01 -4.900363072914081242e-01 0.000000000000000000e+00
-3.886997626674591477e-01 -4.960675120533925009e-01 0.000000000000000000e+00
-3.820407471771095076e-01 -5.021592482870419483e-01 0.000000000000000000e+00
-3.755066150115846657e-01 -5.082991170003955395e-01 0.000000000000000000e+00
-3.691144389526533898e-01 -5.144749619908564053e-01 0.000000000000000000e+00
-3.628790257519260432e-01 -5.206762203013519663e-01 0.000000000000000000e+00
-3.568126712423533298e-01 -5.268952391572339078e-01 0.000000000000000000e+00
-3.509251974410196317e-01 -5.331284452348366010e-01 0.000000000000000000e+00
-3.452242718019047918e-01 -5.393772589132417306e-01 0.000000000000000000e+00
-3.397159857116968107e-01 -5.456486617245783766e-01 0.000000000000000000e+00
-3.344056477556507923e-01 -5.519553485147837835e-01 0.000000000000000000e+00
-3.292987288730590545e-01 -5.583154252030979592e-01 0.000000000000000000e+00
-3.244018826974701120e-01 -5.647516463314578017e-01 0.000000000000000000e+00
-3.197239562178303407e-01 -5.712902213338053592e-01 0.000000000000000000e+00
-3.110765243878426678e-01 -5.847868932990590851e-01 0.000000000000000000e+00
