0.000000000000000000e+00 -1.644102164406687216e-01 -1.860369498928143295e-01
0.000000000000000000e+00 -1.648874060873537217e-01 -1.928814913005784393e-01
0.000000000000000000e+00 -1.659108900483054760e-01 -1.997243236023220903e-01
0.000000000000000000e+00 -1.674635899752420221e-01 -2.065500420785198188e-01
0.000000000000000000e+00 -1.695225660492207798e-01 -2.133433173394878313e-01
0.000000000000000000e+00 -1.720598309694352235e-01 -2.200890425697358821e-01
0.000000000000000000e+00 -1.750433180875467232e-01 -2.267724906155235975e-01
0.000000000000000000e+00 -1.784379598607557793e-01 -2.333794780957812176e-01
0.000000000000000000e+00 -1.822068283713643433e-01 -2.398965324015230050e-01
0.000000000000000000e+00 -1.863122877012068634e-01 -2.463110562959746896e-01
0.000000000000000000e+00 -1.907171085350364281e-01 -2.526114839403062473e-01
0.000000000000000000e+00 -1.953854984374991388e-01 -2.587874216356116919e-01
0.000000000000000000e+00 -2.002840066084786153e-01 -2.648297664555053776e-01
0.000000000000000000e+00 -2.053822692529614080e-01 -2.707307962825614145e-01
0.000000000000000000e+00 -2.106535705816095505e-01 -2.764842255618728539e-01
0.000000000000000000e+00 -2.160752043848325754e-01 -2.820852223199886155e-01
0.000000000000000000e+00 -2.216286315438805166e-01 -2.875303836097826138e-01
0.000000000000000000e+00 -2.272994391862134256e-01 -2.928176684455438550e-01
0.000000000000000000e+00 -2.330771169019390243e-01 -2.979462893787025446e-01
0.000000000000000000e+00 -2.389546740015306980e-01 -3.029165660076834077e-01
0.000000000000000000e+00 -2.449281287742128832e-01 -3.077297457815147963e-01
0.000000000000000000e+00 -2.509959057608326383e-01 -3.123877993124429819e-01
0.000000000000000000e+00 -2.571581799598118834e-01 -3.168931989334548005e-01
0.000000000000000000e+00 -2.634162075415354409e-01 -3.212486903154362361e-01
0.000000000000000000e+00 -2.697716810869669746e-01 -3.254570675138635516e-01
0.000000000000000000e+00 -2.762261437479508475e-01 -3.295209617955492942e-01
0.000000000000000000e+00 -2.827804913215010152e-01 -3.334426539861896632e-01
0.000000000000000000e+00 -2.894345844067426343e-01 -3.372239189002278481e-01
0.000000000000000000e+00 -2.961869850123465264e-01 -3.408659087231356577e-01
0.000000000000000000e+00 -3.030348236912017712e-01 -3.443690801033015281e-01
0.000000000000000000e+00 -3.099737950006148379e-01 -3.477331672953272168e-01
0.000000000000000000e+00 -3.169982713093642546e-01 -3.509572011190276730e-01
0.000000000000000000e+00 -3.241015181435069059e-01 -3.540395709120119916e-01
0.000000000000000000e+00 -3.312759887584955099e-01 -3.569781242149862033e-01
0.000000000000000000e+00 -3.385136717338596002e-01 -3.597702967880265223e-01
0.000000000000000000e+00 -3.458064632913510628e-01 -3.624132638471902479e-01
0.000000000000000000e+00 -3.531465358072178318e-01 -3.649041022433940906e-01
0.000000000000000000e+00 -3.605266755777540855e-01 -3.672399527569733535e-01
0.000000000000000000e+00 -3.679405661479011047e-01 -3.694181717918536556e-01
0.000000000000000000e+00 -3.753829981704941976e-01 -3.714364625225312078e-01
0.000000000000000000e+00 -3.828499924932726728e-01 -3.732929769338227954e-01
0.000000000000000000e+00 -3.903388295781738959e-01 -3.749863821173639034e-01
0.000000000000000000e+00 -3.978479850161531495e-01 -3.765158865354459317e-01
0.000000000000000000e+00 -4.053769773785746988e-01 -3.778812245895454280e-01
0.000000000000000000e+00 -4.129261405321762446e-01 -3.790826005762132911e-01
0.000000000000000000e+00 -4.204963374742827220e-01 -3.801205958059570289e-01
0.000000000000000000e+00 -4.280886364223062124e-01 -3.809960451317173646e-01
0.000000000000000000e+00 -4.357039721062692106e-01 -3.817098912248163001e-01
0.000000000000000000e+00 -4.433428158520916207e-01 -3.822630265120360304e-01
0.000000000000000000e+00 -4.510048770963959730e-01 -3.826561336427166116e-01
0.000000000000000000e+00 -4.586888565319147126e-01 -3.828895356219961799e-01
0.000000000000000000e+00 -4.663922673316464040e-01 -3.829630663004850444e-01
0.000000000000000000e+00 -4.741113361060069198e-01 -3.828759707710754912e-01
0.000000000000000000e+00 -4.818409897392914032e-01 -3.826268434533427465e-01
0.000000000000000000e+00 -4.895749283996340684e-01 -3.822136093485125063e-01
0.000000000000000000e+00 -4.973057792067874239e-01 -3.816335512610822822e-01
0.000000000000000000e+00 -5.050253196528208255e-01 -3.808833828709390357e-01
0.000000000000000000e+00 -5.127247552484489601e-01 -3.799593645825573018e-01
0.000000000000000000e+00 -5.203950323045741788e-01 -3.788574562612469498e-01
0.000000000000000000e+00 -5.280271644754122029e-01 -3.775734984698876917e-01
0.000000000000000000e+00 -5.356125508219922171e-01 -3.761034118051522768e-01
0.000000000000000000e+00 -5.431432637460306134e-01 -3.744434025342145422e-01
0.000000000000000000e+00 -5.506122871430987331e-01 -3.725901620492632627e-01
0.000000000000000000e+00 -5.580136883896916755e-01 -3.705410477428692784e-01
0.000000000000000000e+00 -5.653427120904546133e-01 -3.682942337705270575e-01
0.000000000000000000e+00 -5.725957885838036665e-01 -3.658488217677978716e-01
0.000000000000000000e+00 -5.797704557049045970e-01 -3.632049038425436138e-01
0.000000000000000000e+00 -5.868651978787103873e-01 -3.603635729405529897e-01
0.000000000000000000e+00 -5.938792119054493446e-01 -3.573268788240760996e-01
0.000000000000000000e+00 -6.008121134712346434e-01 -3.540977312214936834e-01
0.000000000000000000e+00 -6.076636021746550931e-01 -3.506797550030248400e-01
0.000000000000000000e+00 -6.144331054747999010e-01 -3.470771053110292548e-01
0.000000000000000000e+00 -6.211194232808305848e-01 -3.432942532337446839e-01
0.000000000000000000e+00 -6.277203948460853278e-01 -3.393357546902682209e-01
0.000000000000000000e+00 -6.342326082171716450e-01 -3.352060165571410510e-01
0.000000000000000000e+00 -6.406511698231815988e-01 -3.309090746192576704e-01
0.000000000000000000e+00 -6.469695480535260224e-01 -3.264483976237108620e-01
0.000000000000000000e+00 -6.531795001128022360e-01 -3.218267305590600258e-01
0.000000000000000000e+00 -6.592710863553555845e-01 -3.170459883297733206e-01
0.000000000000000000e+00 -6.652327710188034038e-01 -3.121072083497971050e-01
0.000000000000000000e+00 -6.710516031317802499e-01 -3.070105673862154050e-01
0.000000000000000000e+00 -6.767134666907871354e-01 -3.017554644236126182e-01
0.000000000000000000e+00 -6.822033852751068217e-01 -2.963406675953785263e-01
0.000000000000000000e+00 -6.875058633363092531e-01 -2.907645195546513239e-01
0.000000000000000000e+00 -6.926052446323889278e-01 -2.850251922485539935e-01
0.000000000000000000e+00 -6.974860677714008750e-01 -2.791209791146175290e-01
0.000000000000000000e+00 -7.021333995986798193e-01 -2.730506104117142452e-01
0.000000000000000000e+00 -7.065331291359954191e-01 -2.668135758670709401e-01
0.000000000000000000e+00 -7.106722078139704468e-01 -2.604104381589892880e-01
0.000000000000000000e+00 -7.145388256176731234e-01 -2.538431210044603814e-01
0.000000000000000000e+00 -7.181225172241301191e-01 -2.471151567716311503e-01
0.000000000000000000e+00 -7.214141969497147588e-01 -2.402318805262360080e-01
0.000000000000000000e+00 -7.244061260304619498e-01 -2.332005601369205594e-01
0.000000000000000000e+00 -7.270918201207642317e-01 -2.260304553527506533e-01
0.000000000000000000e+00 -7.294659086331821696e-01 -2.187328024397091064e-01
0.000000000000000000e+00 -7.315239604160005404e-01 -2.113207248120008708e-01
0.000000000000000000e+00 -7.332622920969834590e-01 -2.038090738990452899e-01
0.000000000000000000e+00 -7.346777761034384291e-01 -1.962142080338047101e-01
0.000000000000000000e+00 -7.357676648692978993e-01 -1.885537202321979355e-01
0.000000000000000000e+00 -7.365294461071476562e-01 -1.808461281841250989e-01
0.000000000000000000e+00 -7.369607413795004058e-01 -1.731105414593222813e-01
0.000000000000000000e+00 -7.370592567378196902e-01 -1.653663217568414889e-01
0.000000000000000000e+00 -7.368227901518875633e-01 -1.576327519571841806e-01
0.000000000000000000e+00 -7.362492961049948992e-01 -1.499287287856548301e-01
0.000000000000000000e+00 -7.353370033793428240e-01 -1.422724921306591506e-01
0.000000000000000000e+00 -7.340845779966861384e-01 -1.346814015952624011e-01
0.000000000000000000e+00 -7.324913197861627756e-01 -1.271717678485080605e-01
0.000000000000000000e+00 -7.305573783598261484e-01 -1.197587429698616784e-01
0.000000000000000000e+00 -7.282839725672997089e-01 -1.124562704503656863e-01
0.000000000000000000e+00 -7.256735968884262533e-01 -1.052770920395583315e-01
0.000000000000000000e+00 -7.227301987472131151e-01 -9.823280541417313272e-02
0.000000000000000000e+00 -7.194593123559523962e-01 -9.133396388140120614e-02
0.000000000000000000e+00 -7.158681373155998395e-01 -8.459020717511483989e-02
0.000000000000000000e+00 -7.119655536316432665e-01 -7.801041097838685989e-02
0.000000000000000000e+00 -7.077620688236843094e-01 -7.160284218474395612e-02
0.000000000000000000e+00 -7.032696971427691013e-01 -6.537530711892454438e-02
0.000000000000000000e+00 -6.985017752730352525e-01 -5.933528094961573740e-02
0.000000000000000000e+00 -6.934727229918138391e-01 -5.349000826692263538e-02
0.000000000000000000e+00 -6.881977608209071118e-01 -4.784656714738601962e-02
0.000000000000000000e+00 -6.826925994834168732e-01 -4.241189183405270208e-02
0.000000000000000000e+00 -6.769731177990603310e-01 -3.719275223665884089e-02
0.000000000000000000e+00 -6.710550463845309510e-01 -3.219569161042718647e-02
0.000000000000000000e+00 -6.649536741246606653e-01 -2.742692680130893665e-02
0.000000000000000000e+00 -6.586835928712041488e-01 -2.289221816006039092e-02
0.000000000000000000e+00 -6.522584933093797943e-01 -1.859671845769154952e-02
0.000000000000000000e+00 -6.456910215756628268e-01 -1.454481174228018127e-02
0.000000000000000000e+00 -6.389927022379350285e-01 -1.073995396334854850e-02
0.000000000000000000e+00 -6.321739289266145034e-01 -7.184527301956595592e-03
0.000000000000000000e+00 -6.252440195222526143e-01 -3.879719477987926372e-03
0.000000000000000000e+00 -6.182113286552747278e-01 -8.254379050320182322e-04
0.000000000000000000e+00 -6.110834066357900829e-01 1.979733482335568201e-03
0.000000000000000000e+00 -6.038671910505799545e-01 4.538529464443499632e-03
0.000000000000000000e+00 -5.965692153348973736e-01 6.854948484890428621e-03
0.000000000000000000e+00 -5.891958177792728790e-01 8.934148044826013824e-03
0.000000000000000000e+00 -5.817533347241001795e-01 1.078229433800627704e-02
0.000000000000000000e+00 -5.742482631083181133e-01 1.240637276889632566e-02
0.000000000000000000e+00 -5.666873799778687770e-01 1.381396845183788420e-02
0.000000000000000000e+00 -5.590778098594804124e-01 1.501302770025382885e-02
0.000000000000000000e+00 -5.514270348409480160e-01 1.601161276181341936e-02
0.000000000000000000e+00 -5.437428465010092360e-01 1.681766256035219231e-02
0.000000000000000000e+00 -5.360332432038561468e-01 1.743877193585736257e-02
0.000000000000000000e+00 -5.283062804119664779e-01 1.788200084537125423e-02
0.000000000000000000e+00 -5.205698852863795967e-01 1.815372326214327592e-02
0.000000000000000000e+00 -5.128316496790649159e-01 1.825952319231021262e-02
0.000000000000000000e+00 -5.050986174717722044e-01 1.820414245836344744e-02
0.000000000000000000e+00 -4.973770829393078796e-01 1.799148184458609911e-02
0.000000000000000000e+00 -4.896724163477724212e-01 1.762465404639699390e-02
0.000000000000000000e+00 -4.819889313562828459e-01 1.710608380363831671e-02
0.000000000000000000e+00 -4.743298060714455922e-01 1.643764781182975240e-02
0.000000000000000000e+00 -4.666970659803854615e-01 1.562084466262269287e-02
0.000000000000000000e+00 -4.590916326986394513e-01 1.465698330520359347e-02
0.000000000000000000e+00 -4.515134378019123873e-01 1.354737744864689675e-02
0.000000000000000000e+00 -4.439615962852644926e-01 1.229353300388317041e-02
0.000000000000000000e+00 -4.364346297399474550e-01 1.089731611036691417e-02
0.000000000000000000e+00 -4.289307254754080589e-01 9.361090477957665495e-03
0.000000000000000000e+00 -4.214480148272886639e-01 7.687814626179343899e-03
0.000000000000000000e+00 -4.139848520138422749e-01 5.881092008746034369e-03
0.000000000000000000e+00 -4.065400742954842217e-01 3.945169826626826123e-03
0.000000000000000000e+00 -3.991132249354430450e-01 1.884885390196391463e-03
0.000000000000000000e+00 -3.917047225443795466e-01 -2.944379905959460236e-04
0.000000000000000000e+00 -3.843159637181037813e-01 -2.587140612462022430e-03
0.000000000000000000e+00 -3.769493502582378919e-01 -4.987413804825245080e-03
0.000000000000000000e+00 -3.696082374374573543e-01 -7.489515248323037888e-03
0.000000000000000000e+00 -3.622968054093413937e-01 -1.008800058415246746e-02
0.000000000000000000e+00 -3.550198616019761277e-01 -1.277795870565277825e-02
0.000000000000000000e+00 -3.477825873897837927e-01 -1.555523783397429541e-02
0.000000000000000000e+00 -3.405902471309885104e-01 -1.841664991486787611e-02
0.000000000000000000e+00 -3.334478814407347835e-01 -2.136014199803174321e-02
0.000000000000000000e+00 -3.263600090481195704e-01 -2.438492499868459562e-02
0.000000000000000000e+00 -3.193303625397375112e-01 -2.749155248295558421e-02
0.000000000000000000e+00 -3.123616825937788333e-01 -3.068194472670079248e-02
0.000000000000000000e+00 -3.054555929297708139e-01 -3.395935611522606784e-02
0.000000000000000000e+00 -2.986125742183640686e-01 -3.732828681401113152e-02
0.000000000000000000e+00 -2.918320497960751880e-01 -4.079434238411188546e-02
0.000000000000000000e+00 -2.851125894904413260e-01 -4.436404748793240649e-02
0.000000000000000000e+00 -2.784522305416451959e-01 -4.804462189919547765e-02
0.000000000000000000e+00 -2.718489069286537663e-01 -5.184372859076418621e-02
0.000000000000000000e+00 -2.653009708295177571e-01 -5.576920465457313458e-02
0.000000000000000000e+00 -2.588077829348717218e-01 -5.982878617544729744e-02
0.000000000000000000e+00 -2.523703423405119217e-01 -6.402983793930508427e-02
0.000000000000000000e+00 -2.459919221726331318e-01 -6.837909804722698548e-02
0.000000000000000000e+00 -2.396786742793470815e-01 -7.288244620439729426e-02
0.000000000000000000e+00 -2.334401654922186320e-01 -7.754470275879497831e-02
0.000000000000000000e+00 -2.272898092491225652e-01 -8.236946360075288187e-02
0.000000000000000000e+00 -2.212451597814020232e-01 -8.735897393504657438e-02
0.000000000000000000e+00 -2.153280414867662085e-01 -9.251404183874410714e-02
0.000000000000000000e+00 -2.095644932972825503e-01 -9.783399055131625222e-02
0.000000000000000000e+00 -2.039845164631484964e-01 -1.033166467246714321e-01
0.000000000000000000e+00 -1.986216237707407462e-01 -1.089583604843638864e-01
0.000000000000000000e+00 -1.935121982935438523e-01 -1.147540521864623270e-01
0.000000000000000000e+00 -1.886946797933080344e-01 -1.206972802337121647e-01
0.000000000000000000e+00 -1.842086062938400326e-01 -1.267803242434057398e-01
0.000000000000000000e+00 -1.800935466116695138e-01 -1.329942782097219556e-01
0.000000000000000000e+00 -1.763879662705435947e-01 -1.393291490181175762e-01
0.000000000000000000e+00 -1.731280738559893284e-01 -1.457739566673580123e-01
0.000000000000000000e+00 -1.703466971929055995e-01 -1.523168337367683256e-01
0.000000000000000000e+00 -1.680722385872515101e-01 -1.589451228926645199e-01
0.000000000000000000e+00 -1.663277557301272025e-01 -1.656454724467780748e-01
0.000000000000000000e+00 -1.651302098238427996e-01 -1.724039310547345882e-01
0.000000000000000000e+00 -1.644102164406687216e-01 -1.860369498928143295e-01
