6.701087370155862644e-01 0.000000000000000000e+00 5.678424243913423597e-01
6.686030216706367879e-01 0.000000000000000000e+00 5.634510385982950398e-01
6.667932071178566122e-01 0.000000000000000000e+00 5.591834369096934099e-01
6.646851658768428983e-01 0.000000000000000000e+00 5.550540471136481413e-01
6.622869903827804938e-01 0.000000000000000000e+00 5.510765527752224946e-01
6.596088725588304946e-01 0.000000000000000000e+00 5.472637531874766648e-01
6.566629449530942964e-01 0.000000000000000000e+00 5.436274357239624377e-01
6.534630871478575020e-01 0.000000000000000000e+00 5.401782627285429683e-01
6.500247019304075113e-01 0.000000000000000000e+00 5.369256747798504259e-01
6.463644663831421555e-01 0.000000000000000000e+00 5.338778118315976595e-01
6.425000635899027479e-01 0.000000000000000000e+00 5.310414533642070500e-01
6.384499010528019713e-01 0.000000000000000000e+00 5.284219782963850420e-01
6.342328221601011284e-01 0.000000000000000000e+00 5.260233450063427352e-01
6.298678171356528743e-01 0.000000000000000000e+00 5.238480914105941855e-01
6.253737398326294494e-01 0.000000000000000000e+00 5.218973546528862251e-01
6.207690365113132103e-01 0.000000000000000000e+00 5.201709095758620949e-01
6.160714923690659983e-01 0.000000000000000000e+00 5.186672247921144674e-01
6.112980010803795716e-01 0.000000000000000000e+00 5.173835348473122542e-01
6.064643619697847043e-01 0.000000000000000000e+00 5.163159266831734984e-01
6.015851086970074313e-01 0.000000000000000000e+00 5.154594383683556158e-01
5.966733725015544998e-01 0.000000000000000000e+00 5.148081678757946422e-01
5.917407821543727575e-01 0.000000000000000000e+00 5.143553895493702122e-01
5.867974018205640574e-01 0.000000000000000000e+00 5.140936758233786152e-01
5.818517070735399477e-01 0.000000000000000000e+00 5.140150217361503238e-01
5.769105983421078943e-01 0.000000000000000000e+00 5.141109698138138784e-01
5.719794501421926469e-01 0.000000000000000000e+00 5.143727329899061562e-01
5.670621935678406000e-01 0.000000000000000000e+00 5.147913133680964703e-01
5.621614287139874433e-01 0.000000000000000000e+00 5.153576148243641519e-01
5.572785629963996623e-01 0.000000000000000000e+00 5.160625476760327679e-01
5.524139707399317034e-01 0.000000000000000000e+00 5.168971239116373351e-01
5.475671689395360531e-01 0.000000000000000000e+00 5.178525417703688793e-01
5.427370037707776040e-01 0.000000000000000000e+00 5.189202587749079942e-01
5.379218422457893167e-01 0.000000000000000000e+00 5.200920526484500428e-01
5.331197633807061020e-01 0.000000000000000000e+00 5.213600698771182484e-01
5.283287433617885887e-01 0.000000000000000000e+00 5.227168620042086378e-01
5.235468294659276767e-01 0.000000000000000000e+00 5.241554100544918438e-01
5.187722978994524503e-01 0.000000000000000000e+00 5.256691377772645390e-01
5.140037912559628497e-01 0.000000000000000000e+00 5.272519146587284489e-01
5.092404319447525474e-01 0.000000000000000000e+00 5.288980498811829412e-01
5.044819086888273629e-01 0.000000000000000000e+00 5.306022785929852548e-01
4.997285340155365740e-01 0.000000000000000000e+00 5.323597419949350762e-01
4.949812715414455555e-01 0.000000000000000000e+00 5.341659628425592388e-01
4.902417327628352806e-01 0.000000000000000000e+00 5.360168180078768163e-01
4.855121439798081306e-01 0.000000000000000000e+00 5.379085097381366420e-01
4.807952848809180502e-01 0.000000000000000000e+00 5.398375371935659750e-01
4.760944011723806102e-01 0.000000000000000000e+00 5.418006697435384655e-01
4.714130944281748614e-01 0.000000000000000000e+00 5.437949233541575778e-01
4.667551930432375928e-01 0.000000000000000000e+00 5.458175412146533123e-01
4.621246087721593288e-01 0.000000000000000000e+00 5.478659795308101765e-01
4.575251838137042171e-01 0.000000000000000000e+00 5.499378991674039874e-01
4.529605337435438916e-01 0.000000000000000000e+00 5.520311635555420482e-01
4.484338917937975011e-01 0.000000000000000000e+00 5.541438430026474071e-01
4.439479600219736755e-01 0.000000000000000000e+00 5.562742252606681648e-01
4.395047728013357080e-01 0.000000000000000000e+00 5.584208319301472434e-01
4.351055778011707620e-01 0.000000000000000000e+00 5.605824400121397488e-01
4.307507392145267788e-01 0.000000000000000000e+00 5.627581076744012645e-01
4.264396674421331856e-01 0.000000000000000000e+00 5.649472030800529732e-01
4.221707787675390566e-01 0.000000000000000000e+00 5.671494349426190462e-01
4.179414877763980019e-01 0.000000000000000000e+00 5.693648833265851916e-01
4.137482344016401026e-01 0.000000000000000000e+00 5.715940291120695793e-01
4.095865465378287218e-01 0.000000000000000000e+00 5.738377804893147749e-01
4.054511381859897678e-01 0.000000000000000000e+00 5.760974948456718536e-01
4.013360420897231773e-01 0.000000000000000000e+00 5.783749944554623657e-01
3.972347748301940373e-01 0.000000000000000000e+00 5.806725744810780077e-01
3.931405313875223073e-01 0.000000000000000000e+00 5.829930019400729746e-01
3.890464052743524137e-01 0.000000000000000000e+00 5.853395044846992912e-01
3.849456295280548335e-01 0.000000000000000000e+00 5.877157480729071626e-01
3.808318331332441464e-01 0.000000000000000000e+00 5.901258028777867093e-01
3.766993068558950886e-01 0.000000000000000000e+00 5.925740970792024997e-01
3.725432720211532267e-01 0.000000000000000000e+00 5.950653584996105083e-01
3.683601454724798607e-01 0.000000000000000000e+00 5.976045443776911714e-01
3.641477938198195430e-01 0.000000000000000000e+00 6.001967599099820028e-01
3.599057701248117858e-01 0.000000000000000000e+00 6.028471665233918753e-01
3.556355263833101965e-01 0.000000000000000000e+00 6.055608811615365017e-01
3.513405955469832698e-01 0.000000000000000000e+00 6.083428681666537274e-01
3.470267373697174529e-01 0.000000000000000000e+00 6.111978256082630789e-01
3.427020430600091205e-01 0.000000000000000000e+00 6.141300681421595353e-01
3.383769945527595469e-01 0.000000000000000000e+00 6.171434086720318790e-01
3.340644751646166255e-01 0.000000000000000000e+00 6.202410412252399308e-01
3.297797294448989169e-01 0.000000000000000000e+00 6.234254275394596201e-01
3.255402711552456974e-01 0.000000000000000000e+00 6.266981898847057142e-01
3.213657394795090827e-01 0.000000000000000000e+00 6.300600126137088086e-01
3.172777047536879391e-01 0.000000000000000000e+00 6.335105548422531596e-01
3.132994261857587337e-01 0.000000000000000000e+00 6.370483765108114760e-01
3.094555651789235862e-01 0.000000000000000000e+00 6.406708798720381903e-01
3.057718589514683560e-01 0.000000000000000000e+00 6.443742681892269397e-01
3.022747601358040659e-01 0.000000000000000000e+00 6.481535231237960382e-01
2.989910489139805949e-01 0.000000000000000000e+00 6.520024019416316152e-01
2.959474249851237193e-01 0.000000000000000000e+00 6.559134552860608203e-01
2.931700872430872962e-01 0.000000000000000000e+00 6.598780658577155789e-01
2.906843094548325346e-01 0.000000000000000000e+00 6.638865079175589878e-01
2.885140204603205971e-01 0.000000000000000000e+00 6.679280270984643275e-01
2.866813974558843348e-01 0.000000000000000000e+00 6.719909395826966225e-01
2.852064807724098427e-01 0.000000000000000000e+00 6.760627492873425570e-01
2.841068182189724900e-01 0.000000000000000000e+00 6.801302813067673370e-01
2.833971465380898391e-01 0.000000000000000000e+00 6.841798294997707419e-01
2.830891168210644682e-01 0.000000000000000000e+00 6.881973157878472636e-01
2.831910698757068579e-01 0.000000000000000000e+00 6.921684584575011900e-01
2.837078665425714075e-01 0.000000000000000000e+00 6.960789465406068688e-01
2.846407768415524786e-01 0.000000000000000000e+00 6.999146171877795863e-01
2.859874306230160701e-01 0.000000000000000000e+00 7.036616328547071753e-01
2.877418311235960258e-01 0.000000000000000000e+00 7.073066550930804386e-01
2.898944315150174811e-01 0.000000000000000000e+00 7.108370117772264685e-01
2.924322732144877812e-01 0.000000000000000000e+00 7.142408547044043488e-01
2.953391834272390271e-01 0.000000000000000000e+00 7.175073046789639530e-01
2.985960281452281206e-01 0.000000000000000000e+00 7.206265814247148072e-01
3.021810156591999696e-01 0.000000000000000000e+00 7.235901159609868794e-01
3.060700445809015902e-01 0.000000000000000000e+00 7.263906434197110462e-01
3.102370894423791547e-01 0.000000000000000000e+00 7.290222746660224296e-01
3.146546161612003845e-01 0.000000000000000000e+00 7.314805455049034899e-01
3.192940190518177013e-01 0.000000000000000000e+00 7.337624427020424944e-01
3.241260706379096579e-01 0.000000000000000000e+00 7.358664065084807859e-01
3.291213752879575405e-01 0.000000000000000000e+00 7.377923098455907436e-01
3.342508176616055260e-01 0.000000000000000000e+00 7.395414147690863027e-01
3.394859971180178571e-01 0.000000000000000000e+00 7.411163072779095584e-01
3.447996395953624726e-01 0.000000000000000000e+00 7.425208119560532394e-01
3.501659790141364859e-01 0.000000000000000000e+00 7.437598883234047831e-01
3.555611009733802286e-01 0.000000000000000000e+00 7.448395111170096339e-01
3.609632423810421042e-01 0.000000000000000000e+00 7.457665370192737564e-01
3.663530416673795309e-01 0.000000000000000000e+00 7.465485605882276055e-01
3.717137353497434460e-01 0.000000000000000000e+00 7.471937623220655800e-01
3.770312979223196526e-01 0.000000000000000000e+00 7.477107519021817250e-01
3.822945233073536397e-01 0.000000000000000000e+00 7.481084097038201985e-01
3.874950473958281849e-01 0.000000000000000000e+00 7.483957296407437454e-01
3.926273124956733973e-01 0.000000000000000000e+00 7.485816663210909105e-01
3.976884757647055624e-01 0.000000000000000000e+00 7.486749893384745391e-01
4.026782649048086249e-01 0.000000000000000000e+00 7.486841473094505428e-01
4.075987855061211640e-01 0.000000000000000000e+00 7.486171440012349132e-01
4.124542854300610184e-01 0.000000000000000000e+00 7.484814285786687282e-01
4.172508824855893916e-01 0.000000000000000000e+00 7.482838016446831109e-01
4.219962623651148381e-01 0.000000000000000000e+00 7.480303383625768188e-01
4.266993543495562480e-01 0.000000000000000000e+00 7.477263295405831567e-01
4.313699926550535468e-01 0.000000000000000000e+00 7.473762411392695926e-01
4.360185714697144554e-01 0.000000000000000000e+00 7.469836922402439683e-01
4.406557017151629396e-01 0.000000000000000000e+00 7.465514511003971121e-01
4.452918773665632823e-01 0.000000000000000000e+00 7.460814485191850087e-01
4.499371587827445396e-01 0.000000000000000000e+00 7.455748073764077999e-01
4.546008799457933458e-01 0.000000000000000000e+00 7.450318868630771973e-01
4.592913858018115580e-01 0.000000000000000000e+00 7.444523396357999312e-01
4.640158050497821263e-01 0.000000000000000000e+00 7.438351798821112304e-01
4.687798627652219330e-01 0.000000000000000000e+00 7.431788600955760993e-01
4.735877361936550178e-01 0.000000000000000000e+00 7.424813542290761292e-01
4.784419559321086979e-01 0.000000000000000000e+00 7.417402448249020841e-01
4.833433535623848920e-01 0.000000000000000000e+00 7.409528117119732471e-01
4.882910556360759435e-01 0.000000000000000000e+00 7.401161199130608104e-01
4.932825227664798251e-01 0.000000000000000000e+00 7.392271045161981080e-01
4.983136314843815695e-01 0.000000000000000000e+00 7.382826504309399906e-01
5.033787954894204386e-01 0.000000000000000000e+00 7.372796651669134560e-01
5.084711220008160115e-01 0.000000000000000000e+00 7.362151430330492463e-01
5.135825981024041420e-01 0.000000000000000000e+00 7.350862194538635430e-01
5.187043013059891017e-01 0.000000000000000000e+00 7.338902144261151284e-01
5.238266280392173124e-01 0.000000000000000000e+00 7.326246644863969593e-01
5.289395334109080471e-01 0.000000000000000000e+00 7.312873429185678953e-01
5.340327754253423320e-01 0.000000000000000000e+00 7.298762682900076237e-01
5.390961568104132295e-01 0.000000000000000000e+00 7.283897017581207889e-01
5.441197577914828054e-01 0.000000000000000000e+00 7.268261339241613994e-01
5.490941534776814237e-01 0.000000000000000000e+00 7.251842623216930850e-01
5.540106100205477446e-01 0.000000000000000000e+00 7.234629609037882547e-01
5.588612543427761148e-01 0.000000000000000000e+00 7.216612431293848440e-01
5.636392130003949896e-01 0.000000000000000000e+00 7.197782204389426841e-01
5.683387166147907399e-01 0.000000000000000000e+00 7.178130580479061829e-01
5.729551672689859876e-01 0.000000000000000000e+00 7.157649300698943895e-01
5.774851672807889136e-01 0.000000000000000000e+00 7.136329760079636042e-01
5.819265088178547929e-01 0.000000000000000000e+00 7.114162606210123752e-01
5.862781248795706501e-01 0.000000000000000000e+00 7.091137390842700006e-01
5.905400032112201325e-01 0.000000000000000000e+00 7.067242292200814902e-01
5.947130657108884444e-01 0.000000000000000000e+00 7.042463923815458493e-01
5.987990168141160696e-01 0.000000000000000000e+00 7.016787243319008160e-01
6.028001651723121634e-01 0.000000000000000000e+00 6.990195571830597476e-01
6.067192236577833020e-01 0.000000000000000000e+00 6.962670731444783323e-01
6.105590933131814779e-01 0.000000000000000000e+00 6.934193304966065341e-01
6.143226373019253783e-01 0.000000000000000000e+00 6.904743018501665608e-01
6.180124511980276125e-01 0.000000000000000000e+00 6.874299243924498759e-01
6.216306360721186586e-01 0.000000000000000000e+00 6.842841614640278181e-01
6.251785807827102692e-01 0.000000000000000000e+00 6.810350744629254383e-01
6.286567596694846438e-01 0.000000000000000000e+00 6.776809037474185171e-01
6.320645514743294946e-01 0.000000000000000000e+00 6.742201569116427207e-01
6.354000847956114972e-01 0.000000000000000000e+00 6.706517025479824534e-01
6.386601147251496080e-01 0.000000000000000000e+00 6.669748673936203298e-01
6.418399345422116653e-01 0.000000000000000000e+00 6.631895345915420625e-01
6.449333254642708457e-01 0.000000000000000000e+00 6.592962406833632327e-01
6.479325465022838237e-01 0.000000000000000000e+00 6.552962688958741122e-01
6.508283654628589376e-01 0.000000000000000000e+00 6.511917362871346704e-01
6.536101311060954488e-01 0.000000000000000000e+00 6.469856723817528632e-01
6.562658854319828317e-01 0.000000000000000000e+00 6.426820870476117609e-01
6.587825140559363524e-01 0.000000000000000000e+00 6.382860255453944864e-01
6.611459316705471378e-01 0.000000000000000000e+00 6.338036089138685547e-01
6.633412986999281946e-01 0.000000000000000000e+00 6.292420581329727369e-01
6.653532644572405230e-01 0.000000000000000000e+00 6.246097008269545503e-01
6.671662314347984735e-01 0.000000000000000000e+00 6.199159596238184022e-01
6.687646348063961410e-01 0.000000000000000000e+00 6.151713216670023909e-01
6.701332308166686458e-01 0.000000000000000000e+00 6.103872891716969340e-01
6.712573874822874709e-01 0.000000000000000000e+00 6.055763113222840666e-01
6.721233709405984857e-01 0.000000000000000000e+00 6.007516982096071656e-01
6.727186208549456037e-01 0.000000000000000000e+00 5.959275178977028187e-01
6.730320085203261860e-01 0.000000000000000000e+00 5.911184780801037597e-01
6.730540717021770147e-01 0.000000000000000000e+00 5.863397941271238922e-01
6.727772207751137046e-01 0.000000000000000000e+00 5.816070456296608127e-01
6.721959113938920094e-01 0.000000000000000000e+00 5.769360238048443223e-01
6.701087370155862644e-01 0.000000000000000000e+00 5.678424243913423597e-01
