0.000000000000000000e+00 -3.327080519563636596e-01 -3.943880561659747208e-01
0.000000000000000000e+00 -3.326865142739311998e-01 -3.980181458198310263e-01
0.000000000000000000e+00 -3.328066954929957966e-01 -4.016629696190470722e-01
0.000000000000000000e+00 -3.330656538611138640e-01 -4.053155047476451056e-01
0.000000000000000000e+00 -3.334601896787450781e-01 -4.089689889249039090e-01
0.000000000000000000e+00 -3.339868782760140875e-01 -4.126169642830693207e-01
0.000000000000000000e+00 -3.346421036180218245e-01 -4.162533166723849654e-01
0.000000000000000000e+00 -3.354220921659241683e-01 -4.198723099584855123e-01
0.000000000000000000e+00 -3.363229466284286540e-01 -4.234686149481348139e-01
0.000000000000000000e+00 -3.373406792501568718e-01 -4.270373326547117765e-01
0.000000000000000000e+00 -3.384712442992386938e-01 -4.305740116936598860e-01
0.000000000000000000e+00 -3.397105694362035355e-01 -4.340746596791732470e-01
0.000000000000000000e+00 -3.410545856693651401e-01 -4.375357485755337339e-01
0.000000000000000000e+00 -3.424992556280435640e-01 -4.409542140385626641e-01
0.000000000000000000e+00 -3.440405999137003956e-01 -4.443274488634421093e-01
0.000000000000000000e+00 -3.456747213199080071e-01 -4.476532907335555866e-01
0.000000000000000000e+00 -3.473978267445541057e-01 -4.509300045398968448e-01
0.000000000000000000e+00 -3.492062466512993457e-01 -4.541562596109612882e-01
0.000000000000000000e+00 -3.510964519715546461e-01 -4.573311022579005791e-01
0.000000000000000000e+00 -3.530650683726478389e-01 -4.604539240982092330e-01
0.000000000000000000e+00 -3.551088878518949277e-01 -4.635244266725467299e-01
0.000000000000000000e+00 -3.572248776495489664e-01 -4.665425829128114765e-01
0.000000000000000000e+00 -3.594101865055928657e-01 -4.695085960547256132e-01
0.000000000000000000e+00 -3.616621483156967631e-01 -4.724228566145467489e-01
0.000000000000000000e+00 -3.639782832699770543e-01 -4.752858980668059896e-01
0.000000000000000000e+00 -3.663562965841635211e-01 -4.780983518680305688e-01
0.000000000000000000e+00 -3.687940749561057774e-01 -4.808609024702316104e-01
0.000000000000000000e+00 -3.712896809010062804e-01 -4.835742429576523338e-01
0.000000000000000000e+00 -3.738413451361664586e-01 -4.862390319211241652e-01
0.000000000000000000e+00 -3.764474572002511898e-01 -4.888558521567751836e-01
0.000000000000000000e+00 -3.791065545030412043e-01 -4.914251717402610686e-01
0.000000000000000000e+00 -3.818173100093236183e-01 -4.939473079847879755e-01
0.000000000000000000e+00 -3.845785187650238024e-01 -4.964223947416765981e-01
0.000000000000000000e+00 -3.873890834749658119e-01 -4.988503534469029277e-01
0.000000000000000000e+00 -3.902479993399153857e-01 -5.012308682568361595e-01
0.000000000000000000e+00 -3.931543383559812921e-01 -5.035633655522256946e-01
0.000000000000000000e+00 -3.961072332722530009e-01 -5.058469980223877505e-01
0.000000000000000000e+00 -3.991058613929753807e-01 -5.080806334725304074e-01
0.000000000000000000e+00 -4.021494283989181517e-01 -5.102628484272988540e-01
0.000000000000000000e+00 -4.052371523491732908e-01 -5.123919265339654805e-01
0.000000000000000000e+00 -4.083682480097593492e-01 -5.144658617002813017e-01
0.000000000000000000e+00 -4.115419116394617993e-01 -5.164823658358357328e-01
0.000000000000000000e+00 -4.147573063466466481e-01 -5.184388810028209837e-01
0.000000000000000000e+00 -4.180135481137020603e-01 -5.203325957232362020e-01
0.000000000000000000e+00 -4.213096925686334870e-01 -5.221604651356464011e-01
0.000000000000000000e+00 -4.246447225664939928e-01 -5.239192346463378280e-01
0.000000000000000000e+00 -4.280175366270864701e-01 -5.256054666777529860e-01
0.000000000000000000e+00 -4.314269382600242064e-01 -5.272155700819436408e-01
0.000000000000000000e+00 -4.348716261940335226e-01 -5.287458317588978884e-01
0.000000000000000000e+00 -4.383501855145648385e-01 -5.301924499992606288e-01
0.000000000000000000e+00 -4.418610797025393500e-01 -5.315515690583434427e-01
0.000000000000000000e+00 -4.454026435575426102e-01 -5.328193144634917333e-01
0.000000000000000000e+00 -4.489730769811091093e-01 -5.339918285597403669e-01
0.000000000000000000e+00 -4.525704395899816657e-01 -5.350653058090723002e-01
0.000000000000000000e+00 -4.561926461254094400e-01 -5.360360273761965999e-01
0.000000000000000000e+00 -4.598374626226405804e-01 -5.369003945581273252e-01
0.000000000000000000e+00 -4.635025033047276977e-01 -5.376549606455082175e-01
0.000000000000000000e+00 -4.671852281664730655e-01 -5.382964608399219975e-01
0.000000000000000000e+00 -4.708829412176694373e-01 -5.388218398926887254e-01
0.000000000000000000e+00 -4.745927893595722757e-01 -5.392282771761108817e-01
0.000000000000000000e+00 -4.783117618745443278e-01 -5.395132089469408809e-01
0.000000000000000000e+00 -4.820366905158312010e-01 -5.396743476131826700e-01
0.000000000000000000e+00 -4.857642501921934364e-01 -5.397096978682651702e-01
0.000000000000000000e+00 -4.894909602503584312e-01 -5.396175696102686326e-01
0.000000000000000000e+00 -4.932131863666975868e-01 -5.393965876173181240e-01
0.000000000000000000e+00 -4.969271430678780521e-01 -5.390456980025976064e-01
0.000000000000000000e+00 -5.006288969081994500e-01 -5.385641715228258741e-01
0.000000000000000000e+00 -5.043143703386310239e-01 -5.379516038616590778e-01
0.000000000000000000e+00 -5.079793463089332661e-01 -5.372079130535850622e-01
0.000000000000000000e+00 -5.116194736494397155e-01 -5.363333342537643933e-01
0.000000000000000000e+00 -5.152302732828477616e-01 -5.353284120943574420e-01
0.000000000000000000e+00 -5.188071453185422177e-01 -5.341939908976239826e-01
0.000000000000000000e+00 -5.223453770823601738e-01 -5.329312030400904510e-01
0.000000000000000000e+00 -5.258401521331882433e-01 -5.315414557800254292e-01
0.000000000000000000e+00 -5.292865603142591358e-01 -5.300264168721487978e-01
0.000000000000000000e+00 -5.326796088814446106e-01 -5.283879992988269603e-01
0.000000000000000000e+00 -5.360142347431992027e-01 -5.266283454459921298e-01
0.000000000000000000e+00 -5.392853178371598277e-01 -5.247498110448043374e-01
0.000000000000000000e+00 -5.424876956568033259e-01 -5.227549491868771492e-01
0.000000000000000000e+00 -5.456161789281541719e-01 -5.206464947020569278e-01
0.000000000000000000e+00 -5.486655684214722939e-01 -5.184273491637195752e-01
0.000000000000000000e+00 -5.516306728663569192e-01 -5.161005667578409950e-01
0.000000000000000000e+00 -5.545063279210052931e-01 -5.136693412193283903e-01
0.000000000000000000e+00 -5.572874161277643346e-01 -5.111369940029186765e-01
0.000000000000000000e+00 -5.599688877678959953e-01 -5.085069638171038076e-01
0.000000000000000000e+00 -5.625457825089880126e-01 -5.057827976087919675e-01
0.000000000000000000e+00 -5.650132517190259440e-01 -5.029681430445570589e-01
0.000000000000000000e+00 -5.673665813021601112e-01 -5.000667424921856341e-01
0.000000000000000000e+00 -5.696012148930267305e-01 -4.970824284646191416e-01
0.000000000000000000e+00 -5.717127772294749999e-01 -4.940191204481141907e-01
0.000000000000000000e+00 -5.736970975080877277e-01 -4.908808229982740690e-01
0.000000000000000000e+00 -5.755502325132872965e-01 -4.876716249522962676e-01
0.000000000000000000e+00 -5.772684892994527361e-01 -4.843956995740001936e-01
0.000000000000000000e+00 -5.788484471966015565e-01 -4.810573054205737886e-01
0.000000000000000000e+00 -5.802869789041219528e-01 -4.776607876970619948e-01
0.000000000000000000e+00 -5.815812704339800021e-01 -4.742105798468446709e-01
0.000000000000000000e+00 -5.827288396649759061e-01 -4.707112051141197906e-01
0.000000000000000000e+00 -5.837275532731464045e-01 -4.671672778079460908e-01
0.000000000000000000e+00 -5.845756418103585927e-01 -4.635835039969024574e-01
0.000000000000000000e+00 -5.852717127136094488e-01 -4.599646813689161062e-01
0.000000000000000000e+00 -5.858147610414796702e-01 -4.563156980022559095e-01
0.000000000000000000e+00 -5.862041777515498708e-01 -4.526415298109179308e-01
0.000000000000000000e+00 -5.864397553532313401e-01 -4.489472364503565571e-01
0.000000000000000000e+00 -5.865216907942184532e-01 -4.452379554973980857e-01
0.000000000000000000e+00 -5.864505854654068484e-01 -4.415188947507091566e-01
0.000000000000000000e+00 -5.862274422383416672e-01 -4.377953225348511501e-01
0.000000000000000000e+00 -5.858536594807435272e-01 -4.340725559310817383e-01
0.000000000000000000e+00 -5.853310220290196542e-01 -4.303559469009717309e-01
0.000000000000000000e+00 -5.846616891314928566e-01 -4.266508663138203761e-01
0.000000000000000000e+00 -5.838481794119120272e-01 -4.229626859349764345e-01
0.000000000000000000e+00 -5.828933529391828738e-01 -4.192967584786655433e-01
0.000000000000000000e+00 -5.818003905256609043e-01 -4.156583958749384133e-01
0.000000000000000000e+00 -5.805727704122788380e-01 -4.120528459450314429e-01
0.000000000000000000e+00 -5.792142425337195588e-01 -4.084852677219295014e-01
0.000000000000000000e+00 -5.777288005902797563e-01 -4.049607056924308113e-01
0.000000000000000000e+00 -5.761206521844842721e-01 -4.014840632727554315e-01
0.000000000000000000e+00 -5.743941873094325912e-01 -3.980600758609958434e-01
0.000000000000000000e+00 -5.725539455018155977e-01 -3.946932838358311879e-01
0.000000000000000000e+00 -5.706045819951085507e-01 -3.913880058913383198e-01
0.000000000000000000e+00 -5.685508332272291021e-01 -3.881483131119511931e-01
0.000000000000000000e+00 -5.663974820716091152e-01 -3.849780041992659219e-01
0.000000000000000000e+00 -5.641493231708833989e-01 -3.818805822631685665e-01
0.000000000000000000e+00 -5.618111287579828916e-01 -3.788592335835274105e-01
0.000000000000000000e+00 -5.593876153502020943e-01 -3.759168087353705334e-01
0.000000000000000000e+00 -5.568834116976565385e-01 -3.730558064501429127e-01
0.000000000000000000e+00 -5.543030283584184925e-01 -3.702783605584797910e-01
0.000000000000000000e+00 -5.516508292585575735e-01 -3.675862303262460440e-01
0.000000000000000000e+00 -5.489310055764192731e-01 -3.649807944557914019e-01
0.000000000000000000e+00 -5.461475522668903793e-01 -3.624630489789674725e-01
0.000000000000000000e+00 -5.433042475134072236e-01 -3.600336092180810299e-01
0.000000000000000000e+00 -5.404046353633238375e-01 -3.576927159363015307e-01
0.000000000000000000e+00 -5.374520117663533769e-01 -3.554402457409271965e-01
0.000000000000000000e+00 -5.344494141965602241e-01 -3.532757257421601516e-01
0.000000000000000000e+00 -5.313996149962553206e-01 -3.511983524075965035e-01
0.000000000000000000e+00 -5.283051185356953949e-01 -3.492070144894371952e-01
0.000000000000000000e+00 -5.251681622362260882e-01 -3.473003198384602142e-01
0.000000000000000000e+00 -5.219907214570578269e-01 -3.454766258570529658e-01
0.000000000000000000e+00 -5.187745181978327125e-01 -3.437340732840818425e-01
0.000000000000000000e+00 -5.155210335211402040e-01 -3.420706229480355853e-01
0.000000000000000000e+00 -5.122315235518385412e-01 -3.404840950726530369e-01
0.000000000000000000e+00 -5.089070388640368758e-01 -3.389722106720263750e-01
0.000000000000000000e+00 -5.055484470225350968e-01 -3.375326345307591014e-01
0.000000000000000000e+00 -5.021564580039979964e-01 -3.361630192299018827e-01
0.000000000000000000e+00 -4.987316521847241502e-01 -3.348610496517371860e-01
0.000000000000000000e+00 -4.952745105471029752e-01 -3.336244873765673580e-01
0.000000000000000000e+00 -4.917854467262188223e-01 -3.324512143729251301e-01
0.000000000000000000e+00 -4.882648404919955887e-01 -3.313392753793783507e-01
0.000000000000000000e+00 -4.847130722411632231e-01 -3.302869183815228538e-01
0.000000000000000000e+00 -4.811305580574767871e-01 -3.292926326019157690e-01
0.000000000000000000e+00 -4.775177848882756759e-01 -3.283551834435124439e-01
0.000000000000000000e+00 -4.738753453808131066e-01 -3.274736438584289200e-01
0.000000000000000000e+00 -4.702039719228969794e-01 -3.266474216532194164e-01
0.000000000000000000e+00 -4.665045694392975228e-01 -3.258762822888715549e-01
0.000000000000000000e+00 -4.627782465080166330e-01 -3.251603667877955295e-01
0.000000000000000000e+00 -4.590263443787619413e-01 -3.245002044205185787e-01
0.000000000000000000e+00 -4.552504634995897526e-01 -3.238967199107923300e-01
0.000000000000000000e+00 -4.514524871864059596e-01 -3.233512349684926623e-01
0.000000000000000000e+00 -4.476346021034772193e-01 -3.228654640340572479e-01
0.000000000000000000e+00 -4.437993152608890601e-01 -3.224415041952407024e-01
0.000000000000000000e+00 -4.399494672765043024e-01 -3.220818193155766118e-01
0.000000000000000000e+00 -4.360882416949086182e-01 -3.217892184930124522e-01
0.000000000000000000e+00 -4.322191702034794414e-01 -3.215668290455776512e-01
0.000000000000000000e+00 -4.283461336354822402e-01 -3.214180642975298929e-01
0.000000000000000000e+00 -4.244733587013306275e-01 -3.213465865130832322e-01
0.000000000000000000e+00 -4.206054104411817707e-01 -3.213562653944569414e-01
0.000000000000000000e+00 -4.167471804441983396e-01 -3.214511326255750090e-01
0.000000000000000000e+00 -4.129038709314211686e-01 -3.216353330013126399e-01
0.000000000000000000e+00 -4.090809748495849441e-01 -3.219130727338477271e-01
0.000000000000000000e+00 -4.052842521717336388e-01 -3.222885655716343223e-01
0.000000000000000000e+00 -4.015197026465088803e-01 -3.227659774020862904e-01
0.000000000000000000e+00 -3.977935352809233716e-01 -3.233493700356750988e-01
0.000000000000000000e+00 -3.941121348807259395e-01 -3.240426448863653053e-01
0.000000000000000000e+00 -3.904820260076258265e-01 -3.248494872708195813e-01
0.000000000000000000e+00 -3.869098347432309293e-01 -3.257733120464486598e-01
0.000000000000000000e+00 -3.834022486751854641e-01 -3.268172112961159614e-01
0.000000000000000000e+00 -3.799659755413584139e-01 -3.279839047452658973e-01
0.000000000000000000e+00 -3.766077009827972222e-01 -3.292756935656761530e-01
0.000000000000000000e+00 -3.733340458653613414e-01 -3.306944181793426973e-01
0.000000000000000000e+00 -3.701515236333897674e-01 -3.322414206267263470e-01
0.000000000000000000e+00 -3.670664981564447094e-01 -3.339175120063647695e-01
0.000000000000000000e+00 -3.640851425221572346e-01 -3.357229454284839654e-01
0.000000000000000000e+00 -3.612133992146477901e-01 -3.376573948545826265e-01
0.000000000000000000e+00 -3.584569420990971200e-01 -3.397199401190046375e-01
0.000000000000000000e+00 -3.558211406091149609e-01 -3.419090583483032630e-01
0.000000000000000000e+00 -3.533110265049284049e-01 -3.442226219108532326e-01
0.000000000000000000e+00 -3.509312635375109179e-01 -3.466579029438494053e-01
0.000000000000000000e+00 -3.486861203170687484e-01 -3.492115844187363982e-01
0.000000000000000000e+00 -3.465794466442927435e-01 -3.518797776204478089e-01
0.000000000000000000e+00 -3.446146535200435568e-01 -3.546580458318084883e-01
0.000000000000000000e+00 -3.427946970042342056e-01 -3.575414339332253499e-01
0.000000000000000000e+00 -3.411220660482279787e-01 -3.605245035505408313e-01
0.000000000000000000e+00 -3.395987743776890389e-01 -3.636013733116840174e-01
0.000000000000000000e+00 -3.382263564551524770e-01 -3.667657637065838694e-01
0.000000000000000000e+00 -3.370058675042227336e-01 -3.700110459856004730e-01
0.000000000000000000e+00 -3.359378875308967061e-01 -3.733302944803194579e-01
0.000000000000000000e+00 -3.350225292326127202e-01 -3.767163416876534443e-01
0.000000000000000000e+00 -3.342594496428221706e-01 -3.801618354243856412e-01
0.000000000000000000e+00 -3.336478653186848997e-01 -3.836592973350305136e-01
0.000000000000000000e+00 -3.331865708423937811e-01 -3.872011820214987798e-01
0.000000000000000000e+00 -3.327080519563636596e-01 -3.943880561659747208e-01
