0.000000000000000000e+00 -3.998752466422415136e-02 3.920344157226616777e-01
0.000000000000000000e+00 -3.981168707348807512e-02 3.883426016902595257e-01
0.000000000000000000e+00 -3.978292220444416827e-02 3.846475373246195373e-01
0.000000000000000000e+00 -3.990142256400963650e-02 3.809536337742968071e-01
0.000000000000000000e+00 -4.016714149992577781e-02 3.772653173897697609e-01
0.000000000000000000e+00 -4.057979273328379821e-02 3.735870236446177661e-01
0.000000000000000000e+00 -4.113885025112572202e-02 3.699231909067895452e-01
0.000000000000000000e+00 -4.184354857158806285e-02 3.662782540009408283e-01
0.000000000000000000e+00 -4.269288340399650383e-02 3.626566375063808856e-01
0.000000000000000000e+00 -4.368561273571651415e-02 3.590627487405884666e-01
0.000000000000000000e+00 -4.482025838614401431e-02 3.555009703854528080e-01
0.000000000000000000e+00 -4.609510807571951668e-02 3.519756527222246412e-01
0.000000000000000000e+00 -4.750821806403673908e-02 3.484911054514606699e-01
0.000000000000000000e+00 -4.905741641577339440e-02 3.450515890858242285e-01
0.000000000000000000e+00 -5.074030695612254810e-02 3.416613059162271759e-01
0.000000000000000000e+00 -5.255427397849410376e-02 3.383243905652313366e-01
0.000000000000000000e+00 -5.449648776637905367e-02 3.350449001555882433e-01
0.000000000000000000e+00 -5.656391098835121534e-02 3.318268041360149523e-01
0.000000000000000000e+00 -5.875330602019429582e-02 3.286739738204811356e-01
0.000000000000000000e+00 -6.106124324109544338e-02 3.255901717111233662e-01
0.000000000000000000e+00 -6.348411034179951562e-02 3.225790406881157701e-01
0.000000000000000000e+00 -6.601812267166624892e-02 3.196440931621126746e-01
0.000000000000000000e+00 -6.865933463885728893e-02 3.167887002959730025e-01
0.000000000000000000e+00 -7.140365216357981437e-02 3.140160814121017441e-01
0.000000000000000000e+00 -7.424684616864589415e-02 3.113292937096756585e-01
0.000000000000000000e+00 -7.718456707481856360e-02 3.087312224220312706e-01
0.000000000000000000e+00 -8.021236025079271637e-02 3.062245715484078756e-01
0.000000000000000000e+00 -8.332568234949652708e-02 3.038118552959021557e-01
0.000000000000000000e+00 -8.651991844403225662e-02 3.014953903667915713e-01
0.000000000000000000e+00 -8.979039985833475734e-02 2.992772892232491433e-01
0.000000000000000000e+00 -9.313242256986364875e-02 2.971594544558677220e-01
0.000000000000000000e+00 -9.654126604471204021e-02 2.951435743743487938e-01
0.000000000000000000e+00 -1.000122123497558385e-01 2.932311199282448544e-01
0.000000000000000000e+00 -1.035405653722216573e-01 2.914233430528681557e-01
0.000000000000000000e+00 -1.071216699646417025e-01 2.897212765205340324e-01
0.000000000000000000e+00 -1.107509308228866035e-01 2.881257353603730031e-01
0.000000000000000000e+00 -1.144238308971004675e-01 2.866373198912372522e-01
0.000000000000000000e+00 -1.181359491301408049e-01 2.852564203919983332e-01
0.000000000000000000e+00 -1.218829773157563134e-01 2.839832234120674981e-01
0.000000000000000000e+00 -1.256607358693763998e-01 2.828177197025781298e-01
0.000000000000000000e+00 -1.294651883081538168e-01 2.817597137256879769e-01
0.000000000000000000e+00 -1.332924542438627125e-01 2.808088346762296905e-01
0.000000000000000000e+00 -1.371388207024263339e-01 2.799645489268425824e-01
0.000000000000000000e+00 -1.410007515971942182e-01 2.792261737851013392e-01
0.000000000000000000e+00 -1.448748951995218748e-01 2.785928924294162057e-01
0.000000000000000000e+00 -1.487580894695864353e-01 2.780637698699535143e-01
0.000000000000000000e+00 -1.526473651325055692e-01 2.776377697618866991e-01
0.000000000000000000e+00 -1.565399464094808790e-01 2.773137718812653252e-01
0.000000000000000000e+00 -1.604332493405629390e-01 2.770905900589907267e-01
0.000000000000000000e+00 -1.643248776644186671e-01 2.769669903561073343e-01
0.000000000000000000e+00 -1.682126162507906197e-01 2.769417092541036074e-01
0.000000000000000000e+00 -1.720944221127834739e-01 2.770134716273749964e-01
0.000000000000000000e+00 -1.759684130582583328e-01 2.771810082616197324e-01
0.000000000000000000e+00 -1.798328540720149638e-01 2.774430726818254422e-01
0.000000000000000000e+00 -1.836861415526314933e-01 2.777984570567550437e-01
0.000000000000000000e+00 -1.875267855593321098e-01 2.782460069534757885e-01
0.000000000000000000e+00 -1.913533902545997145e-01 2.787846347254746560e-01
0.000000000000000000e+00 -1.951646327569664385e-01 2.794133313311988887e-01
0.000000000000000000e+00 -1.989592406450569617e-01 2.801311763963230672e-01
0.000000000000000000e+00 -2.027359683780801114e-01 2.809373463525048353e-01
0.000000000000000000e+00 -2.064935729191758884e-01 2.818311205076272086e-01
0.000000000000000000e+00 -2.102307888659398216e-01 2.828118849272713287e-01
0.000000000000000000e+00 -2.139463034067461134e-01 2.838791340341116909e-01
0.000000000000000000e+00 -2.176387314318840305e-01 2.850324698607307750e-01
0.000000000000000000e+00 -2.213065911347794068e-01 2.862715989216326196e-01
0.000000000000000000e+00 -2.249482804405148750e-01 2.875963267015963498e-01
0.000000000000000000e+00 -2.285620545963686912e-01 2.890065497895090707e-01
0.000000000000000000e+00 -2.321460052521110429e-01 2.905022457190286622e-01
0.000000000000000000e+00 -2.356980413463264090e-01 2.920834606093842267e-01
0.000000000000000000e+00 -2.392158720991479637e-01 2.937502947308738288e-01
0.000000000000000000e+00 -2.426969923916268423e-01 2.955028861497202008e-01
0.000000000000000000e+00 -2.461386707877106506e-01 2.973413926354500636e-01
0.000000000000000000e+00 -2.495379404267361600e-01 2.992659720404485246e-01
0.000000000000000000e+00 -2.528915929827558751e-01 3.012767613854125948e-01
0.000000000000000000e+00 -2.561961758523028654e-01 3.033738549057137246e-01
0.000000000000000000e+00 -2.594479926947551585e-01 3.055572813318510050e-01
0.000000000000000000e+00 -2.626431074097679841e-01 3.078269806919324836e-01
0.000000000000000000e+00 -2.657773515947904897e-01 3.101827809352299403e-01
0.000000000000000000e+00 -2.688463354830145091e-01 3.126243746830963399e-01
0.000000000000000000e+00 -2.718454623187595565e-01 3.151512964167952902e-01
0.000000000000000000e+00 -2.747699460838666785e-01 3.177629004109479016e-01
0.000000000000000000e+00 -2.776148324457249905e-01 3.204583397163586755e-01
0.000000000000000000e+00 -2.803750227556646712e-01 3.232365464869307314e-01
0.000000000000000000e+00 -2.830453008862038877e-01 3.260962139323306808e-01
0.000000000000000000e+00 -2.856203626575691823e-01 3.290357801611438204e-01
0.000000000000000000e+00 -2.880948475685661814e-01 3.320534141586685695e-01
0.000000000000000000e+00 -2.904633725147455769e-01 3.351470041194952176e-01
0.000000000000000000e+00 -2.927205671483493754e-01 3.383141483278805928e-01
0.000000000000000000e+00 -2.948611105101422991e-01 3.415521487490278951e-01
0.000000000000000000e+00 -2.968797685432999489e-01 3.448580074620950509e-01
0.000000000000000000e+00 -2.987714320843194438e-01 3.482284260314883473e-01
0.000000000000000000e+00 -3.005311549157034801e-01 3.516598078772378289e-01
0.000000000000000000e+00 -3.021541914600880951e-01 3.551482636684344385e-01
0.000000000000000000e+00 -3.036360336956651085e-01 3.586896197263553798e-01
0.000000000000000000e+00 -3.049724468782031850e-01 3.622794293865049808e-01
0.000000000000000000e+00 -3.061595036656697966e-01 3.659129872318546139e-01
0.000000000000000000e+00 -3.071936162572802553e-01 3.695853460735861740e-01
0.000000000000000000e+00 -3.080715661795715987e-01 3.732913365211086854e-01
0.000000000000000000e+00 -3.087905313775669014e-01 3.770255889504990354e-01
0.000000000000000000e+00 -3.093481102989444897e-01 3.807825576502629761e-01
0.000000000000000000e+00 -3.097423426929837298e-01 3.845565468958260791e-01
0.000000000000000000e+00 -3.099717268834957795e-01 3.883417386798271309e-01
0.000000000000000000e+00 -3.100352333154772766e-01 3.921322218044264174e-01
0.000000000000000000e+00 -3.099323142183365021e-01 3.959220220247394728e-01
0.000000000000000000e+00 -3.096629092736695177e-01 3.997051329194005187e-01
0.000000000000000000e+00 -3.092274472221218651e-01 4.034755471553196915e-01
0.000000000000000000e+00 -3.086268433912647824e-01 4.072272878090408277e-01
0.000000000000000000e+00 -3.078624931740104320e-01 4.109544394067999873e-01
0.000000000000000000e+00 -3.069362615342883238e-01 4.146511783494151726e-01
0.000000000000000000e+00 -3.058504686628735758e-01 4.183118023964527699e-01
0.000000000000000000e+00 -3.046078719508134025e-01 4.219307588965928169e-01
0.000000000000000000e+00 -3.032116444902543395e-01 4.255026714675698152e-01
0.000000000000000000e+00 -3.016653503520899116e-01 4.290223648492754727e-01
0.000000000000000000e+00 -2.999729169262185247e-01 4.324848876772816042e-01
0.000000000000000000e+00 -2.981386046428614600e-01 4.358855329508480314e-01
0.000000000000000000e+00 -2.961669744219323497e-01 4.392198559990490025e-01
0.000000000000000000e+00 -2.940628532215185942e-01 4.424836897805700109e-01
0.000000000000000000e+00 -2.918312980758402397e-01 4.456731573865548857e-01
0.000000000000000000e+00 -2.894775590273702126e-01 4.487846816511555925e-01
0.000000000000000000e+00 -2.870070413669706944e-01 4.518149918106715845e-01
0.000000000000000000e+00 -2.844252675998377167e-01 4.547611271888653550e-01
0.000000000000000000e+00 -2.817378395537428193e-01 4.576204379227115093e-01
0.000000000000000000e+00 -2.789504010395550404e-01 4.603905827789872562e-01
0.000000000000000000e+00 -2.760686014624676998e-01 4.630695241472467805e-01
0.000000000000000000e+00 -2.730980607659136972e-01 4.656555203283953559e-01
0.000000000000000000e+00 -2.700443360691069383e-01 4.681471152698284954e-01
0.000000000000000000e+00 -2.669128903338002234e-01 4.705431259275289491e-01
0.000000000000000000e+00 -2.637090633665907236e-01 4.728426274622433145e-01
0.000000000000000000e+00 -2.604380454303416581e-01 4.750449365005426361e-01
0.000000000000000000e+00 -2.571048537025076852e-01 4.771495927119440150e-01
0.000000000000000000e+00 -2.537143117798425496e-01 4.791563389700601028e-01
0.000000000000000000e+00 -2.502710323886784272e-01 4.810651003788004587e-01
0.000000000000000000e+00 -2.467794034182366758e-01 4.828759624538013773e-01
0.000000000000000000e+00 -2.432435773518512034e-01 4.845891487544704557e-01
0.000000000000000000e+00 -2.396674641281070772e-01 4.862049982632490330e-01
0.000000000000000000e+00 -2.360547274213131985e-01 4.877239428059736981e-01
0.000000000000000000e+00 -2.324087842889838162e-01 4.891464848006462640e-01
0.000000000000000000e+00 -2.287328080936499031e-01 4.904731756116420538e-01
0.000000000000000000e+00 -2.250297345678689831e-01 4.917045947725985355e-01
0.000000000000000000e+00 -2.213022708552356554e-01 4.928413303241792609e-01
0.000000000000000000e+00 -2.175529073269554248e-01 4.938839604928764171e-01
0.000000000000000000e+00 -2.137839319435288765e-01 4.948330369143456031e-01
0.000000000000000000e+00 -2.099974469046484438e-01 4.956890695797939728e-01
0.000000000000000000e+00 -2.061953873078195831e-01 4.964525136570837049e-01
0.000000000000000000e+00 -2.023795415177293278e-01 4.971237583098444546e-01
0.000000000000000000e+00 -1.985515729341470748e-01 4.977031176084722452e-01
0.000000000000000000e+00 -1.947130428362843779e-01 4.981908235968217635e-01
0.000000000000000000e+00 -1.908654339760901819e-01 4.985870215481523204e-01
0.000000000000000000e+00 -1.870101745919066916e-01 4.988917674138583225e-01
0.000000000000000000e+00 -1.831486625171741267e-01 4.991050274391537478e-01
0.000000000000000000e+00 -1.792822890663084978e-01 4.992266798915748760e-01
0.000000000000000000e+00 -1.754124623912929060e-01 4.992565188213058391e-01
0.000000000000000000e+00 -1.715406300176600951e-01 4.991942597472650012e-01
0.000000000000000000e+00 -1.676683002871160177e-01 4.990395471399511895e-01
0.000000000000000000e+00 -1.637970624557054666e-01 4.987919635514984074e-01
0.000000000000000000e+00 -1.599286052207821718e-01 4.984510402254980765e-01
0.000000000000000000e+00 -1.560647334767036043e-01 4.980162690040853546e-01
0.000000000000000000e+00 -1.522073831276853362e-01 4.974871153377301014e-01
0.000000000000000000e+00 -1.483586338161797524e-01 4.968630321942085759e-01
0.000000000000000000e+00 -1.445207194560144126e-01 4.961434746574219234e-01
0.000000000000000000e+00 -1.406960364908816929e-01 4.953279150040731382e-01
0.000000000000000000e+00 -1.368871498301454936e-01 4.944158580466765374e-01
0.000000000000000000e+00 -1.330967964448738494e-01 4.934068565348559421e-01
0.000000000000000000e+00 -1.293278866370886349e-01 4.923005264132603309e-01
0.000000000000000000e+00 -1.255835030240334826e-01 4.910965617435107400e-01
0.000000000000000000e+00 -1.218668973064207933e-01 4.897947491091677041e-01
0.000000000000000000e+00 -1.181814849147869301e-01 4.883949813365356385e-01
0.000000000000000000e+00 -1.145308376509550363e-01 4.868972703799060997e-01
0.000000000000000000e+00 -1.109186744619206078e-01 4.853017592372937949e-01
0.000000000000000000e+00 -1.073488505010213312e-01 4.836087327815011272e-01
0.000000000000000000e+00 -1.038253446458674706e-01 4.818186274111310730e-01
0.000000000000000000e+00 -1.003522456540791724e-01 4.799320394465980688e-01
0.000000000000000000e+00 -9.693373714634416494e-02 4.779497322169197759e-01
0.000000000000000000e+00 -9.357408161165935157e-02 4.758726418037603212e-01
0.000000000000000000e+00 -9.027760363189976656e-02 4.737018814294996494e-01
0.000000000000000000e+00 -8.704867252215485462e-02 4.714387444957005568e-01
0.000000000000000000e+00 -8.389168457972139004e-02 4.690847062969406567e-01
0.000000000000000000e+00 -8.081104512842500476e-02 4.666414244522714139e-01
0.000000000000000000e+00 -7.781115053627690736e-02 4.641107381123339981e-01
0.000000000000000000e+00 -7.489637037360835636e-02 4.614946660141653334e-01
0.000000000000000000e+00 -7.207102986604958794e-02 4.587954034677904080e-01
0.000000000000000000e+00 -6.933939278233328118e-02 4.560153183686792566e-01
0.000000000000000000e+00 -6.670564488123501001e-02 4.531569463379306328e-01
0.000000000000000000e+00 -6.417387802534407770e-02 4.502229850975802972e-01
0.000000000000000000e+00 -6.174807505213996545e-02 4.472162881916825761e-01
0.000000000000000000e+00 -5.943209547536167092e-02 4.441398581648163812e-01
0.000000000000000000e+00 -5.722966207225353014e-02 4.409968393084564564e-01
0.000000000000000000e+00 -5.514434839525590021e-02 4.377905100823528128e-01
0.000000000000000000e+00 -5.317956723041035449e-02 4.345242753127865898e-01
0.000000000000000000e+00 -5.133856000943366055e-02 4.312016582625064487e-01
0.000000000000000000e+00 -4.962438716835174818e-02 4.278262926584803227e-01
0.000000000000000000e+00 -4.803991943299412010e-02 4.244019147535614267e-01
0.000000000000000000e+00 -4.658783000072214131e-02 4.209323554870019191e-01
0.000000000000000000e+00 -4.527058757865203703e-02 4.174215327967223943e-01
0.000000000000000000e+00 -4.409045023145267972e-02 4.138734441236417982e-01
0.000000000000000000e+00 -4.304945998660777290e-02 4.102921591354649622e-01
0.000000000000000000e+00 -4.214943814187348953e-02 4.066818126844107262e-01
0.000000000000000000e+00 -4.139198121850723444e-02 4.030465980007226778e-01
0.000000000000000000e+00 -4.077845750464322017e-02 3.993907601117077655e-01
0.000000000000000000e+00 -3.998752466422415136e-02 3.920344157226616777e-01
