2.348734542859312324e-01 -7.693728571146053463e-01 0.000000000000000000e+00
2.425493618491880443e-01 -7.778755864174130563e-01 0.000000000000000000e+00
2.499701203573904684e-01 -7.868607175348465432e-01 0.000000000000000000e+00
2.569500342407306515e-01 -7.964034626916447479e-01 0.000000000000000000e+00
2.632548499497258665e-01 -8.065341263516154768e-01 0.000000000000000000e+00
2.686197643442241878e-01 -8.172307868875919867e-01 0.000000000000000000e+00
2.727725958239836657e-01 -8.284174484549572393e-01 0.000000000000000000e+00
2.754594415089955950e-01 -8.399679337274141844e-01 0.000000000000000000e+00
2.764697471470158319e-01 -8.517150829086876929e-01 0.000000000000000000e+00
2.756577310861342833e-01 -8.634641838061387631e-01 0.000000000000000000e+00
2.729575305393808771e-01 -8.750090661624070343e-01 0.000000000000000000e+00
2.683902196880580404e-01 -8.861490130344797933e-01 0.000000000000000000e+00
2.620618768160180023e-01 -8.967046043183487525e-01 0.000000000000000000e+00
2.541530090411190379e-01 -9.065308097490618611e-01 0.000000000000000000e+00
2.449007220284376007e-01 -9.155260551078439057e-01 0.000000000000000000e+00
2.345759010282955359e-01 -9.236365333476418416e-01 0.000000000000000000e+00
2.234582314948523052e-01 -9.308556423179072947e-01 0.000000000000000000e+00
2.118120618192645688e-01 -9.372190181448363244e-01 0.000000000000000000e+00
1.998658827869748134e-01 -9.427961208275297267e-01 0.000000000000000000e+00
1.877976107527873917e-01 -9.476796570302262745e-01 0.000000000000000000e+00
1.757270064753667094e-01 -9.519742608907170167e-01 0.000000000000000000e+00
1.637155665677998695e-01 -9.557857926638385626e-01 0.000000000000000000e+00
1.517732329895267462e-01 -9.592123811566156677e-01 0.000000000000000000e+00
1.398704159525898383e-01 -9.623379762456841791e-01 0.000000000000000000e+00
1.279532297947285902e-01 -9.652287540632525920e-01 0.000000000000000000e+00
1.159595716348517241e-01 -9.679322960188635472e-01 0.000000000000000000e+00
1.038337508118207797e-01 -9.704791042916198762e-01 0.000000000000000000e+00
9.153777364527369842e-02 -9.728857668478133602e-01 0.000000000000000000e+00
7.905802828305751040e-02 -9.751589699060178029e-01 0.000000000000000000e+00
6.640689140303134008e-02 -9.772995775543432684e-01 0.000000000000000000e+00
5.361957039933965691e-02 -9.793061377036563764e-01 0.000000000000000000e+00
4.074718335337042252e-02 -9.811773945472674896e-01 0.000000000000000000e+00
2.784756796534306952e-02 -9.829136441939105850e-01 0.000000000000000000e+00
1.497553819850876503e-02 -9.845170146501034392e-01 0.000000000000000000e+00
2.174255011873555896e-03 -9.859909428908891771e-01 0.000000000000000000e+00
-1.053092969104892779e-02 -9.873392323967651318e-01 0.000000000000000000e+00
-2.313529596519196818e-02 -9.885650931089352556e-01 0.000000000000000000e+00
-3.565398750919514942e-02 -9.896704987071133219e-01 0.000000000000000000e+00
-4.811799806399637280e-02 -9.906560651263598416e-01 0.000000000000000000e+00
-6.056776903313362825e-02 -9.915214913398594510e-01 0.000000000000000000e+00
-7.304559615034915410e-02 -9.922664445686740775e-01 0.000000000000000000e+00
-8.558816998792892483e-02 -9.928916501950545426e-01 0.000000000000000000e+00
-9.822047907401970646e-02 -9.933998857222736678e-01 0.000000000000000000e+00
-1.109520128458349048e-01 -9.937965889742750303e-01 0.000000000000000000e+00
-1.237757721426736846e-01 -9.940898694640623035e-01 0.000000000000000000e+00
-1.366701044192863979e-01 -9.942898410195590841e-01 0.000000000000000000e+00
-1.496029124807089217e-01 -9.944073459698015149e-01 0.000000000000000000e+00
-1.625374148926687912e-01 -9.944522846076491174e-01 0.000000000000000000e+00
-1.754384194129632035e-01 -9.944318680944584932e-01 0.000000000000000000e+00
-1.882780361678693670e-01 -9.943491557831091177e-01 0.000000000000000000e+00
-2.010399020359454336e-01 -9.942022082883721357e-01 0.000000000000000000e+00
-2.137212796012386840e-01 -9.939840887114659296e-01 0.000000000000000000e+00
-2.263327780697794445e-01 -9.936837929661028745e-01 0.000000000000000000e+00
-2.388958518718934665e-01 -9.932880134835266883e-01 0.000000000000000000e+00
-2.514385963905690358e-01 -9.927834716650827396e-01 0.000000000000000000e+00
-2.639906208309687474e-01 -9.921594258780983555e-01 0.000000000000000000e+00
-2.765778968056896159e-01 -9.914098996826808952e-01 0.000000000000000000e+00
-2.892184442030136804e-01 -9.905351940426513346e-01 0.000000000000000000e+00
-3.019195363323127768e-01 -9.895423478134899309e-01 0.000000000000000000e+00
-3.146768205125591300e-01 -9.884443782570592196e-01 0.000000000000000000e+00
-3.274754107896243327e-01 -9.872583405017988367e-01 0.000000000000000000e+00
-3.402926757485045250e-01 -9.860024564077557452e-01 0.000000000000000000e+00
-3.531021723792787115e-01 -9.846927417896672585e-01 0.000000000000000000e+00
-3.658780098461793528e-01 -9.833396734625248214e-01 0.000000000000000000e+00
-3.785988884154209977e-01 -9.819454615729954483e-01 0.000000000000000000e+00
-3.912511495336096212e-01 -9.805024202844115910e-01 0.000000000000000000e+00
-4.038303718832528255e-01 -9.789927696485247743e-01 0.000000000000000000e+00
-4.163413163862128008e-01 -9.773899774036186594e-01 0.000000000000000000e+00
-4.287963115609846332e-01 -9.756614971940023029e-01 0.000000000000000000e+00
-4.412124289363491547e-01 -9.737725209557261952e-01 0.000000000000000000e+00
-4.536079832918580301e-01 -9.716901786074128022e-01 0.000000000000000000e+00
-4.659989757571265656e-01 -9.693875204650597155e-01 0.000000000000000000e+00
-4.783960696012773961e-01 -9.668466260827469627e-01 0.000000000000000000e+00
-4.908025591132637588e-01 -9.640602994685281146e-01 0.000000000000000000e+00
-5.032135888931511536e-01 -9.610320189277413716e-01 0.000000000000000000e+00
-5.156166435735661802e-01 -9.577740786349839830e-01 0.000000000000000000e+00
-5.279931003431111991e-01 -9.543041462367638506e-01 0.000000000000000000e+00
-5.403204590104582206e-01 -9.506407202388365008e-01 0.000000000000000000e+00
-5.525747664900116929e-01 -9.467981601620719667e-01 0.000000000000000000e+00
-5.647327486853709333e-01 -9.427820496543397599e-01 0.000000000000000000e+00
-5.767732493450713482e-01 -9.385856221605511918e-01 0.000000000000000000e+00
-5.886777326757042239e-01 -9.341878334475328671e-01 0.000000000000000000e+00
-6.004298021243260619e-01 -9.295534268729792604e-01 0.000000000000000000e+00
-6.120138835559172374e-01 -9.246350426074902984e-01 0.000000000000000000e+00
-6.234133800237960932e-01 -9.193771172362735777e-01 0.000000000000000000e+00
-6.346086984940639830e-01 -9.137210533444721783e-01 0.000000000000000000e+00
-6.455755605752684367e-01 -9.076109519694135486e-01 0.000000000000000000e+00
-6.562839398438446992e-01 -9.009991235237837515e-01 0.000000000000000000e+00
-6.666978337134280563e-01 -8.938506366806996395e-01 0.000000000000000000e+00
-6.767759063141646214e-01 -8.861463219414070780e-01 0.000000000000000000e+00
-6.864728656622839376e-01 -8.778838910840531806e-01 0.000000000000000000e+00
-6.957412985983980613e-01 -8.690771253417599596e-01 0.000000000000000000e+00
-7.045336087719346052e-01 -8.597533765261784477e-01 0.000000000000000000e+00
-7.128037021642439353e-01 -8.499498693958922324e-01 0.000000000000000000e+00
-7.205081414965485154e-01 -8.397094515733432019e-01 0.000000000000000000e+00
-7.276066297559173890e-01 -8.290764850507672534e-01 0.000000000000000000e+00
-7.340618553640548827e-01 -8.180935051778545075e-01 0.000000000000000000e+00
-7.398389009188642840e-01 -8.067991028127312614e-01 0.000000000000000000e+00
-7.449045469641492057e-01 -7.952272439163086126e-01 0.000000000000000000e+00
-7.492268614801287363e-01 -7.834079709508338096e-01 0.000000000000000000e+00
-7.527754371703966330e-01 -7.713691792325887420e-01 0.000000000000000000e+00
-7.555225214538117129e-01 -7.591389726315718178e-01 0.000000000000000000e+00
-7.574450955065211710e-01 -7.467480094996311601e-01 0.000000000000000000e+00
-7.585277313887964779e-01 -7.342312676306441688e-01 0.000000000000000000e+00
-7.587658330025627285e-01 -7.216287831315673085e-01 0.000000000000000000e+00
-7.581686927248917351e-01 -7.089851299903781046e-01 0.000000000000000000e+00
-7.567617106326643972e-01 -6.963476671781124727e-01 0.000000000000000000e+00
-7.545871533194521419e-01 -6.837638415936417857e-01 0.000000000000000000e+00
-7.517029812189290894e-01 -6.712780502390401915e-01 0.000000000000000000e+00
-7.481795321397226584e-01 -6.589286930393416508e-01 0.000000000000000000e+00
-7.440941789065556033e-01 -6.467460623312664136e-01 0.000000000000000000e+00
-7.395244295329826967e-01 -6.347516090150898682e-01 0.000000000000000000e+00
-7.345402505410330019e-01 -6.229589122818083302e-01 0.000000000000000000e+00
-7.291966113071638445e-01 -6.113763922929280614e-01 0.000000000000000000e+00
-7.235273250323024374e-01 -6.000114897668101799e-01 0.000000000000000000e+00
-7.175411757821078540e-01 -5.888757461520273129e-01 0.000000000000000000e+00
-7.112210722901599613e-01 -5.779900037273586477e-01 0.000000000000000000e+00
-7.045265859566899325e-01 -5.673888465465906084e-01 0.000000000000000000e+00
-6.973997644244334104e-01 -5.571234429020823775e-01 0.000000000000000000e+00
-6.897736313205592440e-01 -5.472621282883162186e-01 0.000000000000000000e+00
-6.815823612917057961e-01 -5.378883625471845287e-01 0.000000000000000000e+00
-6.727718256898146398e-01 -5.290960643001025865e-01 0.000000000000000000e+00
-6.633090895733859682e-01 -5.209827149862291673e-01 0.000000000000000000e+00
-6.531895305479542557e-01 -5.136409741488364711e-01 0.000000000000000000e+00
-6.424405388991683008e-01 -5.071498020313458532e-01 0.000000000000000000e+00
-6.311212098095673184e-01 -5.015662035362388194e-01 0.000000000000000000e+00
-6.193179891383053803e-01 -4.969186679100376369e-01 0.000000000000000000e+00
-6.071368039868310085e-01 -4.932031837981164513e-01 0.000000000000000000e+00
-5.946927127064481899e-01 -4.903823859976086941e-01 0.000000000000000000e+00
-5.820984689715179572e-01 -4.883879846437219063e-01 0.000000000000000000e+00
-5.694535543909599040e-01 -4.871261988299411261e-01 0.000000000000000000e+00
-5.568351670009517029e-01 -4.864855276114583016e-01 0.000000000000000000e+00
-5.442923665531702593e-01 -4.863458987528002653e-01 0.000000000000000000e+00
-5.318441133548517108e-01 -4.865880813947602301e-01 0.000000000000000000e+00
-5.194813649513384535e-01 -4.871022536870793784e-01 0.000000000000000000e+00
-5.071728009007503424e-01 -4.877947766614316727e-01 0.000000000000000000e+00
-4.948732208886544304e-01 -4.885925139378093918e-01 0.000000000000000000e+00
-4.825332857648479412e-01 -4.894444069451958645e-01 0.000000000000000000e+00
-4.701091020244619889e-01 -4.903204093126196095e-01 0.000000000000000000e+00
-4.575702128815652414e-01 -4.912082417663652389e-01 0.000000000000000000e+00
-4.449048421746646942e-01 -4.921086972940393878e-01 0.000000000000000000e+00
-4.321216950279715419e-01 -4.930303680244488840e-01 0.000000000000000000e+00
-4.192481781410479780e-01 -4.939846638780012733e-01 0.000000000000000000e+00
-4.063254736329976469e-01 -4.949818555254233421e-01 0.000000000000000000e+00
-3.934013927542635569e-01 -4.960286291781710877e-01 0.000000000000000000e+00
-3.805222716512214887e-01 -4.971273333665729433e-01 0.000000000000000000e+00
-3.677252983079724036e-01 -4.982767820310944340e-01 0.000000000000000000e+00
-3.550325592515226059e-01 -4.994742074943407939e-01 0.000000000000000000e+00
-3.424477849102893767e-01 -5.007177754719749352e-01 0.000000000000000000e+00
-3.299563058680523020e-01 -5.020090099938252504e-01 0.000000000000000000e+00
-3.175281862587260862e-01 -5.033545358328397334e-01 0.000000000000000000e+00
-3.051239655500293524e-01 -5.047667149736980718e-01 0.000000000000000000e+00
-2.927020042919815102e-01 -5.062629981623885111e-01 0.000000000000000000e+00
-2.802261648771148805e-01 -5.078640862513220666e-01 0.000000000000000000e+00
-2.676725084528160936e-01 -5.095912478918726007e-01 0.000000000000000000e+00
-2.550338617597351920e-01 -5.114633234786902793e-01 0.000000000000000000e+00
-2.423214737948346242e-01 -5.134940259859833711e-01 0.000000000000000000e+00
-2.295634804794416117e-01 -5.156901118416584717e-01 0.000000000000000000e+00
-2.168004423689268712e-01 -5.180508449713850938e-01 0.000000000000000000e+00
-2.040787238155412076e-01 -5.205689407646346689e-01 0.000000000000000000e+00
-1.914428566313730595e-01 -5.232328961248705612e-01 0.000000000000000000e+00
-1.789282129915800434e-01 -5.260303378629936910e-01 0.000000000000000000e+00
-1.665552688015311811e-01 -5.289518052470150167e-01 0.000000000000000000e+00
-1.543264753662133004e-01 -5.319942652077134237e-01 0.000000000000000000e+00
-1.422263163724476753e-01 -5.351636655694897993e-01 0.000000000000000000e+00
-1.302245817391133320e-01 -5.384759663655210860e-01 0.000000000000000000e+00
-1.182823311822979312e-01 -5.419563328562884141e-01 0.000000000000000000e+00
-1.063595432530310692e-01 -5.456364874592268821e-01 0.000000000000000000e+00
-9.442313266359228519e-02 -5.495505488662403293e-01 0.000000000000000000e+00
-8.245392610386467758e-02 -5.537299776085786718e-01 0.000000000000000000e+00
-7.045133446552741263e-02 -5.581984454125176187e-01 0.000000000000000000e+00
-5.843482730528373748e-02 -5.629675120421288037e-01 0.000000000000000000e+00
-4.644184586423547034e-02 -5.680339102051989997e-01 0.000000000000000000e+00
-3.452239782402351242e-02 -5.733790136005867399e-01 0.000000000000000000e+00
-2.273115927868619990e-02 -5.789707269157264857e-01 0.000000000000000000e+00
-1.111836796988328012e-02 -5.847676412071364238e-01 0.000000000000000000e+00
2.789541617080004915e-04 -5.907249074015080703e-01 0.000000000000000000e+00
1.144391026357309896e-02 -5.968009603471047253e-01 0.000000000000000000e+00
2.238349090895791829e-02 -6.029640327144372147e-01 0.000000000000000000e+00
3.312839597095068589e-02 -6.091973702574118299e-01 0.000000000000000000e+00
4.372875892108764317e-02 -6.155022100899117943e-01 0.000000000000000000e+00
5.424630265881418695e-02 -6.218978957275113073e-01 0.000000000000000000e+00
6.474407943302751267e-02 -6.284189337012061616e-01 0.000000000000000000e+00
7.527540243168567846e-02 -6.351092825542323794e-01 0.000000000000000000e+00
8.587378189763962555e-02 -6.420146304919650548e-01 0.000000000000000000e+00
9.654559121266743926e-02 -6.491737875756992127e-01 0.000000000000000000e+00
1.072668117108913216e-01 -6.566105290276417206e-01 0.000000000000000000e+00
1.179845896457639709e-01 -6.643272374240172251e-01 0.000000000000000000e+00
1.286235757207923047e-01 -6.723014924759432853e-01 0.000000000000000000e+00
1.390962247986155531e-01 -6.804863692587680424e-01 0.000000000000000000e+00
1.493155375422019482e-01 -6.888146806713864034e-01 0.000000000000000000e+00
1.592082424023622822e-01 -6.972068120281643688e-01 0.000000000000000000e+00
1.687262313304833672e-01 -7.055812315708468452e-01 0.000000000000000000e+00
1.778542174300805911e-01 -7.138663061136160115e-01 0.000000000000000000e+00
1.866120670216063482e-01 -7.220117779316667095e-01 0.000000000000000000e+00
1.950510100139591363e-01 -7.299982142519458872e-01 0.000000000000000000e+00
2.032438452471773405e-01 -7.378429385345011138e-01 0.000000000000000000e+00
2.112701974914692193e-01 -7.456013719424526842e-01 0.000000000000000000e+00
2.191987076063947049e-01 -7.533632998678372328e-01 0.000000000000000000e+00
2.348734542859312324e-01 -7.693728571146053463e-01 0.000000000000000000e+00
