1.011555067634889269e+03 9.623272776741604275e+02 0.000000000000000000e+00
1.024307479378139760e+03 9.439026112070670251e+02 0.000000000000000000e+00
1.036345054899332808e+03 9.214518295403998991e+02 0.000000000000000000e+00
1.047569825653373982e+03 8.948123759202570682e+02 0.000000000000000000e+00
1.057373170115782841e+03 8.651563747343138857e+02 0.000000000000000000e+00
1.065240605601440393e+03 8.343320006536087021e+02 0.000000000000000000e+00
1.071224436158558092e+03 8.038823683360830046e+02 0.000000000000000000e+00
1.075957807219693677e+03 7.743732060464905089e+02 0.000000000000000000e+00
1.080233100901977195e+03 7.454021790890641341e+02 0.000000000000000000e+00
1.084483019351073608e+03 7.161786344078783486e+02 0.000000000000000000e+00
1.088554928046841496e+03 6.862042798402404742e+02 0.000000000000000000e+00
1.091930612832387624e+03 6.555884297029697336e+02 0.000000000000000000e+00
1.094203673201292531e+03 6.248550051026949177e+02 0.000000000000000000e+00
1.095443109001226276e+03 5.944770900784658352e+02 0.000000000000000000e+00
1.096175089417059326e+03 5.645311710653679711e+02 0.000000000000000000e+00
1.097015193966580000e+03 5.347119199597751731e+02 0.000000000000000000e+00
1.098245405235626095e+03 5.046402134928318333e+02 0.000000000000000000e+00
1.099657303973357330e+03 4.741823486476820335e+02 0.000000000000000000e+00
1.100765325257855011e+03 4.435283009280211672e+02 0.000000000000000000e+00
1.101208435499305779e+03 4.129987135433219692e+02 0.000000000000000000e+00
1.101026100485778443e+03 3.827690857046690098e+02 0.000000000000000000e+00
1.100608740760276305e+03 3.527437527384853979e+02 0.000000000000000000e+00
1.100383946251198267e+03 3.226655747504996725e+02 0.000000000000000000e+00
1.100499058826047303e+03 2.923468000619464533e+02 0.000000000000000000e+00
1.100747358948792680e+03 2.618191399027876400e+02 0.000000000000000000e+00
1.100780202697561435e+03 2.312868526605408590e+02 0.000000000000000000e+00
1.100420443799651821e+03 2.009398962864109990e+02 0.000000000000000000e+00
1.099822266904554908e+03 1.707952387236074117e+02 0.000000000000000000e+00
1.099356995856701360e+03 1.406968639203685711e+02 0.000000000000000000e+00
1.099328105488019901e+03 1.104618287928533107e+02 0.000000000000000000e+00
1.099750464877507738e+03 8.003810276898319387e+01 0.000000000000000000e+00
1.100367764114502052e+03 4.953988284534639064e+01 0.000000000000000000e+00
1.100884263879911032e+03 1.913912951796444517e+01 0.000000000000000000e+00
1.101215465854002787e+03 -1.108457039613424477e+01 0.000000000000000000e+00
1.101553437739195260e+03 -4.120496317115989626e+01 0.000000000000000000e+00
1.102198248273271929e+03 -7.137450515112236360e+01 0.000000000000000000e+00
1.103297425540332142e+03 -1.016868461587754240e+02 0.000000000000000000e+00
1.104706726256716365e+03 -1.320991030825067014e+02 0.000000000000000000e+00
1.106083719127866289e+03 -1.624782138130573514e+02 0.000000000000000000e+00
1.107136824095352040e+03 -1.927245278206649459e+02 0.000000000000000000e+00
1.107829964482125433e+03 -2.228604734086173949e+02 0.000000000000000000e+00
1.108383082395660267e+03 -2.530074429455796974e+02 0.000000000000000000e+00
1.109075019372377483e+03 -2.832753246649927519e+02 0.000000000000000000e+00
1.110011438355937571e+03 -3.136654870465767999e+02 0.000000000000000000e+00
1.111042265385450946e+03 -3.440731928698603497e+02 0.000000000000000000e+00
1.111887300160414952e+03 -3.743848770319364689e+02 0.000000000000000000e+00
1.112360392730541889e+03 -4.045812003275559050e+02 0.000000000000000000e+00
1.112507917314344922e+03 -4.347531145414285447e+02 0.000000000000000000e+00
1.112553092140052968e+03 -4.650174401975829142e+02 0.000000000000000000e+00
1.112698377990939889e+03 -4.954090999835540288e+02 0.000000000000000000e+00
1.112951737900113812e+03 -5.258479896646390443e+02 0.000000000000000000e+00
1.113118535164967170e+03 -5.562109000843572630e+02 0.000000000000000000e+00
1.112962149362825812e+03 -5.864434725376197548e+02 0.000000000000000000e+00
1.112397899374189365e+03 -6.166098163620209789e+02 0.000000000000000000e+00
1.111558725073490677e+03 -6.468327204688440588e+02 0.000000000000000000e+00
1.110676367159948768e+03 -6.771768028283514695e+02 0.000000000000000000e+00
1.109871136909567667e+03 -7.075809222916500403e+02 0.000000000000000000e+00
1.109015527331250041e+03 -7.379039659834211307e+02 0.000000000000000000e+00
1.107774941432954392e+03 -7.680447389815668657e+02 0.000000000000000000e+00
1.105784603342678565e+03 -7.980241899841553277e+02 0.000000000000000000e+00
1.102812426860271898e+03 -8.279446109095393922e+02 0.000000000000000000e+00
1.098770803914826274e+03 -8.578469924323172791e+02 0.000000000000000000e+00
1.093564650263954718e+03 -8.875816175184867234e+02 0.000000000000000000e+00
1.086899212099832084e+03 -9.168016264265427253e+02 0.000000000000000000e+00
1.078211704225226867e+03 -9.450833618099852629e+02 0.000000000000000000e+00
1.066804658533620795e+03 -9.720616477783962637e+02 0.000000000000000000e+00
1.052113020141815923e+03 -9.974498323177049315e+02 0.000000000000000000e+00
1.033941848053283593e+03 -1.020920398927317251e+03 0.000000000000000000e+00
1.012534478375272784e+03 -1.041967128762152697e+03 0.000000000000000000e+00
9.884482440631103373e+02 -1.059922849812936192e+03 0.000000000000000000e+00
9.623351014681524020e+02 -1.074203500718260784e+03 0.000000000000000000e+00
9.347630563949210227e+02 -1.084657277197190979e+03 0.000000000000000000e+00
9.061556539211632071e+02 -1.091772205307618606e+03 0.000000000000000000e+00
8.768289245863574024e+02 -1.096554536093819706e+03 0.000000000000000000e+00
8.470466408112300769e+02 -1.100109985040399806e+03 0.000000000000000000e+00
8.170316597298001398e+02 -1.103180500503217672e+03 0.000000000000000000e+00
7.869345688468566777e+02 -1.105935966230842041e+03 0.000000000000000000e+00
7.568087556682272634e+02 -1.108144546063958614e+03 0.000000000000000000e+00
7.266335641422324443e+02 -1.109572676404736285e+03 0.000000000000000000e+00
6.963778150779830867e+02 -1.110303696239146348e+03 0.000000000000000000e+00
6.660543696827464828e+02 -1.110739993845072377e+03 0.000000000000000000e+00
6.357218352227178002e+02 -1.111309684683547175e+03 0.000000000000000000e+00
6.054363205207552028e+02 -1.112133816270039461e+03 0.000000000000000000e+00
5.752008897570311774e+02 -1.112937078364045874e+03 0.000000000000000000e+00
5.449620187347180718e+02 -1.113282235016078857e+03 0.000000000000000000e+00
5.146592203316700989e+02 -1.112939656589326205e+03 0.000000000000000000e+00
4.842847754885254972e+02 -1.112087738717294769e+03 0.000000000000000000e+00
4.538994406629961418e+02 -1.111174807372393843e+03 0.000000000000000000e+00
4.235874611507458098e+02 -1.110551325849756495e+03 0.000000000000000000e+00
3.933875013643428815e+02 -1.110174899673822665e+03 0.000000000000000000e+00
3.632584750036323840e+02 -1.109635435102356723e+03 0.000000000000000000e+00
3.331113803056192069e+02 -1.108480829100004939e+03 0.000000000000000000e+00
3.028852943047425015e+02 -1.106559590819534378e+03 0.000000000000000000e+00
2.726148161860765526e+02 -1.104058287491740884e+03 0.000000000000000000e+00
2.424541065139994771e+02 -1.101146026167491982e+03 0.000000000000000000e+00
2.126706285062954862e+02 -1.097470646369331462e+03 0.000000000000000000e+00
1.836517745956079750e+02 -1.091916622159736107e+03 0.000000000000000000e+00
1.559461686106149045e+02 -1.082886454858272828e+03 0.000000000000000000e+00
1.303028189242490100e+02 -1.068999973998012365e+03 0.000000000000000000e+00
1.076296725724660490e+02 -1.049789496095540926e+03 0.000000000000000000e+00
8.881731530997529944e+01 -1.025944043167341533e+03 0.000000000000000000e+00
7.446132617059491565e+01 -9.989484517623998272e+02 0.000000000000000000e+00
6.460877585277974333e+01 -9.703620664102477349e+02 0.000000000000000000e+00
5.867650915715920235e+01 -9.411989032163014599e+02 0.000000000000000000e+00
5.561155116704732393e+01 -9.117592397112699700e+02 0.000000000000000000e+00
5.423024623810205469e+01 -8.819209182481171183e+02 0.000000000000000000e+00
5.357076673944295209e+01 -8.515894299059402783e+02 0.000000000000000000e+00
5.309281807500529027e+01 -8.209494795679637491e+02 0.000000000000000000e+00
5.265785451128063954e+01 -7.903723416878972330e+02 0.000000000000000000e+00
5.235276262386381774e+01 -7.601249195633358795e+02 0.000000000000000000e+00
5.229292509783967091e+01 -7.301656158671991079e+02 0.000000000000000000e+00
5.251649773302972335e+01 -7.002057699041753267e+02 0.000000000000000000e+00
5.299218305774072491e+01 -6.699726633144043717e+02 0.000000000000000000e+00
5.368135974718562409e+01 -6.394410395076130271e+02 0.000000000000000000e+00
5.457870286760567780e+01 -6.088394782170529425e+02 0.000000000000000000e+00
5.570232179575686615e+01 -5.784397589445850372e+02 0.000000000000000000e+00
5.706431843229161416e+01 -5.483224852646883392e+02 0.000000000000000000e+00
5.867193333722730841e+01 -5.183241119667324028e+02 0.000000000000000000e+00
6.057605018291017274e+01 -4.882055868720393050e+02 0.000000000000000000e+00
6.293336630607063142e+01 -4.578886490996647467e+02 0.000000000000000000e+00
6.602948559833851050e+01 -4.275516013312182508e+02 0.000000000000000000e+00
7.024012781406359807e+01 -3.975074789435492448e+02 0.000000000000000000e+00
7.595855268545108174e+01 -3.679873525328312098e+02 0.000000000000000000e+00
8.354176971515380501e+01 -3.390421238368581953e+02 0.000000000000000000e+00
9.330271426064552998e+01 -3.106723852416711793e+02 0.000000000000000000e+00
1.055229063389431019e+02 -2.830815045071154259e+02 0.000000000000000000e+00
1.204297989362409993e+02 -2.568075510024727919e+02 0.000000000000000000e+00
1.381077070238847568e+02 -2.325557865018841994e+02 0.000000000000000000e+00
1.583755899115773786e+02 -2.107864344120953604e+02 0.000000000000000000e+00
1.807155900157268889e+02 -1.913286515990905912e+02 0.000000000000000000e+00
2.043252563343288557e+02 -1.733097740317435296e+02 0.000000000000000000e+00
2.282931601664878087e+02 -1.554805360100108658e+02 0.000000000000000000e+00
2.518128640227982373e+02 -1.367356213629670947e+02 0.000000000000000000e+00
2.743178714000766831e+02 -1.164913687385020324e+02 0.000000000000000000e+00
2.954671990507468990e+02 -9.469626364263135088e+01 0.000000000000000000e+00
3.150057399612335871e+02 -7.152643693458259122e+01 0.000000000000000000e+00
3.325992661317231409e+02 -4.704268804739847099e+01 0.000000000000000000e+00
3.477504110935845461e+02 -2.108661407897876927e+01 0.000000000000000000e+00
3.598413065382555942e+02 6.521095415536422024e+00 0.000000000000000000e+00
3.682694153474917016e+02 3.567023260988285926e+01 0.000000000000000000e+00
3.725999907723056026e+02 6.581794864917604571e+01 0.000000000000000000e+00
3.726706261884672813e+02 9.615217173148344898e+01 0.000000000000000000e+00
3.686258085773512789e+02 1.259506435605336492e+02 0.000000000000000000e+00
3.608916580430805539e+02 1.548689637700912272e+02 0.000000000000000000e+00
3.501041112137810387e+02 1.829525477311708528e+02 0.000000000000000000e+00
3.369936498477815121e+02 2.103905499306310958e+02 0.000000000000000000e+00
3.222360128012086307e+02 2.372304615807726975e+02 0.000000000000000000e+00
3.063099938631395389e+02 2.632899462521984333e+02 0.000000000000000000e+00
2.894339177071336167e+02 2.883299150355078382e+02 0.000000000000000000e+00
2.716412904234054508e+02 3.123362515023628703e+02 0.000000000000000000e+00
2.529891015733711299e+02 3.356734431054226775e+02 0.000000000000000000e+00
2.338033784280056011e+02 3.589836429027403710e+02 0.000000000000000000e+00
2.148195622813150578e+02 3.829106060216063838e+02 0.000000000000000000e+00
1.971148348305728746e+02 4.078572286490053784e+02 0.000000000000000000e+00
1.818417143607921105e+02 4.339372013981722489e+02 0.000000000000000000e+00
1.698880296963453986e+02 4.611070226963421419e+02 0.000000000000000000e+00
1.616312619695212049e+02 4.893190926339172506e+02 0.000000000000000000e+00
1.568972904172385654e+02 5.185432495226566516e+02 0.000000000000000000e+00
1.551160311146057893e+02 5.486499874372583463e+02 0.000000000000000000e+00
1.555684184466180682e+02 5.792980117898356411e+02 0.000000000000000000e+00
1.575990824232067666e+02 6.099829631304904751e+02 0.000000000000000000e+00
1.607249088180815306e+02 6.402639274328246302e+02 0.000000000000000000e+00
1.646477921309556223e+02 6.700100840817283370e+02 0.000000000000000000e+00
1.692223097423457148e+02 6.994594620376517469e+02 0.000000000000000000e+00
1.744184896396928650e+02 7.290127505194163859e+02 0.000000000000000000e+00
1.802860983896307800e+02 7.588984997208962113e+02 0.000000000000000000e+00
1.869124020815880272e+02 7.889637018172023772e+02 0.000000000000000000e+00
1.943833167222636007e+02 8.187573919388464674e+02 0.000000000000000000e+00
2.027810468743214756e+02 8.478427202638820290e+02 0.000000000000000000e+00
2.122415843447154202e+02 8.760795870734614255e+02 0.000000000000000000e+00
2.230459188269252024e+02 9.036284293409870543e+02 0.000000000000000000e+00
2.356679463528614633e+02 9.306410481005602833e+02 0.000000000000000000e+00
2.507031273017140620e+02 9.568623826843030429e+02 0.000000000000000000e+00
2.686724141792386717e+02 9.814621778615490939e+02 0.000000000000000000e+00
2.897925827084437174e+02 1.003265180653791504e+03 0.000000000000000000e+00
3.138506103921631052e+02 1.021262521805746701e+03 0.000000000000000000e+00
3.402690228605609377e+02 1.035082360123746184e+03 0.000000000000000000e+00
3.683282462233710817e+02 1.045128246040997965e+03 0.000000000000000000e+00
3.974085153294327597e+02 1.052329340413127511e+03 0.000000000000000000e+00
4.271088578462452006e+02 1.057702296171303942e+03 0.000000000000000000e+00
4.572009158601869672e+02 1.062010101764224146e+03 0.000000000000000000e+00
4.875027085126744169e+02 1.065673505597881103e+03 0.000000000000000000e+00
5.178087765001006346e+02 1.068873432239625572e+03 0.000000000000000000e+00
5.479455948227654289e+02 1.071663791228704440e+03 0.000000000000000000e+00
5.778916384105777979e+02 1.073978956890461859e+03 0.000000000000000000e+00
6.078237940994029032e+02 1.075586602459600726e+03 0.000000000000000000e+00
6.380015217113357266e+02 1.076132922349362161e+03 0.000000000000000000e+00
6.685452171414058284e+02 1.075349951716065334e+03 0.000000000000000000e+00
6.992838128950752434e+02 1.073306823470933068e+03 0.000000000000000000e+00
7.298248755035098156e+02 1.070469468290670875e+03 0.000000000000000000e+00
7.598334472417557208e+02 1.067425509659826503e+03 0.000000000000000000e+00
7.893161208220515164e+02 1.064394181619986512e+03 0.000000000000000000e+00
8.186556424621511496e+02 1.060869199259319203e+03 0.000000000000000000e+00
8.482969193408655428e+02 1.055723477730898367e+03 0.000000000000000000e+00
8.782532516925469963e+02 1.047805030701777696e+03 0.000000000000000000e+00
9.077818158080943931e+02 1.036672063763373671e+03 0.000000000000000000e+00
9.355135304070175835e+02 1.022947357344145644e+03 0.000000000000000000e+00
9.600315662662806062e+02 1.007979530393005007e+03 0.000000000000000000e+00
9.805698699613327562e+02 9.929669875034085180e+02 0.000000000000000000e+00
1.011555067634889269e+03 9.623272776741604275e+02 0.000000000000000000e+00
