1.518810990374161625e-02 0.000000000000000000e+00 3.013301738449287726e-01
2.044733147315789396e-02 0.000000000000000000e+00 2.938000505452683653e-01
2.507375303886581405e-02 0.000000000000000000e+00 2.858735539232885592e-01
2.895486677171418138e-02 0.000000000000000000e+00 2.775430101657870297e-01
3.197892761792469479e-02 0.000000000000000000e+00 2.688295520371713487e-01
3.404164598334945974e-02 0.000000000000000000e+00 2.597845210882069877e-01
3.505294541974104255e-02 0.000000000000000000e+00 2.504882829961956325e-01
3.494321981051749793e-02 0.000000000000000000e+00 2.410464758188132495e-01
3.366854605547971863e-02 0.000000000000000000e+00 2.315839587354827644e-01
3.121438256254829499e-02 0.000000000000000000e+00 2.222369534552014469e-01
2.759740471280742666e-02 0.000000000000000000e+00 2.131440488477928663e-01
2.286528474010599346e-02 0.000000000000000000e+00 2.044368531573091397e-01
1.709440026006472588e-02 0.000000000000000000e+00 1.962311156687701896e-01
1.038563585568431924e-02 0.000000000000000000e+00 1.886190970813289292e-01
2.858608069285191195e-03 0.000000000000000000e+00 1.816638495155180610e-01
-5.355220381308294780e-03 0.000000000000000000e+00 1.753958852467716878e-01
-1.411997953773134681e-02 0.000000000000000000e+00 1.698124865658524885e-01
-2.330278727562284935e-02 0.000000000000000000e+00 1.648796607317603025e-01
-3.278051996880532171e-02 0.000000000000000000e+00 1.605364989166832568e-01
-4.244544826946161642e-02 0.000000000000000000e+00 1.567014808076395704e-01
-5.220934359386273510e-02 0.000000000000000000e+00 1.532800983827907748e-01
-6.200581077111046863e-02 0.000000000000000000e+00 1.501730691908324811e-01
-7.179077056487220831e-02 0.000000000000000000e+00 1.472843801292448573e-01
-8.154118540521208824e-02 0.000000000000000000e+00 1.445284483578899160e-01
-9.125227586817864778e-02 0.000000000000000000e+00 1.418357999607153808e-01
-1.009335993756151073e-01 0.000000000000000000e+00 1.391568357458817240e-01
-1.106044448980304101e-01 0.000000000000000000e+00 1.364634583022604764e-01
-1.202890313726350524e-01 0.000000000000000000e+00 1.337485530576523751e-01
-1.300119815506798893e-01 0.000000000000000000e+00 1.310235257778580853e-01
-1.397944807638366871e-01 0.000000000000000000e+00 1.283142785346675085e-01
-1.496514300660937713e-01 0.000000000000000000e+00 1.256561383530970522e-01
-1.595897774705700434e-01 0.000000000000000000e+00 1.230883258243657824e-01
-1.696080739460922027e-01 0.000000000000000000e+00 1.206485599237150236e-01
-1.796971675126371182e-01 0.000000000000000000e+00 1.183683420888182736e-01
-1.898418332310255197e-01 0.000000000000000000e+00 1.162693558371784702e-01
-2.000230506795751262e-01 0.000000000000000000e+00 1.143612717711269405e-01
-2.102205915278586856e-01 0.000000000000000000e+00 1.126410793652532216e-01
-2.204155715093311929e-01 0.000000000000000000e+00 1.110938957033757862e-01
-2.305926522581477622e-01 0.000000000000000000e+00 1.096950460243625858e-01
-2.407416435490437323e-01 0.000000000000000000e+00 1.084130876422193940e-01
-2.508583463193082563e-01 0.000000000000000000e+00 1.072133693358262446e-01
-2.609445798942611194e-01 0.000000000000000000e+00 1.060616890379424138e-01
-2.710074404979561091e-01 0.000000000000000000e+00 1.049276340487492465e-01
-2.810579302812588054e-01 0.000000000000000000e+00 1.037872547843511212e-01
-2.911091664489914854e-01 0.000000000000000000e+00 1.026248250830494868e-01
-3.011744212906236617e-01 0.000000000000000000e+00 1.014335656463505597e-01
-3.112652524063068693e-01 0.000000000000000000e+00 1.002153368006663964e-01
-3.213899585783340229e-01 0.000000000000000000e+00 9.897942700797376925e-02
-3.315525448091801164e-01 0.000000000000000000e+00 9.774066086378578599e-02
-3.417523074833512253e-01 0.000000000000000000e+00 9.651711449808264565e-02
-3.519840670874447297e-01 0.000000000000000000e+00 9.532775156309149234e-02
-3.622389921174932748e-01 0.000000000000000000e+00 9.419027849897254612e-02
-3.725058840807212168e-01 0.000000000000000000e+00 9.311946748550994912e-02
-3.827727386745860549e-01 0.000000000000000000e+00 9.212611753672060588e-02
-3.930283685371006031e-01 0.000000000000000000e+00 9.121672970330184371e-02
-4.032638713782472073e-01 0.000000000000000000e+00 9.039387397974785188e-02
-4.134737532416961070e-01 0.000000000000000000e+00 8.965713586524269585e-02
-4.236565661307113428e-01 0.000000000000000000e+00 8.900446058266144045e-02
-4.338149854488300705e-01 0.000000000000000000e+00 8.843367078601094278e-02
-4.439553269027917137e-01 0.000000000000000000e+00 8.794392343187383554e-02
-4.540865751182902033e-01 0.000000000000000000e+00 8.753689337520093039e-02
-4.642190580306745362e-01 0.000000000000000000e+00 8.721752109123290242e-02
-4.743629444444933396e-01 0.000000000000000000e+00 8.699423216768473188e-02
-4.845267617611426769e-01 0.000000000000000000e+00 8.687861687329377636e-02
-4.947161245674216445e-01 0.000000000000000000e+00 8.688463810931355835e-02
-5.049328336711573773e-01 0.000000000000000000e+00 8.702750464400345332e-02
-5.151744534991379298e-01 0.000000000000000000e+00 8.732239467149956191e-02
-5.254344103415767853e-01 0.000000000000000000e+00 8.778323620755008883e-02
-5.357025832406414612e-01 0.000000000000000000e+00 8.842174299668345561e-02
-5.459662925114907583e-01 0.000000000000000000e+00 8.924686868917609817e-02
-5.562115365723945271e-01 0.000000000000000000e+00 9.026478295045743672e-02
-5.664242929783883662e-01 0.000000000000000000e+00 9.147939879537471397e-02
-5.765916888722626421e-01 0.000000000000000000e+00 9.289340067222326414e-02
-5.867028610303622882e-01 0.000000000000000000e+00 9.450964823235641354e-02
-5.967493646083756875e-01 0.000000000000000000e+00 9.633277123268102482e-02
-6.067250478827711513e-01 0.000000000000000000e+00 9.837073463770525106e-02
-6.166253805875324678e-01 0.000000000000000000e+00 1.006361447932354464e-01
-6.264462971397380953e-01 0.000000000000000000e+00 1.031470890420931180e-01
-6.361826839007045375e-01 0.000000000000000000e+00 1.059273500857745715e-01
-6.458266930260160299e-01 0.000000000000000000e+00 1.090059070211770037e-01
-6.553660974950699103e-01 0.000000000000000000e+00 1.124157187814021769e-01
-6.647829081963334552e-01 0.000000000000000000e+00 1.161918724510098838e-01
-6.740524531879233949e-01 0.000000000000000000e+00 1.203692579287677228e-01
-6.831430734355331547e-01 0.000000000000000000e+00 1.249799918716834324e-01
-6.920165234889954498e-01 0.000000000000000000e+00 1.300508500612082008e-01
-7.006290872054532493e-01 0.000000000000000000e+00 1.356009736216243766e-01
-7.089333368609078700e-01 0.000000000000000000e+00 1.416400898545559783e-01
-7.168803884240744217e-01 0.000000000000000000e+00 1.481674355551710343e-01
-7.244224453768756122e-01 0.000000000000000000e+00 1.551714956989862504e-01
-7.315153855313017983e-01 0.000000000000000000e+00 1.626305821684201625e-01
-7.381211345139142566e-01 0.000000000000000000e+00 1.705141861640412093e-01
-7.442095875234774338e-01 0.000000000000000000e+00 1.787849548862882609e-01
-7.497598858282640277e-01 0.000000000000000000e+00 1.874010777684909368e-01
-7.547609213269421691e-01 0.000000000000000000e+00 1.963188276115371278e-01
-7.592110238447595805e-01 0.000000000000000000e+00 2.054949919450899110e-01
-7.631168724676204995e-01 0.000000000000000000e+00 2.148889507201754145e-01
-7.664917542963711750e-01 0.000000000000000000e+00 2.244642051983974929e-01
-7.693533622193438060e-01 0.000000000000000000e+00 2.341892334552256594e-01
-7.717213699473722821e-01 0.000000000000000000e+00 2.440376314782645717e-01
-7.736150424295662464e-01 0.000000000000000000e+00 2.539875851311838573e-01
-7.750511307701980490e-01 0.000000000000000000e+00 2.640207967488429341e-01
-7.760422641342867855e-01 0.000000000000000000e+00 2.741210513644371516e-01
-7.765959912775208807e-01 0.000000000000000000e+00 2.842726442955224031e-01
-7.767145483289978891e-01 0.000000000000000000e+00 2.944588998795003021e-01
-7.763953461660820787e-01 0.000000000000000000e+00 3.046609899907712360e-01
-7.756320897850605967e-01 0.000000000000000000e+00 3.148572136758750473e-01
-7.744163727567184852e-01 0.000000000000000000e+00 3.250228321380169150e-01
-7.727395399815648602e-01 0.000000000000000000e+00 3.351304751588522479e-01
-7.705945869933021886e-01 0.000000000000000000e+00 3.451510559714621729e-01
-7.679778664988137216e-01 0.000000000000000000e+00 3.550550617704441025e-01
-7.648904019506850283e-01 0.000000000000000000e+00 3.648140354297681465e-01
-7.613386598700045971e-01 0.000000000000000000e+00 3.744020372265275953e-01
-7.573347008886368581e-01 0.000000000000000000e+00 3.837968768956448451e-01
-7.528957057399101593e-01 0.000000000000000000e+00 3.929809360091466863e-01
-7.480429475399954509e-01 0.000000000000000000e+00 4.019414547216003109e-01
-7.428003467747257282e-01 0.000000000000000000e+00 4.106702284459624597e-01
-7.371927928569799171e-01 0.000000000000000000e+00 4.191627398320112996e-01
-7.312444405670062153e-01 0.000000000000000000e+00 4.274168291876542236e-01
-7.249771885679336947e-01 0.000000000000000000e+00 4.354310720497670539e-01
-7.184095210287586575e-01 0.000000000000000000e+00 4.432030772644489636e-01
-7.115558457092296951e-01 0.000000000000000000e+00 4.507279365319192266e-01
-7.044263987270881211e-01 0.000000000000000000e+00 4.579970441347364085e-01
-6.970277154845445633e-01 0.000000000000000000e+00 4.649974644860765394e-01
-6.893635975465872701e-01 0.000000000000000000e+00 4.717119598776247646e-01
-6.814364450772756321e-01 0.000000000000000000e+00 4.781197091897610441e-01
-6.732487809442065929e-01 0.000000000000000000e+00 4.841976603736768969e-01
-6.648047708859400329e-01 0.000000000000000000e+00 4.899223762329438792e-01
-6.561115465944779013e-01 0.000000000000000000e+00 4.952721650486887617e-01
-6.471801646249467632e-01 0.000000000000000000e+00 5.002292438226347837e-01
-6.380260802718542568e-01 0.000000000000000000e+00 5.047816684177693913e-01
-6.286690760879700690e-01 0.000000000000000000e+00 5.089247840644404164e-01
-6.191326520220239438e-01 0.000000000000000000e+00 5.126619999613882817e-01
-6.094429499147540064e-01 0.000000000000000000e+00 5.160047675417460677e-01
-5.996273412837115346e-01 0.000000000000000000e+00 5.189717346242869178e-01
-5.897128471543634509e-01 0.000000000000000000e+00 5.215871461115650920e-01
-5.797245774329651269e-01 0.000000000000000000e+00 5.238786541786362161e-01
-5.696843728692763120e-01 0.000000000000000000e+00 5.258747755893591336e-01
-5.596098057964322692e-01 0.000000000000000000e+00 5.276022813855147930e-01
-5.495136500865436258e-01 0.000000000000000000e+00 5.290838183516055615e-01
-5.394038719513445379e-01 0.000000000000000000e+00 5.303360399641993128e-01
-5.292841287442799914e-01 0.000000000000000000e+00 5.313684689153150842e-01
-5.191547008281911513e-01 0.000000000000000000e+00 5.321832298484071577e-01
-5.090137295546671714e-01 0.000000000000000000e+00 5.327756892539595723e-01
-4.988585988487383993e-01 0.000000000000000000e+00 5.331359315205833616e-01
-4.886872831082246238e-01 0.000000000000000000e+00 5.332508988820278129e-01
-4.784994917972673623e-01 0.000000000000000000e+00 5.331069408128746856e-01
-4.682974701080587776e-01 0.000000000000000000e+00 5.326924655833632505e-01
-4.580863615848803083e-01 0.000000000000000000e+00 5.320003700873274788e-01
-4.478740966636350351e-01 0.000000000000000000e+00 5.310299463365469874e-01
-4.376708332555868108e-01 0.000000000000000000e+00 5.297880221381022769e-01
-4.274880338691011694e-01 0.000000000000000000e+00 5.282891829118470106e-01
-4.173373108817460264e-01 0.000000000000000000e+00 5.265550310543115620e-01
-4.072292014375534785e-01 0.000000000000000000e+00 5.246125558049938853e-01
-3.971720422270672568e-01 0.000000000000000000e+00 5.224917962287561890e-01
-3.871711009619251409e-01 0.000000000000000000e+00 5.202230692895957187e-01
-3.772280873618085728e-01 0.000000000000000000e+00 5.178340928690986500e-01
-3.673411162409137010e-01 0.000000000000000000e+00 5.153473523967483372e-01
-3.575051352252552328e-01 0.000000000000000000e+00 5.127780365136810348e-01
-3.477127674649100331e-01 0.000000000000000000e+00 5.101328039201734610e-01
-3.379554634750134845e-01 0.000000000000000000e+00 5.074095471688895298e-01
-3.282248133101923204e-01 0.000000000000000000e+00 5.045982007018620097e-01
-3.185138463873045667e-01 0.000000000000000000e+00 5.016825138100383663e-01
-3.088181447853273198e-01 0.000000000000000000e+00 4.986425895992181445e-01
-2.991366173023750075e-01 0.000000000000000000e+00 4.954578931112122442e-01
-2.894718235336888323e-01 0.000000000000000000e+00 4.921103677965135703e-01
-2.798297946703062755e-01 0.000000000000000000e+00 4.885872780474216914e-01
-2.702193634513848086e-01 0.000000000000000000e+00 4.848834200257733373e-01
-2.606510813781000580e-01 0.000000000000000000e+00 4.810024116423146645e-01
-2.511358583953006707e-01 0.000000000000000000e+00 4.769568780036255173e-01
-2.416835011652559984e-01 0.000000000000000000e+00 4.727674790843981456e-01
-2.323013450903457233e-01 0.000000000000000000e+00 4.684608666815163747e-01
-2.229931693452676111e-01 0.000000000000000000e+00 4.640667911965337677e-01
-2.137585534204994586e-01 0.000000000000000000e+00 4.596146892236825376e-01
-2.045927813004149720e-01 0.000000000000000000e+00 4.551301563991157484e-01
-1.954873314937847495e-01 0.000000000000000000e+00 4.506317366663576407e-01
-1.864309159513894698e-01 0.000000000000000000e+00 4.461284345322316658e-01
-1.774109578758253647e-01 0.000000000000000000e+00 4.416182825126348521e-01
-1.684153370144169104e-01 0.000000000000000000e+00 4.370881792388452425e-01
-1.594341895370544604e-01 0.000000000000000000e+00 4.325150672745992630e-01
-1.504615341195532086e-01 0.000000000000000000e+00 4.278683601028776540e-01
-1.414965094055987693e-01 0.000000000000000000e+00 4.231133735138483121e-01
-1.325440500968982638e-01 0.000000000000000000e+00 4.182153861881897638e-01
-1.236148954174454001e-01 0.000000000000000000e+00 4.131438637841773343e-01
-1.147249072931722930e-01 0.000000000000000000e+00 4.078763422562819430e-01
-1.058937665279012230e-01 0.000000000000000000e+00 4.024014857066492978e-01
-9.714320245413429755e-02 0.000000000000000000e+00 3.967209114722170527e-01
-8.849498387478541006e-02 0.000000000000000000e+00 3.908495033462557333e-01
-7.996894678596629114e-02 0.000000000000000000e+00 3.848140997219169912e-01
-7.158135012627316052e-02 0.000000000000000000e+00 3.786506292050949019e-01
-6.334383089905053221e-02 0.000000000000000000e+00 3.723999512510377530e-01
-5.526317483069700248e-02 0.000000000000000000e+00 3.661028224881273108e-01
-4.734203285627128222e-02 0.000000000000000000e+00 3.597945313229493625e-01
-3.958060561352343826e-02 0.000000000000000000e+00 3.534998089846502767e-01
-3.197919924687699783e-02 0.000000000000000000e+00 3.472286250758408466e-01
-2.454143944724730686e-02 0.000000000000000000e+00 3.409734077460472301e-01
-1.727783039724158781e-02 0.000000000000000000e+00 3.347080980765273495e-01
-1.020927356241227088e-02 0.000000000000000000e+00 3.283892675158495145e-01
-3.370127809177603500e-03 0.000000000000000000e+00 3.219593144390433537e-01
3.189596987529483806e-03 0.000000000000000000e+00 3.153515332867137255e-01
1.518810990374161625e-02 0.000000000000000000e+00 3.013301738449287726e-01
