0.000000000000000000e+00 5.883738629859027736e-01 -6.591837077529189015e-01
0.000000000000000000e+00 5.870183799888752940e-01 -6.721378742050464483e-01
0.000000000000000000e+00 5.835724413386746967e-01 -6.851471253602622324e-01
0.000000000000000000e+00 5.782532078600710612e-01 -6.979931072078850995e-01
0.000000000000000000e+00 5.713200722472069337e-01 -7.104976004765838349e-01
0.000000000000000000e+00 5.630472708841517404e-01 -7.225318147931336643e-01
0.000000000000000000e+00 5.536978470626607862e-01 -7.340177986474688554e-01
0.000000000000000000e+00 5.435025019405459457e-01 -7.449226042975681805e-01
0.000000000000000000e+00 5.326459129045786334e-01 -7.552471175766909406e-01
0.000000000000000000e+00 5.212617354050516072e-01 -7.650123029620488069e-01
0.000000000000000000e+00 5.094359869237456984e-01 -7.742458657741164707e-01
0.000000000000000000e+00 4.972171202093664255e-01 -7.829719626856409542e-01
0.000000000000000000e+00 4.846300793471830515e-01 -7.912056966883416198e-01
0.000000000000000000e+00 4.716911722042990696e-01 -7.989529202153896614e-01
0.000000000000000000e+00 4.584207517123776721e-01 -8.062146107588806787e-01
0.000000000000000000e+00 4.448514199878155773e-01 -8.129940521808421972e-01
0.000000000000000000e+00 4.310305883512552949e-01 -8.193044720970928951e-01
0.000000000000000000e+00 4.170175038655967725e-01 -8.251747689668547103e-01
0.000000000000000000e+00 4.028760256137591811e-01 -8.306515025360849958e-01
0.000000000000000000e+00 3.886652676609138601e-01 -8.357962849513729253e-01
0.000000000000000000e+00 3.744305633132336553e-01 -8.406788707523550341e-01
0.000000000000000000e+00 3.601969972025311773e-01 -8.453673332424809228e-01
0.000000000000000000e+00 3.459670636613008110e-01 -8.499174813646358517e-01
0.000000000000000000e+00 3.317230067741139821e-01 -8.543639379284401203e-01
0.000000000000000000e+00 3.174333067012153897e-01 -8.587150030221275543e-01
0.000000000000000000e+00 3.030618385051435104e-01 -8.629526296053083856e-01
0.000000000000000000e+00 2.885776452234677381e-01 -8.670377191233986647e-01
0.000000000000000000e+00 2.739631565381889233e-01 -8.709197550716137881e-01
0.000000000000000000e+00 2.592190625118747094e-01 -8.745488011874860135e-01
0.000000000000000000e+00 2.443648256393731732e-01 -8.778873252341746758e-01
0.000000000000000000e+00 2.294348055333551295e-01 -8.809193022750667623e-01
0.000000000000000000e+00 2.144709551327946551e-01 -8.836546117839796377e-01
0.000000000000000000e+00 1.995138057985965663e-01 -8.861277525147290834e-01
0.000000000000000000e+00 1.845938239137375203e-01 -8.883911376262222381e-01
0.000000000000000000e+00 1.697251154048270705e-01 -8.905044265649492141e-01
0.000000000000000000e+00 1.549029042703067016e-01 -8.925222333160595101e-01
0.000000000000000000e+00 1.401053429355630930e-01 -8.944829232645977735e-01
0.000000000000000000e+00 1.252992226514413054e-01 -8.964009853488958957e-01
0.000000000000000000e+00 1.104482642356144489e-01 -8.982646871684388801e-01
0.000000000000000000e+00 9.552208294485214912e-02 -9.000395566353677212e-01
0.000000000000000000e+00 8.050376804864395330e-02 -9.016769403212194778e-01
0.000000000000000000e+00 6.539433235021820112e-02 -9.031257526582021633e-01
0.000000000000000000e+00 5.021299893464099828e-02 -9.043448059312895193e-01
0.000000000000000000e+00 3.499324170465865913e-02 -9.053129634195613562e-01
0.000000000000000000e+00 1.977546869238431745e-02 -9.060348249599771142e-01
0.000000000000000000e+00 4.598012405228981726e-03 -9.065406367839559110e-01
0.000000000000000000e+00 -1.051150750789908370e-02 -9.068804009119836307e-01
0.000000000000000000e+00 -2.554245100519818290e-02 -9.071134596563785735e-01
0.000000000000000000e+00 -4.050357943459346327e-02 -9.072958572886297146e-01
0.000000000000000000e+00 -5.542102415877621369e-02 -9.074683013132460729e-01
0.000000000000000000e+00 -7.033220918648754039e-02 -9.076474384287442909e-01
0.000000000000000000e+00 -8.527707042735591103e-02 -9.078224426542084169e-01
0.000000000000000000e+00 -1.002885559169832130e-01 -9.079577395719290456e-01
0.000000000000000000e+00 -1.153845891549016289e-01 -9.080013194142185773e-01
0.000000000000000000e+00 -1.305633796839825722e-01 -9.078968284435653402e-01
0.000000000000000000e+00 -1.458032308102765462e-01 -9.075967579551482700e-01
0.000000000000000000e+00 -1.610669833020150488e-01 -9.070737738900708225e-01
0.000000000000000000e+00 -1.763101709335950229e-01 -9.063276173654171153e-01
0.000000000000000000e+00 -1.914910897702341297e-01 -9.053859789747180642e-01
0.000000000000000000e+00 -2.065805010326758340e-01 -9.042990961191558208e-01
0.000000000000000000e+00 -2.215687156603968755e-01 -9.031292439636705582e-01
0.000000000000000000e+00 -2.364683527878903846e-01 -9.019374661307969498e-01
0.000000000000000000e+00 -2.513120130870175051e-01 -9.007705501808307424e-01
0.000000000000000000e+00 -2.661452558252949685e-01 -8.996512363792054101e-01
0.000000000000000000e+00 -2.810163597329859431e-01 -8.985739471799988332e-01
0.000000000000000000e+00 -2.959651325111161690e-01 -8.975070852203693716e-01
0.000000000000000000e+00 -3.110133245113195222e-01 -8.964014408670197831e-01
0.000000000000000000e+00 -3.261589174268041957e-01 -8.952028150706367038e-01
0.000000000000000000e+00 -3.413757449218853268e-01 -8.938659304318815613e-01
0.000000000000000000e+00 -3.566187261572782985e-01 -8.923663213918083814e-01
0.000000000000000000e+00 -3.718337096022644728e-01 -8.907072708627831181e-01
0.000000000000000000e+00 -3.869698209776868403e-01 -8.889199336496574899e-01
0.000000000000000000e+00 -4.019915431907842285e-01 -8.870563342849115962e-01
0.000000000000000000e+00 -4.168876965708519511e-01 -8.851766102248973533e-01
0.000000000000000000e+00 -4.316750738395440101e-01 -8.833333088078427764e-01
0.000000000000000000e+00 -4.463956119610671402e-01 -8.815563964782927586e-01
0.000000000000000000e+00 -4.611074222933382316e-01 -8.798426785426860519e-01
0.000000000000000000e+00 -4.758714411020321111e-01 -8.781525071636541169e-01
0.000000000000000000e+00 -4.907365792219156586e-01 -8.764151157653492508e-01
0.000000000000000000e+00 -5.057267730386385551e-01 -8.745419690047603334e-01
0.000000000000000000e+00 -5.208331171173334884e-01 -8.724455756803632944e-01
0.000000000000000000e+00 -5.360132960284965664e-01 -8.700597145794430887e-01
0.000000000000000000e+00 -5.511989963198146159e-01 -8.673563332820463101e-01
0.000000000000000000e+00 -5.663101709444677834e-01 -8.643547036704231079e-01
0.000000000000000000e+00 -5.812733261582202493e-01 -8.611197529458782807e-01
0.000000000000000000e+00 -5.960397830257972984e-01 -8.577486146970632053e-01
0.000000000000000000e+00 -6.105994299047331486e-01 -8.543469586514501612e-01
0.000000000000000000e+00 -6.249859791882981241e-01 -8.509990525480413126e-01
0.000000000000000000e+00 -6.392711358634258767e-01 -8.477372737594546237e-01
0.000000000000000000e+00 -6.535471539027741805e-01 -8.445175131034483584e-01
0.000000000000000000e+00 -6.678996247606505676e-01 -8.412063815327304184e-01
0.000000000000000000e+00 -6.823745535915674010e-01 -8.375843692323760026e-01
0.000000000000000000e+00 -6.969453825222283738e-01 -8.333663921728085011e-01
0.000000000000000000e+00 -7.114862618437040043e-01 -8.282379725216801880e-01
0.000000000000000000e+00 -7.257573651258490965e-01 -8.219022304579088889e-01
0.000000000000000000e+00 -7.394064217940274908e-01 -8.141305107526957130e-01
0.000000000000000000e+00 -7.519881444990238473e-01 -8.048083068239042515e-01
0.000000000000000000e+00 -7.630002775525019931e-01 -7.939684438533031186e-01
0.000000000000000000e+00 -7.719321057448402801e-01 -7.818052373614458039e-01
0.000000000000000000e+00 -7.783189631008058385e-01 -7.686662761253777454e-01
0.000000000000000000e+00 -7.817949973389539675e-01 -7.550220841639276870e-01
0.000000000000000000e+00 -7.821364305389824079e-01 -7.414175582575448509e-01
0.000000000000000000e+00 -7.792888367512870174e-01 -7.284121040677203895e-01
0.000000000000000000e+00 -7.733743272708035743e-01 -7.165172634654739525e-01
0.000000000000000000e+00 -7.646775922958781724e-01 -7.061410073829070821e-01
0.000000000000000000e+00 -7.536129694357955877e-01 -6.975467040772224125e-01
0.000000000000000000e+00 -7.406775444314186441e-01 -6.908322853334135649e-01
0.000000000000000000e+00 -7.263972610844741107e-01 -6.859317827100495091e-01
0.000000000000000000e+00 -7.112738091194756862e-01 -6.826377996847431406e-01
0.000000000000000000e+00 -6.957395684169318528e-01 -6.806402620833816863e-01
0.000000000000000000e+00 -6.801262420753230176e-01 -6.795744987351943767e-01
0.000000000000000000e+00 -6.646503350179447933e-01 -6.790707086417504534e-01
0.000000000000000000e+00 -6.494157897371785060e-01 -6.787972817798366698e-01
0.000000000000000000e+00 -6.344313827694836316e-01 -6.784921076723489097e-01
0.000000000000000000e+00 -6.196383731734139699e-01 -6.779785554165939088e-01
0.000000000000000000e+00 -6.049427064316840186e-01 -6.771657241974291530e-01
0.000000000000000000e+00 -5.902459584654058400e-01 -6.760352892944747616e-01
0.000000000000000000e+00 -5.754700977825178976e-01 -6.746193195339759141e-01
0.000000000000000000e+00 -5.605728116482596723e-01 -6.729744913704022169e-01
0.000000000000000000e+00 -5.455522208923423433e-01 -6.711580589369393612e-01
0.000000000000000000e+00 -5.304418833445143644e-01 -6.692098680328101290e-01
0.000000000000000000e+00 -5.152986744511314221e-01 -6.671429225768080729e-01
0.000000000000000000e+00 -5.001871535875236363e-01 -6.649429392304166964e-01
0.000000000000000000e+00 -4.851642431314674431e-01 -6.625754011451429060e-01
0.000000000000000000e+00 -4.702674962426910965e-01 -6.599972224681753818e-01
0.000000000000000000e+00 -4.555090872805549473e-01 -6.571695018254167797e-01
0.000000000000000000e+00 -4.408762063355394223e-01 -6.540680385637293037e-01
0.000000000000000000e+00 -4.263370959026257512e-01 -6.506891942601240597e-01
0.000000000000000000e+00 -4.118508252693128258e-01 -6.470500451609051407e-01
0.000000000000000000e+00 -3.973782645303119976e-01 -6.431832511942567887e-01
0.000000000000000000e+00 -3.828916828337814438e-01 -6.391283247825029212e-01
0.000000000000000000e+00 -3.683809125268773244e-01 -6.349217504395308076e-01
0.000000000000000000e+00 -3.538549385635521016e-01 -6.305885425213121342e-01
0.000000000000000000e+00 -3.393388649957790881e-01 -6.261373418295744786e-01
0.000000000000000000e+00 -3.248672315827626500e-01 -6.215601903653653615e-01
0.000000000000000000e+00 -3.104753902268497789e-01 -6.168369355418350519e-01
0.000000000000000000e+00 -2.961909651538193189e-01 -6.119430882239506042e-01
0.000000000000000000e+00 -2.820272740782501786e-01 -6.068591536854320845e-01
0.000000000000000000e+00 -2.679800427539846819e-01 -6.015791468383997476e-01
0.000000000000000000e+00 -2.540279462840110969e-01 -5.961162475155651341e-01
0.000000000000000000e+00 -2.401366466465839622e-01 -5.905042735553124311e-01
0.000000000000000000e+00 -2.262652582701713821e-01 -5.847946665029704061e-01
0.000000000000000000e+00 -2.123737140290660741e-01 -5.790497516213251039e-01
0.000000000000000000e+00 -1.984294049920795611e-01 -5.733339003511829235e-01
0.000000000000000000e+00 -1.844117277752042872e-01 -5.677046914896760610e-01
0.000000000000000000e+00 -1.703137146702693727e-01 -5.622061355831118323e-01
0.000000000000000000e+00 -1.561406089670686892e-01 -5.568655111267917235e-01
0.000000000000000000e+00 -1.419059227059491224e-01 -5.516944881600504003e-01
0.000000000000000000e+00 -1.276260304930683376e-01 -5.466941918608918538e-01
0.000000000000000000e+00 -1.133146083528475123e-01 -5.418629242672747814e-01
0.000000000000000000e+00 -9.897818134200733753e-02 -5.372046312241341992e-01
0.000000000000000000e+00 -8.461372611554057732e-02 -5.327360168831561937e-01
0.000000000000000000e+00 -7.020877059820482269e-02 -5.284905088057773037e-01
0.000000000000000000e+00 -5.574386328755490810e-02 -5.245179911303075038e-01
0.000000000000000000e+00 -4.119677686577496306e-02 -5.208801862564236274e-01
0.000000000000000000e+00 -2.654747026883885752e-02 -5.176425572455879420e-01
0.000000000000000000e+00 -1.178272221535515106e-02 -5.148643994536395985e-01
0.000000000000000000e+00 3.100524593226765789e-03 -5.125892129102161965e-01
0.000000000000000000e+00 1.809374984320843635e-02 -5.108374045315847711e-01
0.000000000000000000e+00 3.317758340565248737e-02 -5.096028746942079524e-01
0.000000000000000000e+00 4.832444403480032347e-02 -5.088542103139471751e-01
0.000000000000000000e+00 6.350249982396832804e-02 -5.085402246294136175e-01
0.000000000000000000e+00 7.868015283432037987e-02 -5.085986712786650932e-01
0.000000000000000000e+00 9.383022048865836962e-02 -5.089663169681967192e-01
0.000000000000000000e+00 1.089331219177392257e-01 -5.095883195816957034e-01
0.000000000000000000e+00 1.239786308106385765e-01 -5.104250704771412517e-01
0.000000000000000000e+00 1.389660599275906461e-01 -5.114552633977351714e-01
0.000000000000000000e+00 1.539030267717419187e-01 -5.126748040985014132e-01
0.000000000000000000e+00 1.688031600719703262e-01 -5.140920786484334259e-01
0.000000000000000000e+00 1.836832136597520149e-01 -5.157208519364162580e-01
0.000000000000000000e+00 1.985600583858173618e-01 -5.175725081875099942e-01
0.000000000000000000e+00 2.134479491417307917e-01 -5.196493850758437949e-01
0.000000000000000000e+00 2.283563521218525683e-01 -5.219405992151029405e-01
0.000000000000000000e+00 2.432885068500568460e-01 -5.244211108091380025e-01
0.000000000000000000e+00 2.582408156692198031e-01 -5.270539923979307151e-01
0.000000000000000000e+00 2.732031077574059719e-01 -5.297951407169211313e-01
0.000000000000000000e+00 2.881598017199175632e-01 -5.325991727088693617e-01
0.000000000000000000e+00 3.030919621161314303e-01 -5.354250886021754141e-01
0.000000000000000000e+00 3.179801795285808752e-01 -5.382404934776020555e-01
0.000000000000000000e+00 3.328080800898559066e-01 -5.410236798312387796e-01
0.000000000000000000e+00 3.475660898234274043e-01 -5.437635483872695907e-01
0.000000000000000000e+00 3.622548703104205292e-01 -5.464580029649769299e-01
0.000000000000000000e+00 3.768876585115100708e-01 -5.491119207277838088e-01
0.000000000000000000e+00 3.914906523135931460e-01 -5.517359415054038374e-01
0.000000000000000000e+00 4.061006482880833990e-01 -5.543470887131610736e-01
0.000000000000000000e+00 4.207593999214859215e-01 -5.569716735660544815e-01
0.000000000000000000e+00 4.355046240610206953e-01 -5.596501740693368143e-01
0.000000000000000000e+00 4.503581924264460912e-01 -5.624430085750132813e-01
0.000000000000000000e+00 4.653127086884647490e-01 -5.654355426995356648e-01
0.000000000000000000e+00 4.803182616453445242e-01 -5.687404463317008441e-01
0.000000000000000000e+00 4.952715242443753718e-01 -5.724957466840741027e-01
0.000000000000000000e+00 5.100094199587443811e-01 -5.768575946168240653e-01
0.000000000000000000e+00 5.243092351405659324e-01 -5.819877608109277345e-01
0.000000000000000000e+00 5.378963220622045016e-01 -5.880370079259592542e-01
0.000000000000000000e+00 5.504594952282581000e-01 -5.951265037210100584e-01
0.000000000000000000e+00 5.616730272591049511e-01 -6.033301163970629100e-01
0.000000000000000000e+00 5.712230016904650265e-01 -6.126605964190385833e-01
0.000000000000000000e+00 5.788348912439322813e-01 -6.230622295327493676e-01
0.000000000000000000e+00 5.842987842279492305e-01 -6.344115950879734012e-01
0.000000000000000000e+00 5.883738629859027736e-01 -6.591837077529189015e-01
