-8.580559676125566748e-02 0.000000000000000000e+00 -7.999408145368687439e-02
-8.540108011014427292e-02 0.000000000000000000e+00 -8.672155555673727312e-02
-8.508636854032719521e-02 0.000000000000000000e+00 -9.347909705862186835e-02
-8.485900690710432293e-02 0.000000000000000000e+00 -1.002800312948429889e-01
-8.471683093050759450e-02 0.000000000000000000e+00 -1.071360802413832830e-01
-8.465793350962570740e-02 0.000000000000000000e+00 -1.140567910625394782e-01
-8.468063750495410935e-02 0.000000000000000000e+00 -1.210490775756388609e-01
-8.478347692125152990e-02 0.000000000000000000e+00 -1.281168975726401926e-01
-8.496518836771946304e-02 0.000000000000000000e+00 -1.352610818483875321e-01
-8.522471452516926227e-02 0.000000000000000000e+00 -1.424793226644262278e-01
-8.556122108630305478e-02 0.000000000000000000e+00 -1.497663206761319643e-01
-8.597412823740435694e-02 0.000000000000000000e+00 -1.571140805627551928e-01
-8.646315720930058957e-02 0.000000000000000000e+00 -1.645123372324877042e-01
-8.702839174553536616e-02 0.000000000000000000e+00 -1.719490870197524501e-01
-8.767035353203367354e-02 0.000000000000000000e+00 -1.794111921963756073e-01
-8.839008973363236821e-02 0.000000000000000000e+00 -1.868850227565162503e-01
-8.918926982918443103e-02 0.000000000000000000e+00 -1.943570970859813951e-01
-9.007028797920142715e-02 0.000000000000000000e+00 -2.018146829551775712e-01
-9.103636625643579672e-02 0.000000000000000000e+00 -2.092463223220364654e-01
-9.209165328280613516e-02 0.000000000000000000e+00 -2.166422476086458104e-01
-9.324131220823428379e-02 0.000000000000000000e+00 -2.239946632096986023e-01
-9.449159159684901443e-02 0.000000000000000000e+00 -2.312978736748267095e-01
-9.584987270385091074e-02 0.000000000000000000e+00 -2.385482488568013704e-01
-9.732468687007310437e-02 0.000000000000000000e+00 -2.457440258374430364e-01
-9.892569735307089884e-02 0.000000000000000000e+00 -2.528849570927556578e-01
-1.006636408571927599e-01 0.000000000000000000e+00 -2.599718235851083969e-01
-1.025502253042327450e-01 0.000000000000000000e+00 -2.670058397391960048e-01
-1.045979819641089936e-01 0.000000000000000000e+00 -2.739879840863410632e-01
-1.068200718849861008e-01 0.000000000000000000e+00 -2.809182943436444035e-01
-1.092300485500684870e-01 0.000000000000000000e+00 -2.877951685286814221e-01
-1.118415807551393359e-01 0.000000000000000000e+00 -2.946147142161092414e-01
-1.146681417477507792e-01 0.000000000000000000e+00 -3.013701861711778895e-01
-1.177226725915438144e-01 0.000000000000000000e+00 -3.080515484340019539e-01
-1.210172294136485499e-01 0.000000000000000000e+00 -3.146451906960972544e-01
-1.245626255618826617e-01 0.000000000000000000e+00 -3.211338208449223686e-01
-1.283680806558557541e-01 0.000000000000000000e+00 -3.274965462908582814e-01
-1.324408889936007916e-01 0.000000000000000000e+00 -3.337091466472296153e-01
-1.367861197261230621e-01 0.000000000000000000e+00 -3.397445300663569090e-01
-1.414063606144388141e-01 0.000000000000000000e+00 -3.455733556156160846e-01
-1.463015160425095162e-01 0.000000000000000000e+00 -3.511647950602121981e-01
-1.514686683079588259e-01 0.000000000000000000e+00 -3.564873998060054117e-01
-1.569020091104079417e-01 0.000000000000000000e+00 -3.615100329686161129e-01
-1.625928456889292606e-01 0.000000000000000000e+00 -3.662028228927667328e-01
-1.685296833303751018e-01 0.000000000000000000e+00 -3.705380931450656390e-01
-1.746983830996350628e-01 0.000000000000000000e+00 -3.744912251082726518e-01
-1.810823907612507666e-01 0.000000000000000000e+00 -3.780414127437202731e-01
-1.876630301022943481e-01 0.000000000000000000e+00 -3.811722746582740795e-01
-1.944198513580911170e-01 0.000000000000000000e+00 -3.838722959916052169e-01
-2.013310233036459118e-01 0.000000000000000000e+00 -3.861350814079045901e-01
-2.083737559059613276e-01 0.000000000000000000e+00 -3.879594101381811377e-01
-2.155247393148789492e-01 0.000000000000000000e+00 -3.893490940342374529e-01
-2.227605844550450132e-01 0.000000000000000000e+00 -3.903126494085137899e-01
-2.300582505920673870e-01 0.000000000000000000e+00 -3.908628025085047475e-01
-2.373954459740789391e-01 0.000000000000000000e+00 -3.910158563223178896e-01
-2.447509889576627296e-01 0.000000000000000000e+00 -3.907909526213559914e-01
-2.521051188479762062e-01 0.000000000000000000e+00 -3.902092674043185494e-01
-2.594397479258055417e-01 0.000000000000000000e+00 -3.892931800168263901e-01
-2.667386486881822005e-01 0.000000000000000000e+00 -3.880654561116440582e-01
-2.739875730692195033e-01 0.000000000000000000e+00 -3.865484823423172012e-01
-2.811743032018695354e-01 0.000000000000000000e+00 -3.847635864272760386e-01
-2.882886359970155410e-01 0.000000000000000000e+00 -3.827304702715273454e-01
-2.953223063280803751e-01 0.000000000000000000e+00 -3.804667765698980242e-01
-3.022688558047569862e-01 0.000000000000000000e+00 -3.779878011878765043e-01
-3.091234559050703989e-01 0.000000000000000000e+00 -3.753063551119379393e-01
-3.158826955407685322e-01 0.000000000000000000e+00 -3.724327713798602502e-01
-3.225443439137166135e-01 0.000000000000000000e+00 -3.693750446227582751e-01
-3.291070997656060371e-01 0.000000000000000000e+00 -3.661390841070438218e-01
-3.355703378433652628e-01 0.000000000000000000e+00 -3.627290558168522194e-01
-3.419338626385671209e-01 0.000000000000000000e+00 -3.591477854342837173e-01
-3.481976782751451394e-01 0.000000000000000000e+00 -3.553971922185105714e-01
-3.543617818997393809e-01 0.000000000000000000e+00 -3.514787238041344741e-01
-3.604259861711885393e-01 0.000000000000000000e+00 -3.473937637687001811e-01
-3.663897745566025432e-01 0.000000000000000000e+00 -3.431439872858546014e-01
-3.722521912296528623e-01 0.000000000000000000e+00 -3.387316450162394244e-01
-3.780117655365521356e-01 0.000000000000000000e+00 -3.341597612484645263e-01
-3.836664693409864713e-01 0.000000000000000000e+00 -3.294322387893913184e-01
-3.892137041602039549e-01 0.000000000000000000e+00 -3.245538697904888914e-01
-3.946503139206386512e-01 0.000000000000000000e+00 -3.195302581582031842e-01
-3.999726184310301025e-01 0.000000000000000000e+00 -3.143676650294902619e-01
-4.051764623088880413e-01 0.000000000000000000e+00 -3.090727936471868165e-01
-4.102572740940885754e-01 0.000000000000000000e+00 -3.036525335627201505e-01
-4.152101306114043822e-01 0.000000000000000000e+00 -2.981136862316133840e-01
-4.200298222529882941e-01 0.000000000000000000e+00 -2.924626946533943062e-01
-4.247109156783561712e-01 0.000000000000000000e+00 -2.867053987461979925e-01
-4.292478113989540156e-01 0.000000000000000000e+00 -2.808468357409739657e-01
-4.336347947475452935e-01 0.000000000000000000e+00 -2.748911012245748853e-01
-4.378660797501685020e-01 0.000000000000000000e+00 -2.688412818253624326e-01
-4.419358463464878595e-01 0.000000000000000000e+00 -2.626994652472215974e-01
-4.458382721792445436e-01 0.000000000000000000e+00 -2.564668277816110620e-01
-4.495675607455020817e-01 0.000000000000000000e+00 -2.501437939377430530e-01
-4.531179680386109299e-01 0.000000000000000000e+00 -2.437302577908285195e-01
-4.564838298960429697e-01 0.000000000000000000e+00 -2.372258513843945038e-01
-4.596595921091992665e-01 0.000000000000000000e+00 -2.306302423055481832e-01
-4.626398449698371218e-01 0.000000000000000000e+00 -2.239434405794137606e-01
-4.654193633628280202e-01 0.000000000000000000e+00 -2.171660944138893989e-01
-4.679931528184168021e-01 0.000000000000000000e+00 -2.102997550907972357e-01
-4.703565011698670473e-01 0.000000000000000000e+00 -2.033470933760019583e-01
-4.725050346897380349e-01 0.000000000000000000e+00 -1.963120530555891585e-01
-4.744347768651357988e-01 0.000000000000000000e+00 -1.891999313701049346e-01
-4.761422073793500909e-01 0.000000000000000000e+00 -1.820173809283018307e-01
-4.776243184452863555e-01 0.000000000000000000e+00 -1.747723328110090124e-01
-4.788786654232055073e-01 0.000000000000000000e+00 -1.674738456826126431e-01
-4.799034086740743277e-01 0.000000000000000000e+00 -1.601318904754204520e-01
-4.806973438557748945e-01 0.000000000000000000e+00 -1.527570842913627269e-01
-4.812599183503147859e-01 0.000000000000000000e+00 -1.453603903137195008e-01
-4.815912321870743917e-01 0.000000000000000000e+00 -1.379528025404070934e-01
-4.816920226561346996e-01 0.000000000000000000e+00 -1.305450349176491276e-01
-4.815636327311487719e-01 0.000000000000000000e+00 -1.231472339299788388e-01
-4.812079643792288031e-01 0.000000000000000000e+00 -1.157687319362327855e-01
-4.806274187584903546e-01 0.000000000000000000e+00 -1.084178556598029974e-01
-4.798248261257858638e-01 0.000000000000000000e+00 -1.011018004456879366e-01
-4.788033689370192469e-01 0.000000000000000000e+00 -9.382657644631052507e-02
-4.775665020695469831e-01 0.000000000000000000e+00 -8.659702809335022289e-02
-4.761178742934720209e-01 0.000000000000000000e+00 -7.941692337583014516e-02
-4.744612550455872269e-01 0.000000000000000000e+00 -7.228910489708262332e-02
-4.726004702140044755e-01 0.000000000000000000e+00 -6.521569072534372236e-02
-4.705393500395421147e-01 0.000000000000000000e+00 -5.819830994393020845e-02
-4.682816914161829769e-01 0.000000000000000000e+00 -5.123835574871446474e-02
-4.658312358778909923e-01 0.000000000000000000e+00 -4.433723806355790997e-02
-4.631916634563215673e-01 0.000000000000000000e+00 -3.749661799999725459e-02
-4.603666014560872100e-01 0.000000000000000000e+00 -3.071860804509777068e-02
-4.573596460982509160e-01 0.000000000000000000e+00 -2.400592451047600662e-02
-4.541743940050003703e-01 0.000000000000000000e+00 -1.736198233322930676e-02
-4.508144797097277667e-01 0.000000000000000000e+00 -1.079092654310031228e-02
-4.472836148371861498e-01 0.000000000000000000e+00 -4.297599313037210773e-03
-4.435856243535291066e-01 0.000000000000000000e+00 2.112553819027436237e-03
-4.397244753632462144e-01 0.000000000000000000e+00 8.433630546504460729e-03
-4.357042943363915177e-01 0.000000000000000000e+00 1.465945932187866056e-02
-4.315293693707779599e-01 0.000000000000000000e+00 2.078381286268733349e-02
-4.272041350947366478e-01 0.000000000000000000e+00 2.680063063484110913e-02
-4.227331390420075441e-01 0.000000000000000000e+00 3.270423242516697776e-02
-4.181209897103901341e-01 0.000000000000000000e+00 3.848950545350403318e-02
-4.133722879665838734e-01 0.000000000000000000e+00 4.415204902297771572e-02
-4.084915448904024582e-01 0.000000000000000000e+00 4.968826336941047778e-02
-4.034830904694475251e-01 0.000000000000000000e+00 5.509537297762238245e-02
-3.983509786712246536e-01 0.000000000000000000e+00 6.037137895135252785e-02
-3.930988952537519676e-01 0.000000000000000000e+00 6.551493977482311659e-02
-3.877300751624729314e-01 0.000000000000000000e+00 7.052518467835709737e-02
-3.822472364540623890e-01 0.000000000000000000e+00 7.540146849955955966e-02
-3.766525373618817008e-01 0.000000000000000000e+00 8.014308110856994960e-02
-3.709475623728794025e-01 0.000000000000000000e+00 8.474892786556789681e-02
-3.651333420458614532e-01 0.000000000000000000e+00 8.921719997541036062e-02
-3.592104098143844571e-01 0.000000000000000000e+00 9.354505483662485521e-02
-3.531788972538119076e-01 0.000000000000000000e+00 9.772832646346611696e-02
-3.470386673390867815e-01 0.000000000000000000e+00 1.017612847844020507e-01
-3.407894831787030010e-01 0.000000000000000000e+00 1.056364601632384936e-01
-3.344312076901044262e-01 0.000000000000000000e+00 1.093445460013195147e-01
-3.279640277930416237e-01 0.000000000000000000e+00 1.128743879784182280e-01
-3.213886950464059367e-01 0.000000000000000000e+00 1.162130636459132033e-01
-3.147067733363551612e-01 0.000000000000000000e+00 1.193460510032360172e-01
-3.079208833186397043e-01 0.000000000000000000e+00 1.222574796869716762e-01
-3.010349328847142791e-01 0.000000000000000000e+00 1.249304537951829303e-01
-2.940543229939904801e-01 0.000000000000000000e+00 1.273474314451724376e-01
-2.869861188016369913e-01 0.000000000000000000e+00 1.294906431637447841e-01
-2.798391770937145862e-01 0.000000000000000000e+00 1.313425293172815200e-01
-2.726242225740723168e-01 0.000000000000000000e+00 1.328861761143620146e-01
-2.653538674612936354e-01 0.000000000000000000e+00 1.341057302865777401e-01
-2.580425710598546196e-01 0.000000000000000000e+00 1.349867743226340067e-01
-2.507065383628415689e-01 0.000000000000000000e+00 1.355166469680278984e-01
-2.433635592095819977e-01 0.000000000000000000e+00 1.356846974095624603e-01
-2.360327919421712217e-01 0.000000000000000000e+00 1.354824658867345433e-01
-2.287344977646186550e-01 0.000000000000000000e+00 1.349037881174817988e-01
-2.214897340004000348e-01 0.000000000000000000e+00 1.339448255811863386e-01
-2.143200160761986051e-01 0.000000000000000000e+00 1.326040280556695927e-01
-2.072469592582046882e-01 0.000000000000000000e+00 1.308820385677108566e-01
-2.002919118818949629e-01 0.000000000000000000e+00 1.287815538403204452e-01
-1.934755920211219393e-01 0.000000000000000000e+00 1.263071552147271570e-01
-1.868177392379078705e-01 0.000000000000000000e+00 1.234651257719844991e-01
-1.803367922662207357e-01 0.000000000000000000e+00 1.202632689387781867e-01
-1.740496022603063853e-01 0.000000000000000000e+00 1.167107422772323128e-01
-1.679711896501967783e-01 0.000000000000000000e+00 1.128179175518680966e-01
-1.621145507791491580e-01 0.000000000000000000e+00 1.085962747329206335e-01
-1.564905184463447341e-01 0.000000000000000000e+00 1.040583335876954646e-01
-1.511076783450528982e-01 0.000000000000000000e+00 9.921762222669590348e-02
-1.459723412734321435e-01 0.000000000000000000e+00 9.408867772753795600e-02
-1.410885689984350266e-01 0.000000000000000000e+00 8.868707007690920796e-02
-1.364582498587139647e-01 0.000000000000000000e+00 8.302943744787122382e-02
-1.320812186711653458e-01 0.000000000000000000e+00 7.713351852392216768e-02
-1.279554143112028031e-01 0.000000000000000000e+00 7.101816638987853980e-02
-1.240770675026232756e-01 0.000000000000000000e+00 6.470332855595092858e-02
-1.204409108920419386e-01 0.000000000000000000e+00 5.820997900443267148e-02
-1.170404033881967260e-01 0.000000000000000000e+00 5.155999069887808733e-02
-1.138679609923073377e-01 0.000000000000000000e+00 4.477594063728918689e-02
-1.109151868905270399e-01 0.000000000000000000e+00 3.788084404780505537e-02
-1.081730943692904429e-01 0.000000000000000000e+00 3.089781943487977800e-02
-1.056323170864867794e-01 0.000000000000000000e+00 2.384969155351214509e-02
-1.032833023191563893e-01 0.000000000000000000e+00 1.675854465760330883e-02
-1.011164839452246417e-01 0.000000000000000000e+00 9.645243169347885934e-03
-9.912243304022254342e-02 0.000000000000000000e+00 2.528940901675263021e-03
-9.729198502528411951e-02 0.000000000000000000e+00 -4.573397170973869490e-03
-9.561634324571757770e-02 0.000000000000000000e+00 -1.164743509988703379e-02
-9.408715965831472572e-02 0.000000000000000000e+00 -1.868184264276543174e-02
-9.269659394183964174e-02 0.000000000000000000e+00 -2.566858459910823995e-02
-9.143735281370210521e-02 0.000000000000000000e+00 -3.260310215321027272e-02
-9.030271164387851379e-02 0.000000000000000000e+00 -3.948437020336136721e-02
-8.928652062241519693e-02 0.000000000000000000e+00 -4.631482048840844523e-02
-8.838319778505583646e-02 0.000000000000000000e+00 -5.310012705182350079e-02
-8.758771116345996643e-02 0.000000000000000000e+00 -5.984885783223786726e-02
-8.689555223476107260e-02 0.000000000000000000e+00 -6.657200351735309551e-02
-8.580559676125566748e-02 0.000000000000000000e+00 -7.999408145368687439e-02
