0.000000000000000000e+00 -4.135380441185363964e-01 -2.104079017397322282e-01
0.000000000000000000e+00 -4.139121157484565439e-01 -2.118150193873865605e-01
0.000000000000000000e+00 -4.143392107736520447e-01 -2.132082912828920651e-01
0.000000000000000000e+00 -4.148189077028968108e-01 -2.145863424350996362e-01
0.000000000000000000e+00 -4.153507331332361718e-01 -2.159478128738961111e-01
0.000000000000000000e+00 -4.159341622171783825e-01 -2.172913589923307909e-01
0.000000000000000000e+00 -4.165686191806559635e-01 -2.186156548725930182e-01
0.000000000000000000e+00 -4.172534778912447284e-01 -2.199193935945331912e-01
0.000000000000000000e+00 -4.179880624760815011e-01 -2.212012885254350247e-01
0.000000000000000000e+00 -4.187716479888684007e-01 -2.224600745897667708e-01
0.000000000000000000e+00 -4.196034611253076640e-01 -2.236945095176579856e-01
0.000000000000000000e+00 -4.204826809862598491e-01 -2.249033750708700485e-01
0.000000000000000000e+00 -4.214084398878714666e-01 -2.260854782450499589e-01
0.000000000000000000e+00 -4.223798242178750662e-01 -2.272396524470819412e-01
0.000000000000000000e+00 -4.233958753372134565e-01 -2.283647586463736223e-01
0.000000000000000000e+00 -4.244555905261012119e-01 -2.294596864989421336e-01
0.000000000000000000e+00 -4.255579239735878816e-01 -2.305233554431891096e-01
0.000000000000000000e+00 -4.267017878096471262e-01 -2.315547157662849742e-01
0.000000000000000000e+00 -4.278860531787730404e-01 -2.325527496401084415e-01
0.000000000000000000e+00 -4.291095513540245654e-01 -2.335164721257201592e-01
0.000000000000000000e+00 -4.303710748904171490e-01 -2.344449321453784263e-01
0.000000000000000000e+00 -4.316693788165262835e-01 -2.353372134211382249e-01
0.000000000000000000e+00 -4.330031818631229212e-01 -2.361924353791066966e-01
0.000000000000000000e+00 -4.343711677276319016e-01 -2.370097540184636364e-01
0.000000000000000000e+00 -4.357719863731641663e-01 -2.377883627443880543e-01
0.000000000000000000e+00 -4.372042553608391779e-01 -2.385274931640699869e-01
0.000000000000000000e+00 -4.386665612140862591e-01 -2.392264158450215505e-01
0.000000000000000000e+00 -4.401574608135744304e-01 -2.398844410349385559e-01
0.000000000000000000e+00 -4.416754828213975692e-01 -2.405009193424029745e-01
0.000000000000000000e+00 -4.432191291331069039e-01 -2.410752423777536013e-01
0.000000000000000000e+00 -4.447868763561595440e-01 -2.416068433534934168e-01
0.000000000000000000e+00 -4.463771773133226595e-01 -2.420951976436403197e-01
0.000000000000000000e+00 -4.479884625695510492e-01 -2.425398233014696980e-01
0.000000000000000000e+00 -4.496191419808294731e-01 -2.429402815351375811e-01
0.000000000000000000e+00 -4.512676062634533025e-01 -2.432961771407151919e-01
0.000000000000000000e+00 -4.529322285821972272e-01 -2.436071588922076869e-01
0.000000000000000000e+00 -4.546113661558048857e-01 -2.438729198881716131e-01
0.000000000000000000e+00 -4.563033618782157963e-01 -2.440931978545896330e-01
0.000000000000000000e+00 -4.580065459539290895e-01 -2.442677754037033966e-01
0.000000000000000000e+00 -4.597192375458900027e-01 -2.443964802485489030e-01
0.000000000000000000e+00 -4.614397464342729904e-01 -2.444791853729830766e-01
0.000000000000000000e+00 -4.631663746845247620e-01 -2.445158091570331926e-01
0.000000000000000000e+00 -4.648974183230206725e-01 -2.445063154574459163e-01
0.000000000000000000e+00 -4.666311690186809580e-01 -2.444507136433567152e-01
0.000000000000000000e+00 -4.683659157688873087e-01 -2.443490585870431719e-01
0.000000000000000000e+00 -4.700999465880357220e-01 -2.442014506097728299e-01
0.000000000000000000e+00 -4.718315501970598014e-01 -2.440080353827983883e-01
0.000000000000000000e+00 -4.735590177122564470e-01 -2.437690037835976153e-01
0.000000000000000000e+00 -4.752806443317479368e-01 -2.434845917075001698e-01
0.000000000000000000e+00 -4.769947310179152855e-01 -2.431550798348877107e-01
0.000000000000000000e+00 -4.786995861741433211e-01 -2.427807933541961394e-01
0.000000000000000000e+00 -4.803935273142226348e-01 -2.423621016409936157e-01
0.000000000000000000e+00 -4.820748827227599453e-01 -2.418994178934519290e-01
0.000000000000000000e+00 -4.837419931049595223e-01 -2.413931987245692967e-01
0.000000000000000000e+00 -4.853932132241468023e-01 -2.408439437115489634e-01
0.000000000000000000e+00 -4.870269135254183257e-01 -2.402521949027763282e-01
0.000000000000000000e+00 -4.886414817438158309e-01 -2.396185362828829324e-01
0.000000000000000000e+00 -4.902353244954369416e-01 -2.389435931964241089e-01
0.000000000000000000e+00 -4.918068688499127594e-01 -2.382280317307393369e-01
0.000000000000000000e+00 -4.933545638827001034e-01 -2.374725580586044826e-01
0.000000000000000000e+00 -4.948768822056574535e-01 -2.366779177413244339e-01
0.000000000000000000e+00 -4.963723214743914203e-01 -2.358448949929543570e-01
0.000000000000000000e+00 -4.978394058708905945e-01 -2.349743119063747721e-01
0.000000000000000000e+00 -4.992766875599786713e-01 -2.340670276419853646e-01
0.000000000000000000e+00 -5.006827481181537198e-01 -2.331239375798173086e-01
0.000000000000000000e+00 -5.020561999334006709e-01 -2.321459724359013765e-01
0.000000000000000000e+00 -5.033956875745966286e-01 -2.311340973437634172e-01
0.000000000000000000e+00 -5.046998891291579747e-01 -2.300893109019541694e-01
0.000000000000000000e+00 -5.059675175076084885e-01 -2.290126441885532715e-01
0.000000000000000000e+00 -5.071973217137815126e-01 -2.279051597436190513e-01
0.000000000000000000e+00 -5.083880880794015011e-01 -2.267679505205906776e-01
0.000000000000000000e+00 -5.095386414618284787e-01 -2.256021388076741852e-01
0.000000000000000000e+00 -5.106478464037819132e-01 -2.244088751202801268e-01
0.000000000000000000e+00 -5.117146082539002494e-01 -2.231893370656035103e-01
0.000000000000000000e+00 -5.127378742470289907e-01 -2.219447281804676486e-01
0.000000000000000000e+00 -5.137166345431734005e-01 -2.206762767435787587e-01
0.000000000000000000e+00 -5.146499232240883126e-01 -2.193852345633630352e-01
0.000000000000000000e+00 -5.155368192465229482e-01 -2.180728757425829112e-01
0.000000000000000000e+00 -5.163764473511794906e-01 -2.167404954209515289e-01
0.000000000000000000e+00 -5.171679789264880256e-01 -2.153894084969860678e-01
0.000000000000000000e+00 -5.179106328263466397e-01 -2.140209483303618931e-01
0.000000000000000000e+00 -5.186036761410177665e-01 -2.126364654260471110e-01
0.000000000000000000e+00 -5.192464249204220561e-01 -2.112373261015176862e-01
0.000000000000000000e+00 -5.198382448491141172e-01 -2.098249111383668764e-01
0.000000000000000000e+00 -5.203785518722757741e-01 -2.084006144196403343e-01
0.000000000000000000e+00 -5.208668127721071128e-01 -2.069658415542419694e-01
0.000000000000000000e+00 -5.213025456940484359e-01 -2.055220084897677602e-01
0.000000000000000000e+00 -5.216853206223124317e-01 -2.040705401151362286e-01
0.000000000000000000e+00 -5.220147598042580439e-01 -2.026128688543952783e-01
0.000000000000000000e+00 -5.222905381231861544e-01 -2.011504332530924255e-01
0.000000000000000000e+00 -5.225123834191913730e-01 -1.996846765586041961e-01
0.000000000000000000e+00 -5.226800767577500784e-01 -1.982170452958250950e-01
0.000000000000000000e+00 -5.227934526457828079e-01 -1.967489878396221636e-01
0.000000000000000000e+00 -5.228523991949765026e-01 -1.952819529854640801e-01
0.000000000000000000e+00 -5.228568582322035141e-01 -1.938173885196345092e-01
0.000000000000000000e+00 -5.228068253569324586e-01 -1.923567397904422938e-01
0.000000000000000000e+00 -5.227023499455708544e-01 -1.909014482818368330e-01
0.000000000000000000e+00 -5.225435351027361008e-01 -1.894529501908376601e-01
0.000000000000000000e+00 -5.223305375595042044e-01 -1.880126750101813182e-01
0.000000000000000000e+00 -5.220635675187347280e-01 -1.865820441175845557e-01
0.000000000000000000e+00 -5.217428884476263962e-01 -1.851624693730162530e-01
0.000000000000000000e+00 -5.213688168177061932e-01 -1.837553517253618651e-01
0.000000000000000000e+00 -5.209417217925106369e-01 -1.823620798298563883e-01
0.000000000000000000e+00 -5.204620248632659818e-01 -1.809840286776488172e-01
0.000000000000000000e+00 -5.199301994329266208e-01 -1.796225582388523423e-01
0.000000000000000000e+00 -5.193467703489843545e-01 -1.782790121204176625e-01
0.000000000000000000e+00 -5.187123133855068291e-01 -1.769547162401554352e-01
0.000000000000000000e+00 -5.180274546749180642e-01 -1.756509775182152622e-01
0.000000000000000000e+00 -5.172928700900812915e-01 -1.743690825873134009e-01
0.000000000000000000e+00 -5.165092845772943919e-01 -1.731102965229816826e-01
0.000000000000000000e+00 -5.156774714408550730e-01 -1.718758615950904678e-01
0.000000000000000000e+00 -5.147982515799029990e-01 -1.706669960418784049e-01
0.000000000000000000e+00 -5.138724926782911595e-01 -1.694848928676984945e-01
0.000000000000000000e+00 -5.129011083482877265e-01 -1.683307186656665122e-01
0.000000000000000000e+00 -5.118850572289492806e-01 -1.672056124663748033e-01
0.000000000000000000e+00 -5.108253420400614697e-01 -1.661106846138063198e-01
0.000000000000000000e+00 -5.097230085925749110e-01 -1.650470156695593438e-01
0.000000000000000000e+00 -5.085791447565156664e-01 -1.640156553464634792e-01
0.000000000000000000e+00 -5.073948793873896967e-01 -1.630176214726400119e-01
0.000000000000000000e+00 -5.061713812121382272e-01 -1.620538989870282665e-01
0.000000000000000000e+00 -5.049098576757455881e-01 -1.611254389673700271e-01
0.000000000000000000e+00 -5.036115537496363981e-01 -1.602331576916102285e-01
0.000000000000000000e+00 -5.022777507030398159e-01 -1.593779357336417291e-01
0.000000000000000000e+00 -5.009097648385307799e-01 -1.585606170942848170e-01
0.000000000000000000e+00 -4.995089461929986263e-01 -1.577820083683604269e-01
0.000000000000000000e+00 -4.980766772053236147e-01 -1.570428779486784665e-01
0.000000000000000000e+00 -4.966143713520764780e-01 -1.563439552677269029e-01
0.000000000000000000e+00 -4.951234717525883067e-01 -1.556859300778098976e-01
0.000000000000000000e+00 -4.936054497447651679e-01 -1.550694517703455066e-01
0.000000000000000000e+00 -4.920618034330558332e-01 -1.544951287349948521e-01
0.000000000000000000e+00 -4.904940562100031931e-01 -1.539635277592550366e-01
0.000000000000000000e+00 -4.889037552528400776e-01 -1.534751734691081615e-01
0.000000000000000000e+00 -4.872924699966117434e-01 -1.530305478112787276e-01
0.000000000000000000e+00 -4.856617905853333195e-01 -1.526300895776108724e-01
0.000000000000000000e+00 -4.840133263027094346e-01 -1.522741939720332338e-01
0.000000000000000000e+00 -4.823487039839655099e-01 -1.519632122205407665e-01
0.000000000000000000e+00 -4.806695664103579069e-01 -1.516974512245768403e-01
0.000000000000000000e+00 -4.789775706879469963e-01 -1.514771732581588204e-01
0.000000000000000000e+00 -4.772743866122337031e-01 -1.513025957090450568e-01
0.000000000000000000e+00 -4.755616950202727344e-01 -1.511738908641995505e-01
0.000000000000000000e+00 -4.738411861318898022e-01 -1.510911857397654046e-01
0.000000000000000000e+00 -4.721145578816380306e-01 -1.510545619557152885e-01
0.000000000000000000e+00 -4.703835142431420646e-01 -1.510640556553025371e-01
0.000000000000000000e+00 -4.686497635474817791e-01 -1.511196574693917105e-01
0.000000000000000000e+00 -4.669150167972754284e-01 -1.512213125257053092e-01
0.000000000000000000e+00 -4.651809859781270151e-01 -1.513689205029756235e-01
0.000000000000000000e+00 -4.634493823691029357e-01 -1.515623357299500373e-01
0.000000000000000000e+00 -4.617219148539062901e-01 -1.518013673291508936e-01
0.000000000000000000e+00 -4.600002882344147448e-01 -1.520857794052483114e-01
0.000000000000000000e+00 -4.582862015482475626e-01 -1.524152912778607427e-01
0.000000000000000000e+00 -4.565813463920194160e-01 -1.527895777585523418e-01
0.000000000000000000e+00 -4.548874052519401023e-01 -1.532082694717548377e-01
0.000000000000000000e+00 -4.532060498434027918e-01 -1.536709532192965522e-01
0.000000000000000000e+00 -4.515389394612032148e-01 -1.541771723881791012e-01
0.000000000000000000e+00 -4.498877193420159348e-01 -1.547264274011994900e-01
0.000000000000000000e+00 -4.482540190407444114e-01 -1.553181762099721530e-01
0.000000000000000000e+00 -4.466394508223469062e-01 -1.559518348298655210e-01
0.000000000000000000e+00 -4.450456080707257955e-01 -1.566267779163243723e-01
0.000000000000000000e+00 -4.434740637162500887e-01 -1.573423393820090888e-01
0.000000000000000000e+00 -4.419263686834625782e-01 -1.580978130541439430e-01
0.000000000000000000e+00 -4.404040503605052836e-01 -1.588924533714239917e-01
0.000000000000000000e+00 -4.389086110917713168e-01 -1.597254761197940964e-01
0.000000000000000000e+00 -4.374415266952721981e-01 -1.605960592063736814e-01
0.000000000000000000e+00 -4.360042450061841768e-01 -1.615033434707631443e-01
0.000000000000000000e+00 -4.345981844480089618e-01 -1.624464335329311726e-01
0.000000000000000000e+00 -4.332247326327621773e-01 -1.634243986768471046e-01
0.000000000000000000e+00 -4.318852449915661640e-01 -1.644362737689850362e-01
0.000000000000000000e+00 -4.305810434370047624e-01 -1.654810602107942286e-01
0.000000000000000000e+00 -4.293134150585541375e-01 -1.665577269241952096e-01
0.000000000000000000e+00 -4.280836108523811689e-01 -1.676652113691293466e-01
0.000000000000000000e+00 -4.268928444867612915e-01 -1.688024205921577481e-01
0.000000000000000000e+00 -4.257422911043343139e-01 -1.699682323050742405e-01
0.000000000000000000e+00 -4.246330861623808239e-01 -1.711614959924683266e-01
0.000000000000000000e+00 -4.235663243122624877e-01 -1.723810340471449432e-01
0.000000000000000000e+00 -4.225430583191336908e-01 -1.736256429322808048e-01
0.000000000000000000e+00 -4.215642980229893366e-01 -1.748940943691696948e-01
0.000000000000000000e+00 -4.206310093420744245e-01 -1.761851365493854182e-01
0.000000000000000000e+00 -4.197441133196397889e-01 -1.774974953701655422e-01
0.000000000000000000e+00 -4.189044852149833020e-01 -1.788298756917969523e-01
0.000000000000000000e+00 -4.181129536396746560e-01 -1.801809626157624133e-01
0.000000000000000000e+00 -4.173702997398160974e-01 -1.815494227823866158e-01
0.000000000000000000e+00 -4.166772564251449151e-01 -1.829339056867013424e-01
0.000000000000000000e+00 -4.160345076457407365e-01 -1.843330450112307672e-01
0.000000000000000000e+00 -4.154426877170485644e-01 -1.857454599743815771e-01
0.000000000000000000e+00 -4.149023806938869630e-01 -1.871697566931081191e-01
0.000000000000000000e+00 -4.144141197940555688e-01 -1.886045295585065118e-01
0.000000000000000000e+00 -4.139783868721143567e-01 -1.900483626229807210e-01
0.000000000000000000e+00 -4.135956119438502498e-01 -1.914998309976122248e-01
0.000000000000000000e+00 -4.132661727619046932e-01 -1.929575022583532029e-01
0.000000000000000000e+00 -4.129903944429764717e-01 -1.944199378596560557e-01
0.000000000000000000e+00 -4.127685491469713086e-01 -1.958856945541442574e-01
0.000000000000000000e+00 -4.126008558084127142e-01 -1.973533258169233584e-01
0.000000000000000000e+00 -4.124874799203799292e-01 -1.988213832731262620e-01
0.000000000000000000e+00 -4.124285333711863455e-01 -2.002884181272843733e-01
0.000000000000000000e+00 -4.124240743339592785e-01 -2.017529825931139442e-01
0.000000000000000000e+00 -4.124741072092302785e-01 -2.032136313223061874e-01
0.000000000000000000e+00 -4.125785826205918827e-01 -2.046689228309116759e-01
0.000000000000000000e+00 -4.127373974634266918e-01 -2.061174209219107933e-01
0.000000000000000000e+00 -4.129503950066586437e-01 -2.075576961025671630e-01
0.000000000000000000e+00 -4.135380441185363964e-01 -2.104079017397322282e-01
