8.599133333201584017e-01 0.000000000000000000e+00 5.125942407424021185e-01
8.600131659915968285e-01 0.000000000000000000e+00 5.061937279911606913e-01
8.600018820783063012e-01 0.000000000000000000e+00 4.997732822943376507e-01
8.598745305609466483e-01 0.000000000000000000e+00 4.933222133974752288e-01
8.596266089441617630e-01 0.000000000000000000e+00 4.868313648465880661e-01
8.592543305969205791e-01 0.000000000000000000e+00 4.802935165365896930e-01
8.587548217775857751e-01 0.000000000000000000e+00 4.737036854214703996e-01
8.581262349217954055e-01 0.000000000000000000e+00 4.670593154596966445e-01
8.573677699644508543e-01 0.000000000000000000e+00 4.603603543714663848e-01
8.564796012614164233e-01 0.000000000000000000e+00 4.536092212322389572e-01
8.554627137247208246e-01 0.000000000000000000e+00 4.468106749322707794e-01
8.543186577193954134e-01 0.000000000000000000e+00 4.399715987402256778e-01
8.530492377247569369e-01 0.000000000000000000e+00 4.331007203197372313e-01
8.516561543965440739e-01 0.000000000000000000e+00 4.262082893324961042e-01
8.501406231830934690e-01 0.000000000000000000e+00 4.193057360766373476e-01
8.485029948171698422e-01 0.000000000000000000e+00 4.124053344047979297e-01
8.467424036727076997e-01 0.000000000000000000e+00 4.055198904873354437e-01
8.448564690792969012e-01 0.000000000000000000e+00 3.986624759695229225e-01
8.428410722573103087e-01 0.000000000000000000e+00 3.918462199356960163e-01
8.406902276965706466e-01 0.000000000000000000e+00 3.850841691244383802e-01
8.383960627609603478e-01 0.000000000000000000e+00 3.783892203719739777e-01
8.359489133441875275e-01 0.000000000000000000e+00 3.717741236583257947e-01
8.333375368693139995e-01 0.000000000000000000e+00 3.652515487592055687e-01
8.305494371954171839e-01 0.000000000000000000e+00 3.588342037138690377e-01
8.275712894623165061e-01 0.000000000000000000e+00 3.525349894125949235e-01
8.243894469534683855e-01 0.000000000000000000e+00 3.463671718345993633e-01
8.209905070405729699e-01 0.000000000000000000e+00 3.403445520008876457e-01
8.173619094907517146e-01 0.000000000000000000e+00 3.344816136342851354e-01
8.134925380963307084e-01 0.000000000000000000e+00 3.287936298381559097e-01
8.093732958711526981e-01 0.000000000000000000e+00 3.232967127241543892e-01
8.049976249946181328e-01 0.000000000000000000e+00 3.180077936629330249e-01
8.003619452269766787e-01 0.000000000000000000e+00 3.129445264538574523e-01
7.954659885240191741e-01 0.000000000000000000e+00 3.081251109089558904e-01
7.903130128177237035e-01 0.000000000000000000e+00 3.035680397851975298e-01
7.849098841009879424e-01 0.000000000000000000e+00 2.992917773260753700e-01
7.792670227045463971e-01 0.000000000000000000e+00 2.953143825447591131e-01
7.733982165951136523e-01 0.000000000000000000e+00 2.916530944829482941e-01
7.673203112586575170e-01 0.000000000000000000e+00 2.883238997477069465e-01
7.610527918787655111e-01 0.000000000000000000e+00 2.853411044646898542e-01
7.546172787316937081e-01 0.000000000000000000e+00 2.827169332702595406e-01
7.480369607088112049e-01 0.000000000000000000e+00 2.804611770625154987e-01
7.413359944303705706e-01 0.000000000000000000e+00 2.785809089949972117e-01
7.345388974052496911e-01 0.000000000000000000e+00 2.770802847631700372e-01
7.276699630868751489e-01 0.000000000000000000e+00 2.759604388137826270e-01
7.207527235383941466e-01 0.000000000000000000e+00 2.752194829728215053e-01
7.138094819033031779e-01 0.000000000000000000e+00 2.748526084547222026e-01
7.068609322145624763e-01 0.000000000000000000e+00 2.748522866228983452e-01
6.999258785646148562e-01 0.000000000000000000e+00 2.752085585608075591e-01
6.930210596461209294e-01 0.000000000000000000e+00 2.759093988056312563e-01
6.861610785290409575e-01 0.000000000000000000e+00 2.769411347757126940e-01
6.793584316362407671e-01 0.000000000000000000e+00 2.782889007137362425e-01
6.726236255684626686e-01 0.000000000000000000e+00 2.799371035250992068e-01
6.659653660190325564e-01 0.000000000000000000e+00 2.818698777899029118e-01
6.593907997567766133e-01 0.000000000000000000e+00 2.840715084582688954e-01
6.529057887140018446e-01 0.000000000000000000e+00 2.865268022102266943e-01
6.465151946810323569e-01 0.000000000000000000e+00 2.892213920047557174e-01
6.402231539754738021e-01 0.000000000000000000e+00 2.921419637241264300e-01
6.340333236300066400e-01 0.000000000000000000e+00 2.952763987560725889e-01
6.279490839518999667e-01 0.000000000000000000e+00 2.986138315327098725e-01
6.219736865055095487e-01 0.000000000000000000e+00 3.021446261354487350e-01
6.161103413569255505e-01 0.000000000000000000e+00 3.058602807630277920e-01
6.103622424649484124e-01 0.000000000000000000e+00 3.097532728584251327e-01
6.047325350596456373e-01 0.000000000000000000e+00 3.138168607607100813e-01
5.992242333840185342e-01 0.000000000000000000e+00 3.180448597132197186e-01
5.938401009825967636e-01 0.000000000000000000e+00 3.224314108163889858e-01
5.885825085512157440e-01 0.000000000000000000e+00 3.269707610378004836e-01
5.834532860302207302e-01 0.000000000000000000e+00 3.316570707392019757e-01
5.784535860234691906e-01 0.000000000000000000e+00 3.364842624815619909e-01
5.735837747379892715e-01 0.000000000000000000e+00 3.414459213222917899e-01
5.688433645310699838e-01 0.000000000000000000e+00 3.465352526740542727e-01
5.642309989721365771e-01 0.000000000000000000e+00 3.517450993387849500e-01
5.597444972977325683e-01 0.000000000000000000e+00 3.570680148674424959e-01
5.553809605387253212e-01 0.000000000000000000e+00 3.624963862264574677e-01
5.511369367485844384e-01 0.000000000000000000e+00 3.680225951540594398e-01
5.470086379979703928e-01 0.000000000000000000e+00 3.736392048010314104e-01
5.429921974580864674e-01 0.000000000000000000e+00 3.793391564521190751e-01
5.390839512820774226e-01 0.000000000000000000e+00 3.851159604295661953e-01
5.352807273729470738e-01 0.000000000000000000e+00 3.909638657272570539e-01
5.315801216973051746e-01 0.000000000000000000e+00 3.968779944736092191e-01
5.279807426889918665e-01 0.000000000000000000e+00 4.028544298601811069e-01
5.244824055216844583e-01 0.000000000000000000e+00 4.088902495207659693e-01
5.210862605625276034e-01 0.000000000000000000e+00 4.149835002678951001e-01
5.177948440106373562e-01 0.000000000000000000e+00 4.211331143167529323e-01
5.146120433575956943e-01 0.000000000000000000e+00 4.273387713566591528e-01
5.115429755990045235e-01 0.000000000000000000e+00 4.336007147728394573e-01
5.085937817461361199e-01 0.000000000000000000e+00 4.399195337004760398e-01
5.057713467766743465e-01 0.000000000000000000e+00 4.462959251707672159e-01
5.030829593606869210e-01 0.000000000000000000e+00 4.527304522002496001e-01
5.005359301577428921e-01 0.000000000000000000e+00 4.592233141614500691e-01
4.981371908992916486e-01 0.000000000000000000e+00 4.657741451109502773e-01
4.958928986029556008e-01 0.000000000000000000e+00 4.723818539739458866e-01
4.938080699445210886e-01 0.000000000000000000e+00 4.790445177022127354e-01
4.918862699592571608e-01 0.000000000000000000e+00 4.857593349142430017e-01
4.901293768709489296e-01 0.000000000000000000e+00 4.925226433293052875e-01
4.885374410633679942e-01 0.000000000000000000e+00 4.993299998010929941e-01
4.871086512124628842e-01 0.000000000000000000e+00 5.061763172456479332e-01
4.858394146638929101e-01 0.000000000000000000e+00 5.130560485510980984e-01
4.847245526072819777e-01 0.000000000000000000e+00 5.199634039461137336e-01
4.837576038453103577e-01 0.000000000000000000e+00 5.268925855471161546e-01
4.829312243816328842e-01 0.000000000000000000e+00 5.338380211053814772e-01
4.822376640509745127e-01 0.000000000000000000e+00 5.407945784714600634e-01
4.816692963535091909e-01 0.000000000000000000e+00 5.477577430459193986e-01
4.812191738486322756e-01 0.000000000000000000e+00 5.547237424705080411e-01
4.808815791549927998e-01 0.000000000000000000e+00 5.616896059288527532e-01
4.806525409529128212e-01 0.000000000000000000e+00 5.686531494910815887e-01
4.805302854549716174e-01 0.000000000000000000e+00 5.756128837070263460e-01
4.805155965630079629e-01 0.000000000000000000e+00 5.825678448320154024e-01
4.806120622287530786e-01 0.000000000000000000e+00 5.895173563295681429e-01
4.808261901529956028e-01 0.000000000000000000e+00 5.964607322967451219e-01
4.811673825885598443e-01 0.000000000000000000e+00 6.033969388708009252e-01
4.816477672887384820e-01 0.000000000000000000e+00 6.103242332017179139e-01
4.822818891593035895e-01 0.000000000000000000e+00 6.172398019666464064e-01
4.830862745074414599e-01 0.000000000000000000e+00 6.241394224790923762e-01
4.840788865228694560e-01 0.000000000000000000e+00 6.310171691075987521e-01
4.852784963963411857e-01 0.000000000000000000e+00 6.378651859527343371e-01
4.867039989556656843e-01 0.000000000000000000e+00 6.446735436140081932e-01
4.883737046306314000e-01 0.000000000000000000e+00 6.514301935724092774e-01
4.903046407859439904e-01 0.000000000000000000e+00 6.581210284590921500e-01
4.925118949234538190e-01 0.000000000000000000e+00 6.647300505789311975e-01
4.950080299905471604e-01 0.000000000000000000e+00 6.712396448567934382e-01
4.978025981778522180e-01 0.000000000000000000e+00 6.776309462460662347e-01
5.009017743732505634e-01 0.000000000000000000e+00 6.838842859560970711e-01
5.043081241631719447e-01 0.000000000000000000e+00 6.899796959687007902e-01
5.080205142963805098e-01 0.000000000000000000e+00 6.958974475310429897e-01
5.120341662458492982e-01 0.000000000000000000e+00 7.016185968769899084e-01
5.163408463292304962e-01 0.000000000000000000e+00 7.071255105065000768e-01
5.209291791745036537e-01 0.000000000000000000e+00 7.124023430180643768e-01
5.257850655065295919e-01 0.000000000000000000e+00 7.174354427223932351e-01
5.308921805887800716e-01 0.000000000000000000e+00 7.222136639514227241e-01
5.362325264160364702e-01 0.000000000000000000e+00 7.267285699113277264e-01
5.417870090664248517e-01 0.000000000000000000e+00 7.309745158306957258e-01
5.475360125400922096e-01 0.000000000000000000e+00 7.349486086839439603e-01
5.534599418978666252e-01 0.000000000000000000e+00 7.386505465440322826e-01
5.595397114366230662e-01 0.000000000000000000e+00 7.420823472390120079e-01
5.657571577879644265e-01 0.000000000000000000e+00 7.452479820625963480e-01
5.720953629254934558e-01 0.000000000000000000e+00 7.481529354592360015e-01
5.785388777867598309e-01 0.000000000000000000e+00 7.508037155618356717e-01
5.850738432042187354e-01 0.000000000000000000e+00 7.532073429697512257e-01
5.916880107343300832e-01 0.000000000000000000e+00 7.553708460673249636e-01
5.983706714304702912e-01 0.000000000000000000e+00 7.573007904459867490e-01
6.051125053154530198e-01 0.000000000000000000e+00 7.590028676524109841e-01
6.119053680197624745e-01 0.000000000000000000e+00 7.604815646846911914e-01
6.187420335778037739e-01 0.000000000000000000e+00 7.617399306295745687e-01
6.256159136111060226e-01 0.000000000000000000e+00 7.627794508823462216e-01
6.325207730525451710e-01 0.000000000000000000e+00 7.636000328785481628e-01
6.394504612402045485e-01 0.000000000000000000e+00 7.642001005885444842e-01
6.463986747713339476e-01 0.000000000000000000e+00 7.645767885866899816e-01
6.533587651602152935e-01 0.000000000000000000e+00 7.647262206959187791e-01
6.603236003444600266e-01 0.000000000000000000e+00 7.646438533761091838e-01
6.672854847222179364e-01 0.000000000000000000e+00 7.643248604601065033e-01
6.742361379822260359e-01 0.000000000000000000e+00 7.637645337558147673e-01
6.811667288082138283e-01 0.000000000000000000e+00 7.629586735458300240e-01
6.880679558723648004e-01 0.000000000000000000e+00 7.619039441484107833e-01
6.949301656103159530e-01 0.000000000000000000e+00 7.605981723758435953e-01
7.017434942666228581e-01 0.000000000000000000e+00 7.590405707639460431e-01
7.084980207214419679e-01 0.000000000000000000e+00 7.572318725907447590e-01
7.151839166900072486e-01 0.000000000000000000e+00 7.551743716261122286e-01
7.217915819857881887e-01 0.000000000000000000e+00 7.528718658821594856e-01
7.283117545455277675e-01 0.000000000000000000e+00 7.503295109665157891e-01
7.347355876577209566e-01 0.000000000000000000e+00 7.475535945773508217e-01
7.410546900947754256e-01 0.000000000000000000e+00 7.445512488451071498e-01
7.472611283693900708e-01 0.000000000000000000e+00 7.413301212946207253e-01
7.533473938486383581e-01 0.000000000000000000e+00 7.378980279144249366e-01
7.593063406994948750e-01 0.000000000000000000e+00 7.342626130040977861e-01
7.651311033635238568e-01 0.000000000000000000e+00 7.304310400477554976e-01
7.708150042612889052e-01 0.000000000000000000e+00 7.264097358550563044e-01
7.763514635564641164e-01 0.000000000000000000e+00 7.222042067426511780e-01
7.817339229765164488e-01 0.000000000000000000e+00 7.178189408132188420e-01
7.869557948712661011e-01 0.000000000000000000e+00 7.132574047192525857e-01
7.920104459434287314e-01 0.000000000000000000e+00 7.085221370287604348e-01
7.968912225243894865e-01 0.000000000000000000e+00 7.036149338331209036e-01
8.015915210714403827e-01 0.000000000000000000e+00 6.985371159614870429e-01
8.061049039542520500e-01 0.000000000000000000e+00 6.932898614887290645e-01
8.104252568353433883e-01 0.000000000000000000e+00 6.878745825073094844e-01
8.145469803033487111e-01 0.000000000000000000e+00 6.822933216822698599e-01
8.184652051564811348e-01 0.000000000000000000e+00 6.765491421505965830e-01
8.221760181020942859e-01 0.000000000000000000e+00 6.706464839985244453e-01
8.256766828424332294e-01 0.000000000000000000e+00 6.645914618898762782e-01
8.289658407084544711e-01 0.000000000000000000e+00 6.583920813600334654e-01
8.320436752698668892e-01 0.000000000000000000e+00 6.520583556694794503e-01
8.349120267053491418e-01 0.000000000000000000e+00 6.456023106749930740e-01
8.375744441034024268e-01 0.000000000000000000e+00 6.390378715985899349e-01
8.400361671515462758e-01 0.000000000000000000e+00 6.323806324733379780e-01
8.423040326661186405e-01 0.000000000000000000e+00 6.256475160093775134e-01
8.443863058716404302e-01 0.000000000000000000e+00 6.188563382351150999e-01
8.462924409762058175e-01 0.000000000000000000e+00 6.120252981294075356e-01
8.480327801080187466e-01 0.000000000000000000e+00 6.051724172160761750e-01
8.496182037796141673e-01 0.000000000000000000e+00 5.983149574530227666e-01
8.510597494528088225e-01 0.000000000000000000e+00 5.914688475081972818e-01
8.523682172507303090e-01 0.000000000000000000e+00 5.846481475626166269e-01
8.535537832204953546e-01 0.000000000000000000e+00 5.778645811077026684e-01
8.546256406768063529e-01 0.000000000000000000e+00 5.711271589039776941e-01
8.555916890152293064e-01 0.000000000000000000e+00 5.644419155311617420e-01
8.564582870172160467e-01 0.000000000000000000e+00 5.578117730616310999e-01
8.572300841992464004e-01 0.000000000000000000e+00 5.512365396741125689e-01
8.579099393805659224e-01 0.000000000000000000e+00 5.447130438840571687e-01
8.584989306141865839e-01 0.000000000000000000e+00 5.382353979167667779e-01
8.589964552463712488e-01 0.000000000000000000e+00 5.317953770031705885e-01
8.594004134705881537e-01 0.000000000000000000e+00 5.253828954240962190e-01
8.599133333201584017e-01 0.000000000000000000e+00 5.125942407424021185e-01
