9.018647716189538421e-01 -3.358246982803760328e-01 0.000000000000000000e+00
9.043729802308744237e-01 -3.464262706475424447e-01 0.000000000000000000e+00
9.067439357098768804e-01 -3.572925200952314917e-01 0.000000000000000000e+00
9.089757890832619314e-01 -3.685120015466711862e-01 0.000000000000000000e+00
9.110627505609816268e-01 -3.801319704298261049e-01 0.000000000000000000e+00
9.129974442075839969e-01 -3.921548165250653417e-01 0.000000000000000000e+00
9.147728892367925635e-01 -4.045410991696258840e-01 0.000000000000000000e+00
9.163837433336412541e-01 -4.172183391064058222e-01 0.000000000000000000e+00
9.178266493179305652e-01 -4.300938632725913036e-01 0.000000000000000000e+00
9.190997451856782741e-01 -4.430694572661244002e-01 0.000000000000000000e+00
9.202015831261516343e-01 -4.560554313174504659e-01 0.000000000000000000e+00
9.211298191970628269e-01 -4.689819555617967262e-01 0.000000000000000000e+00
9.218800620073069885e-01 -4.818061079836942762e-01 0.000000000000000000e+00
9.224452056061989147e-01 -4.945138878575360275e-01 0.000000000000000000e+00
9.228154371111321197e-01 -5.071173306287352078e-01 0.000000000000000000e+00
9.229789358854810777e-01 -5.196476631251042422e-01 0.000000000000000000e+00
9.229231077317451293e-01 -5.321460281191167097e-01 0.000000000000000000e+00
9.226360626370534446e-01 -5.446535952926092605e-01 0.000000000000000000e+00
9.221079769725165631e-01 -5.572028293623174644e-01 0.000000000000000000e+00
9.213319947036633373e-01 -5.698113334853527334e-01 0.000000000000000000e+00
9.203044137092710741e-01 -5.824791076335712470e-01 0.000000000000000000e+00
9.190240529799585945e-01 -5.951893738785738464e-01 0.000000000000000000e+00
9.174908725394519404e-01 -6.079124534535735869e-01 0.000000000000000000e+00
9.157040833814447112e-01 -6.206116536261925276e-01 0.000000000000000000e+00
9.136601048974235528e-01 -6.332498238790823519e-01 0.000000000000000000e+00
9.113507769640010192e-01 -6.457952126200081633e-01 0.000000000000000000e+00
9.087622023066440624e-01 -6.582254878926584452e-01 0.000000000000000000e+00
9.058744877232832726e-01 -6.705292209260944603e-01 0.000000000000000000e+00
9.026624912149925350e-01 -6.827046773768333798e-01 0.000000000000000000e+00
8.990974978768807579e-01 -6.947563088375224849e-01 0.000000000000000000e+00
8.951495767793754554e-01 -7.066897821180476713e-01 0.000000000000000000e+00
8.907902473404432087e-01 -7.185066452516926105e-01 0.000000000000000000e+00
8.859950306402690767e-01 -7.301997644627519213e-01 0.000000000000000000e+00
8.807454883658539790e-01 -7.417504774268626200e-01 0.000000000000000000e+00
8.750304532541950397e-01 -7.531280397348620870e-01 0.000000000000000000e+00
8.688463091908344982e-01 -7.642914710008216206e-01 0.000000000000000000e+00
8.621963555053164807e-01 -7.751934290241653258e-01 0.000000000000000000e+00
8.550894536149558078e-01 -7.857853478366207955e-01 0.000000000000000000e+00
8.475382732800449403e-01 -7.960228421946529132e-01 0.000000000000000000e+00
8.395575080687465164e-01 -8.058703482703771792e-01 0.000000000000000000e+00
8.311624066820251233e-01 -8.153041394210429615e-01 0.000000000000000000e+00
8.223678753326720825e-01 -8.243131895125012099e-01 0.000000000000000000e+00
8.131882668768571909e-01 -8.328977860571217251e-01 0.000000000000000000e+00
8.036378146912465104e-01 -8.410662361032749113e-01 0.000000000000000000e+00
7.937315263796804743e-01 -8.488303737752918021e-01 0.000000000000000000e+00
7.834862536942859279e-01 -8.562008000896906834e-01 0.000000000000000000e+00
7.729216204082920427e-01 -8.631828227069430204e-01 0.000000000000000000e+00
7.620605255703897241e-01 -8.697739113885355478e-01 0.000000000000000000e+00
7.509290371549073306e-01 -8.759631762370128083e-01 0.000000000000000000e+00
7.395556292565189649e-01 -8.817329719686628486e-01 0.000000000000000000e+00
7.279698649127847032e-01 -8.870623114193101344e-01 0.000000000000000000e+00
7.162007544218387256e-01 -8.919314160260023439e-01 0.000000000000000000e+00
7.042750981625924833e-01 -8.963265074420471157e-01 0.000000000000000000e+00
6.922161361301694127e-01 -9.002438938990188211e-01 0.000000000000000000e+00
6.800427702336273583e-01 -9.036925350877718088e-01 0.000000000000000000e+00
6.677695110849225513e-01 -9.066945534370904891e-01 0.000000000000000000e+00
6.554071521794566646e-01 -9.092835421906787507e-01 0.000000000000000000e+00
6.429640222697317054e-01 -9.115009283002323270e-01 0.000000000000000000e+00
6.304475437542366167e-01 -9.133910039217570942e-01 0.000000000000000000e+00
6.178657578201399714e-01 -9.149954782588978208e-01 0.000000000000000000e+00
6.052284813647981210e-01 -9.163484789145530662e-01 0.000000000000000000e+00
5.925478371164840663e-01 -9.174728369498408309e-01 0.000000000000000000e+00
5.798380324442744538e-01 -9.183782432235145787e-01 0.000000000000000000e+00
5.671144271738743914e-01 -9.190615140603036748e-01 0.000000000000000000e+00
5.543920922348418712e-01 -9.195088189722168126e-01 0.000000000000000000e+00
5.416841848328104447e-01 -9.196993744802250959e-01 0.000000000000000000e+00
5.290005246148095086e-01 -9.196098601166070585e-01 0.000000000000000000e+00
5.163467342631594681e-01 -9.192187092341782551e-01 0.000000000000000000e+00
5.037242085387272361e-01 -9.185094840506849989e-01 0.000000000000000000e+00
4.911310157400534115e-01 -9.174727467564313121e-01 0.000000000000000000e+00
4.785636457562995605e-01 -9.161061448988175870e-01 0.000000000000000000e+00
4.660193375080522449e-01 -9.144127795237989575e-01 0.000000000000000000e+00
4.534985833892193341e-01 -9.123982518635008754e-01 0.000000000000000000e+00
4.410073490742384417e-01 -9.100670279004476892e-01 0.000000000000000000e+00
4.285585790669580453e-01 -9.074188764449668820e-01 0.000000000000000000e+00
4.161726789558609640e-01 -9.044461070707828787e-01 0.000000000000000000e+00
4.038768537092393140e-01 -9.011321689211132524e-01 0.000000000000000000e+00
3.917034021322324255e-01 -8.974519049509095403e-01 0.000000000000000000e+00
3.796872774751023916e-01 -8.933734416111506205e-01 0.000000000000000000e+00
3.678633802163245869e-01 -8.888613918439732808e-01 0.000000000000000000e+00
3.562641173719150456e-01 -8.838808159222377725e-01 0.000000000000000000e+00
3.449177255837669320e-01 -8.784012617735286188e-01 0.000000000000000000e+00
3.338477153088983407e-01 -8.724002133957686755e-01 0.000000000000000000e+00
3.230735738708029325e-01 -8.658654069699776024e-01 0.000000000000000000e+00
3.126126059974931315e-01 -8.587957001143039504e-01 0.000000000000000000e+00
3.024825414622133724e-01 -8.512004541599484941e-01 0.000000000000000000e+00
2.927043505644149057e-01 -8.430976584694036546e-01 0.000000000000000000e+00
2.833046199907455764e-01 -8.345112387081610184e-01 0.000000000000000000e+00
2.743168769075014501e-01 -8.254681093240403555e-01 0.000000000000000000e+00
2.657814079229184889e-01 -8.159955356135267790e-01 0.000000000000000000e+00
2.577433779990054852e-01 -8.061192665832834781e-01 0.000000000000000000e+00
2.502493684858713152e-01 -7.958627113461044233e-01 0.000000000000000000e+00
2.433427665969056242e-01 -7.852471995297095608e-01 0.000000000000000000e+00
2.370586918815764943e-01 -7.742931377087999278e-01 0.000000000000000000e+00
2.314192882909902327e-01 -7.630216943020801112e-01 0.000000000000000000e+00
2.264302113905593272e-01 -7.514565485514488330e-01 0.000000000000000000e+00
2.220789922834175978e-01 -7.396252413990723751e-01 0.000000000000000000e+00
2.183356831204606996e-01 -7.275597633589376834e-01 0.000000000000000000e+00
2.151558281865335598e-01 -7.152961841041245439e-01 0.000000000000000000e+00
2.124854207531273464e-01 -7.028733340267380170e-01 0.000000000000000000e+00
2.102671664916253014e-01 -6.903307470221213826e-01 0.000000000000000000e+00
2.084471404612491252e-01 -6.777062263813516951e-01 0.000000000000000000e+00
2.069808403484328096e-01 -6.650334726320227263e-01 0.000000000000000000e+00
2.058377218436307776e-01 -6.523402001888819468e-01 0.000000000000000000e+00
2.050035413917474236e-01 -6.396470737322045297e-01 0.000000000000000000e+00
2.044801876629405435e-01 -6.269676369644748837e-01 0.000000000000000000e+00
2.042830952685806556e-01 -6.143092192476830027e-01 0.000000000000000000e+00
2.044367311283757926e-01 -6.016746277187359215e-01 0.000000000000000000e+00
2.049689561632706547e-01 -5.890642987579961520e-01 0.000000000000000000e+00
2.059052378687845075e-01 -5.764785179022309247e-01 0.000000000000000000e+00
2.072636925497612914e-01 -5.639193313026524823e-01 0.000000000000000000e+00
2.090517694151598216e-01 -5.513918580535415170e-01 0.000000000000000000e+00
2.112650824615129597e-01 -5.389048500469999503e-01 0.000000000000000000e+00
2.138885051749765953e-01 -5.264705036611699862e-01 0.000000000000000000e+00
2.168992376535904820e-01 -5.141036718513549708e-01 0.000000000000000000e+00
2.202712082658795645e-01 -5.018207266325616089e-01 0.000000000000000000e+00
2.239799441400400493e-01 -4.896383614346392354e-01 0.000000000000000000e+00
2.280069764125838838e-01 -4.775725954339015700e-01 0.000000000000000000e+00
2.323429479508100359e-01 -4.656381575823134167e-01 0.000000000000000000e+00
2.369888429541011643e-01 -4.538483088087687523e-01 0.000000000000000000e+00
2.419551120796387678e-01 -4.422150360272057434e-01 0.000000000000000000e+00
2.472588578606996212e-01 -4.307494509194866872e-01 0.000000000000000000e+00
2.529196013466319393e-01 -4.194621735555308928e-01 0.000000000000000000e+00
2.589544073047216344e-01 -4.083634879152288066e-01 0.000000000000000000e+00
2.653732561282871605e-01 -3.974631212800238123e-01 0.000000000000000000e+00
2.721754971883517671e-01 -3.867696065517532422e-01 0.000000000000000000e+00
2.793480126301578492e-01 -3.762893099240469108e-01 0.000000000000000000e+00
2.868654024760697308e-01 -3.660253157169044425e-01 0.000000000000000000e+00
2.946921316764877230e-01 -3.559764278807546201e-01 0.000000000000000000e+00
3.027862267669298446e-01 -3.461365549878557824e-01 0.000000000000000000e+00
3.111038393341881703e-01 -3.364946873481471923e-01 0.000000000000000000e+00
3.196038546467588892e-01 -3.270355613223218105e-01 0.000000000000000000e+00
3.282517403601177275e-01 -3.177409605295056783e-01 0.000000000000000000e+00
3.370219964182030181e-01 -3.085914586470388521e-01 0.000000000000000000e+00
3.458988491882393213e-01 -2.995682977001414837e-01 0.000000000000000000e+00
3.548751750041644337e-01 -2.906550469664398451e-01 0.000000000000000000e+00
3.639499743637564233e-01 -2.818387160678634817e-01 0.000000000000000000e+00
3.731249836613870774e-01 -2.731100999229241766e-01 0.000000000000000000e+00
3.824011564223852022e-01 -2.644632940604288995e-01 0.000000000000000000e+00
3.917757442176548754e-01 -2.558945033037923200e-01 0.000000000000000000e+00
4.012405612297590407e-01 -2.474004344097112951e-01 0.000000000000000000e+00
4.107817564619198891e-01 -2.389766743284659767e-01 0.000000000000000000e+00
4.203810966587059328e-01 -2.306164807708065423e-01 0.000000000000000000e+00
4.300184458362252271e-01 -2.223103384374088831e-01 0.000000000000000000e+00
4.396748778103692357e-01 -2.140464716187089056e-01 0.000000000000000000e+00
4.493357268309206565e-01 -2.058122818841099377e-01 0.000000000000000000e+00
4.589928955568202684e-01 -1.975964442383919273e-01 0.000000000000000000e+00
4.686458973658932936e-01 -1.893911996449467172e-01 0.000000000000000000e+00
4.783013806672181678e-01 -1.811942756141132760e-01 0.000000000000000000e+00
4.879712124974538989e-01 -1.730098841365232676e-01 0.000000000000000000e+00
4.976695202852395306e-01 -1.648483983466462188e-01 0.000000000000000000e+00
5.074093373388882666e-01 -1.567245783141736071e-01 0.000000000000000000e+00
5.171996156924902888e-01 -1.486545572596379983e-01 0.000000000000000000e+00
5.270433299642581781e-01 -1.406521465827259842e-01 0.000000000000000000e+00
5.369371990369864456e-01 -1.327252966025237735e-01 0.000000000000000000e+00
5.468732312310333743e-01 -1.248736904679346171e-01 0.000000000000000000e+00
5.568419118099277032e-01 -1.170884020373516021e-01 0.000000000000000000e+00
5.668364733013746548e-01 -1.093542974903106563e-01 0.000000000000000000e+00
5.768573952040558783e-01 -1.016554266910762727e-01 0.000000000000000000e+00
5.869161334639512173e-01 -9.398309408665003750e-02 0.000000000000000000e+00
5.970371196984801676e-01 -8.634571115282241305e-02 0.000000000000000000e+00
6.072573001805057213e-01 -7.877902045012248611e-02 0.000000000000000000e+00
6.176228741474062423e-01 -7.135495025047795814e-02 0.000000000000000000e+00
6.281833779352429259e-01 -6.418729134498114830e-02 0.000000000000000000e+00
6.389837626481407185e-01 -5.743262750593636917e-02 0.000000000000000000e+00
6.500555388749348351e-01 -5.128549078272549161e-02 0.000000000000000000e+00
6.614083320950316924e-01 -4.596749117810574464e-02 0.000000000000000000e+00
6.730232507570629297e-01 -4.171107881807273321e-02 0.000000000000000000e+00
6.848492943693125223e-01 -3.873949522684249497e-02 0.000000000000000000e+00
6.968036398311864277e-01 -3.724520884523279535e-02 0.000000000000000000e+00
7.087760967669216594e-01 -3.736957424062382210e-02 0.000000000000000000e+00
7.206374016910500613e-01 -3.918651006018400440e-02 0.000000000000000000e+00
7.322504261249669355e-01 -4.269262151898765151e-02 0.000000000000000000e+00
7.434829029796314881e-01 -4.780543077665342505e-02 0.000000000000000000e+00
7.542200076409091292e-01 -5.437032081277855949e-02 0.000000000000000000e+00
7.643751119784587544e-01 -6.217559637804519895e-02 0.000000000000000000e+00
7.738972672196695601e-01 -7.097390076847795437e-02 0.000000000000000000e+00
7.827744297956847896e-01 -8.050728275230845110e-02 0.000000000000000000e+00
7.910320514344476583e-01 -9.053263873298909858e-02 0.000000000000000000e+00
7.987273154687848375e-01 -1.008441610261393562e-01 0.000000000000000000e+00
8.059399119775964015e-01 -1.112898308308731266e-01 0.000000000000000000e+00
8.127607105294529788e-01 -1.217798515088873018e-01 0.000000000000000000e+00
8.192799411036807422e-01 -1.322860987417136813e-01 0.000000000000000000e+00
8.255764971355047388e-01 -1.428329896633441509e-01 0.000000000000000000e+00
8.317097361852208159e-01 -1.534814380808226242e-01 0.000000000000000000e+00
8.377147187836883058e-01 -1.643085695783623457e-01 0.000000000000000000e+00
8.436012700920804130e-01 -1.753864603734847927e-01 0.000000000000000000e+00
8.493566645120711467e-01 -1.867632446665375423e-01 0.000000000000000000e+00
8.549512136666321815e-01 -1.984494955358399593e-01 0.000000000000000000e+00
8.603456620683168632e-01 -2.104118962709916607e-01 0.000000000000000000e+00
8.654991140209838951e-01 -2.225750263843631338e-01 0.000000000000000000e+00
8.703762469720652817e-01 -2.348307817639405937e-01 0.000000000000000000e+00
8.749527918351748257e-01 -2.470537407612598546e-01 0.000000000000000000e+00
8.792186299037111352e-01 -2.591198692573391527e-01 0.000000000000000000e+00
8.831782980439595310e-01 -2.709254710202249616e-01 0.000000000000000000e+00
8.868491302658479958e-01 -2.824033063072644012e-01 0.000000000000000000e+00
8.902576220385803873e-01 -2.935333102944284733e-01 0.000000000000000000e+00
8.934348296886172047e-01 -3.043462523065297853e-01 0.000000000000000000e+00
8.964116833976607523e-01 -3.149198320363377768e-01 0.000000000000000000e+00
9.018647716189538421e-01 -3.358246982803760328e-01 0.000000000000000000e+00
