8.525459366595029564e-01 0.000000000000000000e+00 8.477313454559276540e-02
8.512569869316369831e-01 0.000000000000000000e+00 7.978289191706122718e-02
8.498982507759922367e-01 0.000000000000000000e+00 7.477921285262820184e-02
8.484612302449752175e-01 0.000000000000000000e+00 6.977267041557076721e-02
8.469359516297265689e-01 0.000000000000000000e+00 6.477711618177074693e-02
8.453112253421602995e-01 0.000000000000000000e+00 5.980965163510434252e-02
8.435749621773341866e-01 0.000000000000000000e+00 5.489050577064084196e-02
8.417145374525136781e-01 0.000000000000000000e+00 5.004281881950922023e-02
8.397171926296045363e-01 0.000000000000000000e+00 4.529233486774897344e-02
8.375704624545659005e-01 0.000000000000000000e+00 4.066700897648952567e-02
8.352626144511612338e-01 0.000000000000000000e+00 3.619653713036604520e-02
8.327830868346725035e-01 0.000000000000000000e+00 3.191181985564685991e-02
8.301229105976501987e-01 0.000000000000000000e+00 2.784437257513389108e-02
8.272751016825112824e-01 0.000000000000000000e+00 2.402569762789744448e-02
8.242350097966898437e-01 0.000000000000000000e+00 2.048663431375192384e-02
8.210006115304442353e-01 0.000000000000000000e+00 1.725670427374835503e-02
8.175727369745297013e-01 0.000000000000000000e+00 1.436346995264550785e-02
8.139552209586855547e-01 0.000000000000000000e+00 1.183192378755231616e-02
8.101549722824590294e-01 0.000000000000000000e+00 9.683925126163851413e-03
8.061819568155625948e-01 0.000000000000000000e+00 7.937700713149977230e-03
8.020490930246214623e-01 0.000000000000000000e+00 6.607422926292998849e-03
7.977720612488582441e-01 0.000000000000000000e+00 5.702877843049676369e-03
7.933690308073064745e-01 0.000000000000000000e+00 5.229232736127440578e-03
7.888603116821696348e-01 0.000000000000000000e+00 5.186909808908344785e-03
7.842679399970784448e-01 0.000000000000000000e+00 5.571569973847250411e-03
7.796152087110106432e-01 0.000000000000000000e+00 6.374207342555904439e-03
7.749261568027625557e-01 0.000000000000000000e+00 7.581351932837359503e-03
7.702250316625766091e-01 0.000000000000000000e+00 9.175375004404469348e-03
7.655357403857167009e-01 0.000000000000000000e+00 1.113488850836901259e-02
7.608813061416184187e-01 0.000000000000000000e+00 1.343522746761991772e-02
7.562833457525133252e-01 0.000000000000000000e+00 1.604900177951646897e-02
7.517615840552084316e-01 0.000000000000000000e+00 1.894670202156715361e-02
7.473334195546129655e-01 0.000000000000000000e+00 2.209734240423166796e-02
7.430135543402568432e-01 0.000000000000000000e+00 2.546912309669027707e-02
7.388136992760799826e-01 0.000000000000000000e+00 2.903009377859902540e-02
7.347423631522699283e-01 0.000000000000000000e+00 3.274880045311542864e-02
7.308047318812349591e-01 0.000000000000000000e+00 3.659489828548648932e-02
7.270026410131786854e-01 0.000000000000000000e+00 4.053971448127230426e-02
7.233346419323171128e-01 0.000000000000000000e+00 4.455674694607976438e-02
7.197961591685667626e-01 0.000000000000000000e+00 4.862208661645017749e-02
7.163797334181387644e-01 0.000000000000000000e+00 5.271475384785521273e-02
7.130753422038214051e-01 0.000000000000000000e+00 5.681694200821590934e-02
7.098707877098623387e-01 0.000000000000000000e+00 6.091416436336422047e-02
7.067521392764528620e-01 0.000000000000000000e+00 6.499530335863226704e-02
7.037042164024805979e-01 0.000000000000000000e+00 6.905256440050021316e-02
7.007110969361568520e-01 0.000000000000000000e+00 7.308133912744370353e-02
6.977566344693632017e-01 0.000000000000000000e+00 7.707998583772410206e-02
6.948249688140629710e-01 0.000000000000000000e+00 8.104953712930207388e-02
6.919010138311493252e-01 0.000000000000000000e+00 8.499334682901120430e-02
6.889709077890320277e-01 0.000000000000000000e+00 8.891668988299361587e-02
6.860224128191229065e-01 0.000000000000000000e+00 9.282633000122551825e-02
6.830452518599813283e-01 0.000000000000000000e+00 9.673007046493665995e-02
6.800313736783191176e-01 0.000000000000000000e+00 1.006363036031317493e-01
6.769751390481085762e-01 0.000000000000000000e+00 1.045535740269337294e-01
6.738734238734359616e-01 0.000000000000000000e+00 1.084901697989632263e-01
6.707256378643784434e-01 0.000000000000000000e+00 1.124537543466559708e-01
6.675336602220696136e-01 0.000000000000000000e+00 1.164510501554957139e-01
6.643016965627185355e-01 0.000000000000000000e+00 1.204875831659157348e-01
6.610360639169670094e-01 0.000000000000000000e+00 1.245674944221862451e-01
6.577449129927726013e-01 0.000000000000000000e+00 1.286934229672020980e-01
6.544378989081941489e-01 0.000000000000000000e+00 1.328664613331716204e-01
6.511258132178442404e-01 0.000000000000000000e+00 1.370861823363591359e-01
6.478201912200680646e-01 0.000000000000000000e+00 1.413507333348511252e-01
6.445329092035849694e-01 0.000000000000000000e+00 1.456569917382905810e-01
6.412757864517713013e-01 0.000000000000000000e+00 1.500007734471613674e-01
6.380602064670360951e-01 0.000000000000000000e+00 1.543770841163368546e-01
6.348967710215979166e-01 0.000000000000000000e+00 1.587804017410841539e-01
6.317949993162724764e-01 0.000000000000000000e+00 1.632049780975220465e-01
6.287630827835868352e-01 0.000000000000000000e+00 1.676451460623852585e-01
6.258077039678109355e-01 0.000000000000000000e+00 1.720956198014303995e-01
6.229339255267527520e-01 0.000000000000000000e+00 1.765517752480883218e-01
6.201451528123125279e-01 0.000000000000000000e+00 1.810098991739958474e-01
6.174431707893633936e-01 0.000000000000000000e+00 1.854673964454676138e-01
6.148282533396006722e-01 0.000000000000000000e+00 1.899229467154182061e-01
6.122993403628586018e-01 0.000000000000000000e+00 1.943766037571614813e-01
6.098542756243126028e-01 0.000000000000000000e+00 1.988298328333801546e-01
6.074900960871083555e-01 0.000000000000000000e+00 2.032854838314580859e-01
6.052033615923474441e-01 0.000000000000000000e+00 2.077477003017781376e-01
6.029905122664038775e-01 0.000000000000000000e+00 2.122217669233072979e-01
6.008482399997645551e-01 0.000000000000000000e+00 2.167139002069251030e-01
5.987738597869814994e-01 0.000000000000000000e+00 2.212309893518024928e-01
5.967656666620885231e-01 0.000000000000000000e+00 2.257802960209567000e-01
5.948232644089258558e-01 0.000000000000000000e+00 2.303691233355583956e-01
5.929478531548911802e-01 0.000000000000000000e+00 2.350044655518672976e-01
5.911424643366204323e-01 0.000000000000000000e+00 2.396926506413069591e-01
5.894121333085572401e-01 0.000000000000000000e+00 2.444389883191455393e-01
5.877640019879927236e-01 0.000000000000000000e+00 2.492474359517432292e-01
5.862073463191562750e-01 0.000000000000000000e+00 2.541202942229967010e-01
5.847535259115451689e-01 0.000000000000000000e+00 2.590579434791592250e-01
5.834158558750065504e-01 0.000000000000000000e+00 2.640586303335432095e-01
5.822094035443042825e-01 0.000000000000000000e+00 2.691183124474409438e-01
5.811507153673565185e-01 0.000000000000000000e+00 2.742305674706955743e-01
5.802574816356819154e-01 0.000000000000000000e+00 2.793865699933245628e-01
5.795481488809884896e-01 0.000000000000000000e+00 2.845751381034406502e-01
5.790414915755025538e-01 0.000000000000000000e+00 2.897828488451590356e-01
5.787561561945543387e-01 0.000000000000000000e+00 2.949942196028703112e-01
5.787101916807723123e-01 0.000000000000000000e+00 3.001919502830001640e-01
5.789205808579500623e-01 0.000000000000000000e+00 3.053572191944142200e-01
5.794027873635573256e-01 0.000000000000000000e+00 3.104700238101215093e-01
5.801703322030745680e-01 0.000000000000000000e+00 3.155095561827025441e-01
5.812344130945936715e-01 0.000000000000000000e+00 3.204546017295409333e-01
5.826035784022655095e-01 0.000000000000000000e+00 3.252839494343101046e-01
5.842834657006115151e-01 0.000000000000000000e+00 3.299768012473544565e-01
5.862766129299963325e-01 0.000000000000000000e+00 3.345131686143824612e-01
5.885823477688858496e-01 0.000000000000000000e+00 3.388742446106921546e-01
5.911967583413841876e-01 0.000000000000000000e+00 3.430427410835648616e-01
5.941127457848220939e-01 0.000000000000000000e+00 3.470031814721598606e-01
5.973201566100927451e-01 0.000000000000000000e+00 3.507421415344127436e-01
6.008059902845833689e-01 0.000000000000000000e+00 3.542484320065849568e-01
6.045546751377790518e-01 0.000000000000000000e+00 3.575132191881742472e-01
6.085484036101798111e-01 0.000000000000000000e+00 3.605300815126552538e-01
6.127675161051406860e-01 0.000000000000000000e+00 3.632950022600969220e-01
6.171909213171103969e-01 0.000000000000000000e+00 3.658063006182317722e-01
6.217965399416774952e-01 0.000000000000000000e+00 3.680645052336907197e-01
6.265617581511464529e-01 0.000000000000000000e+00 3.700721761495966988e-01
6.314638771567824271e-01 0.000000000000000000e+00 3.718336825415267666e-01
6.364805455720565774e-01 0.000000000000000000e+00 3.733549448923290659e-01
6.415901621212221073e-01 0.000000000000000000e+00 3.746431511496168820e-01
6.467722374703817056e-01 0.000000000000000000e+00 3.757064569623311812e-01
6.520077055463329163e-01 0.000000000000000000e+00 3.765536802818331141e-01
6.572791765925208862e-01 0.000000000000000000e+00 3.771940004390438861e-01
6.625711263223630354e-01 0.000000000000000000e+00 3.776366712857270880e-01
6.678700177918861502e-01 0.000000000000000000e+00 3.778907571410041188e-01
6.731643549455316178e-01 0.000000000000000000e+00 3.779648991508238187e-01
6.784446691090779691e-01 0.000000000000000000e+00 3.778671182953580732e-01
6.837034419313058331e-01 0.000000000000000000e+00 3.776046597221526802e-01
6.889349703348887077e-01 0.000000000000000000e+00 3.771838814021400976e-01
6.941351808575679794e-01 0.000000000000000000e+00 3.766101883656973182e-01
6.993014022868007107e-01 0.000000000000000000e+00 3.758880120423349069e-01
7.044321066659220421e-01 0.000000000000000000e+00 3.750208325645688623e-01
7.095266295416026159e-01 0.000000000000000000e+00 3.740112403646301265e-01
7.145848807093173605e-01 0.000000000000000000e+00 3.728610320466491657e-01
7.196070566886808573e-01 0.000000000000000000e+00 3.715713344037181454e-01
7.245933657318046617e-01 0.000000000000000000e+00 3.701427496061882039e-01
7.295437753576107243e-01 0.000000000000000000e+00 3.685755140413532471e-01
7.344577912491260241e-01 0.000000000000000000e+00 3.668696630502456535e-01
7.393342748970823664e-01 0.000000000000000000e+00 3.650251938874815583e-01
7.441713056797105708e-01 0.000000000000000000e+00 3.630422196156826709e-01
7.489660912015696503e-01 0.000000000000000000e+00 3.609211073160817351e-01
7.537149277451844487e-01 0.000000000000000000e+00 3.586625949198578578e-01
7.584132106926304573e-01 0.000000000000000000e+00 3.562678820994916729e-01
7.630554928246319202e-01 0.000000000000000000e+00 3.537386919571274269e-01
7.676355865741514295e-01 0.000000000000000000e+00 3.510773016528680457e-01
7.721467046666241618e-01 0.000000000000000000e+00 3.482865415716959734e-01
7.765816321790164345e-01 0.000000000000000000e+00 3.453697640734447183e-01
7.809329219441236702e-01 0.000000000000000000e+00 3.423307842469733298e-01
7.851931044528287496e-01 0.000000000000000000e+00 3.391737963416078805e-01
7.893549029904828318e-01 0.000000000000000000e+00 3.359032706255106748e-01
7.934114446955708999e-01 0.000000000000000000e+00 3.325238362786952506e-01
7.973564585468397858e-01 0.000000000000000000e+00 3.290401565335975276e-01
8.011844519528028563e-01 0.000000000000000000e+00 3.254568026043990203e-01
8.048908586056017223e-01 0.000000000000000000e+00 3.217781329847572147e-01
8.084721515283160853e-01 0.000000000000000000e+00 3.180081844410442837e-01
8.119259167394133891e-01 0.000000000000000000e+00 3.141505804951182368e-01
8.152508846202199955e-01 0.000000000000000000e+00 3.102084623989023737e-01
8.184469178352306029e-01 0.000000000000000000e+00 3.061844465849791752e-01
8.215149564512822522e-01 0.000000000000000000e+00 3.020806113746086763e-01
8.244569226598809086e-01 0.000000000000000000e+00 2.978985143863560059e-01
8.272755891586723864e-01 0.000000000000000000e+00 2.936392406698953850e-01
8.299744167290282748e-01 0.000000000000000000e+00 2.893034801492657682e-01
8.325573677995163901e-01 0.000000000000000000e+00 2.848916315579501646e-01
8.350287037610616414e-01 0.000000000000000000e+00 2.804039287437594119e-01
8.373927744610704105e-01 0.000000000000000000e+00 2.758405840704344358e-01
8.396538086250031618e-01 0.000000000000000000e+00 2.712019426954780377e-01
8.418157139222484098e-01 0.000000000000000000e+00 2.664886408027976605e-01
8.438818950097183302e-01 0.000000000000000000e+00 2.617017604478608095e-01
8.458550971658875817e-01 0.000000000000000000e+00 2.568429735551244208e-01
8.477372820976682988e-01 0.000000000000000000e+00 2.519146678037357812e-01
8.495295412021004466e-01 0.000000000000000000e+00 2.469200476468771110e-01
8.512320500444885418e-01 0.000000000000000000e+00 2.418632045192299351e-01
8.528440661330640715e-01 0.000000000000000000e+00 2.367491513704274575e-01
8.543639702927402491e-01 0.000000000000000000e+00 2.315838179833649146e-01
8.557893501362583422e-01 0.000000000000000000e+00 2.263740050481882760e-01
8.571171223706813835e-01 0.000000000000000000e+00 2.211272966106371807e-01
8.583436890300997213e-01 0.000000000000000000e+00 2.158519322357487225e-01
8.594651212571450261e-01 0.000000000000000000e+00 2.105566419591065885e-01
8.604773630255520001e-01 0.000000000000000000e+00 2.052504487704527869e-01
8.613764462540655087e-01 0.000000000000000000e+00 1.999424449219149302e-01
8.621587081483812476e-01 0.000000000000000000e+00 1.946415497119372284e-01
8.628210013502232156e-01 0.000000000000000000e+00 1.893562575085111777e-01
8.633608875855456333e-01 0.000000000000000000e+00 1.840943855917001326e-01
8.637768059876750337e-01 0.000000000000000000e+00 1.788628318758753721e-01
8.640682081123711722e-01 0.000000000000000000e+00 1.736673526882514806e-01
8.642356528330161769e-01 0.000000000000000000e+00 1.685123705167923258e-01
8.642808557653396395e-01 0.000000000000000000e+00 1.634008209955627733e-01
8.642066895707916085e-01 0.000000000000000000e+00 1.583340473813039107e-01
8.640171333647677088e-01 0.000000000000000000e+00 1.533117494173799611e-01
8.637171714418521162e-01 0.000000000000000000e+00 1.483319918193507780e-01
8.633126435515869890e-01 0.000000000000000000e+00 1.433912757012760775e-01
8.628100509391827266e-01 0.000000000000000000e+00 1.384846741547946236e-01
8.622163242307422371e-01 0.000000000000000000e+00 1.336060309636928900e-01
8.615385609199153194e-01 0.000000000000000000e+00 1.287482191607314530e-01
8.607837416362522642e-01 0.000000000000000000e+00 1.239034538899696780e-01
8.599584354872026326e-01 0.000000000000000000e+00 1.190636519064273979e-01
8.590685055186020325e-01 0.000000000000000000e+00 1.142208281032062872e-01
8.581188256980024631e-01 0.000000000000000000e+00 1.093675177768134860e-01
8.571130207705586201e-01 0.000000000000000000e+00 1.044972119894840845e-01
8.560532398624864925e-01 0.000000000000000000e+00 9.960479241793916694e-02
8.549399738215354150e-01 0.000000000000000000e+00 9.468695153433810685e-02
8.525459366595029564e-01 0.000000000000000000e+00 8.477313454559276540e-02
