-5.973308427124884856e-01 0.000000000000000000e+00 5.385941295447272542e-02
-6.050160130447546081e-01 0.000000000000000000e+00 3.907674456213275360e-02
-6.126866106682867796e-01 0.000000000000000000e+00 2.274776662316892184e-02
-6.205826202560937865e-01 0.000000000000000000e+00 4.513715400449349636e-03
-6.286221769888030719e-01 0.000000000000000000e+00 -1.548231496725650282e-02
-6.363924797965155866e-01 0.000000000000000000e+00 -3.670279842155644429e-02
-6.432607280545953321e-01 0.000000000000000000e+00 -5.845648236594570141e-02
-6.485613468624390476e-01 0.000000000000000000e+00 -8.016014601640007731e-02
-6.517857021934202466e-01 0.000000000000000000e+00 -1.015107921102867822e-01
-6.527030728222708023e-01 0.000000000000000000e+00 -1.225083757578726978e-01
-6.513745208931496222e-01 0.000000000000000000e+00 -1.433420284282126422e-01
-6.480683193159345601e-01 0.000000000000000000e+00 -1.642123323547043101e-01
-6.431248632081308925e-01 0.000000000000000000e+00 -1.851820987085079084e-01
-6.368334817810048509e-01 0.000000000000000000e+00 -2.061227676595219493e-01
-6.293688897354131617e-01 0.000000000000000000e+00 -2.267694275716013730e-01
-6.208007478259096601e-01 0.000000000000000000e+00 -2.468433093393108679e-01
-6.111539639224951026e-01 0.000000000000000000e+00 -2.661725696810819386e-01
-6.004771311416560176e-01 0.000000000000000000e+00 -2.847511751640179889e-01
-5.888798908861294645e-01 0.000000000000000000e+00 -3.027134320789672262e-01
-5.765226631734391427e-01 0.000000000000000000e+00 -3.202464364865120761e-01
-5.635705133061147398e-01 0.000000000000000000e+00 -3.374913218018295025e-01
-5.501416918749341134e-01 0.000000000000000000e+00 -3.544839099078753719e-01
-5.362816368496727826e-01 0.000000000000000000e+00 -3.711593774157715409e-01
-5.219764515894478318e-01 0.000000000000000000e+00 -3.874098364769990033e-01
-5.071965010140810914e-01 0.000000000000000000e+00 -4.031577605979780876e-01
-4.919440735993066416e-01 0.000000000000000000e+00 -4.184044696523976370e-01
-4.762778945319148804e-01 0.000000000000000000e+00 -4.332310572023153061e-01
-4.603015372945765127e-01 0.000000000000000000e+00 -4.477572789533331710e-01
-4.441238607231685620e-01 0.000000000000000000e+00 -4.620858983054493829e-01
-4.278154223590777128e-01 0.000000000000000000e+00 -4.762644954292629684e-01
-4.113865897295844176e-01 0.000000000000000000e+00 -4.902830517007820688e-01
-3.948000465651451130e-01 0.000000000000000000e+00 -5.041031439612932985e-01
-3.780101610723765049e-01 0.000000000000000000e+00 -5.176969429205785511e-01
-3.610058816793015324e-01 0.000000000000000000e+00 -5.310712979459895067e-01
-3.438316541586551867e-01 0.000000000000000000e+00 -5.442647551309039988e-01
-3.265739453102309287e-01 0.000000000000000000e+00 -5.573249906404779130e-01
-3.093223477006544764e-01 0.000000000000000000e+00 -5.702884606339128082e-01
-2.921320081805662272e-01 0.000000000000000000e+00 -5.831839956497932853e-01
-2.750177820377902038e-01 0.000000000000000000e+00 -5.960670927144808839e-01
-2.579967544501043930e-01 0.000000000000000000e+00 -6.090701676573160306e-01
-2.411705176456641897e-01 0.000000000000000000e+00 -6.224385907314985422e-01
-2.248142564708242586e-01 0.000000000000000000e+00 -6.365226256352989331e-01
-2.094289853546674740e-01 0.000000000000000000e+00 -6.517127390134987985e-01
-1.957227314095211224e-01 0.000000000000000000e+00 -6.683321754344722088e-01
-1.845129710546871971e-01 0.000000000000000000e+00 -6.865230736228798980e-01
-1.765747623935514377e-01 0.000000000000000000e+00 -7.061693264480399801e-01
-1.724823992718971244e-01 0.000000000000000000e+00 -7.268870921596390922e-01
-1.724965511537419061e-01 0.000000000000000000e+00 -7.480880568427429322e-01
-1.765320076247933745e-01 0.000000000000000000e+00 -7.690933107672213165e-01
-1.842109593207549301e-01 0.000000000000000000e+00 -7.892592348793351364e-01
-1.949764373158011377e-01 0.000000000000000000e+00 -8.080773989571282678e-01
-2.082226493857086413e-01 0.000000000000000000e+00 -8.252258896896488283e-01
-2.233997594386933350e-01 0.000000000000000000e+00 -8.405707799512196488e-01
-2.400677772035797464e-01 0.000000000000000000e+00 -8.541331566087358995e-01
-2.578984371846109735e-01 0.000000000000000000e+00 -8.660427097969041199e-01
-2.766439996178511884e-01 0.000000000000000000e+00 -8.764935847952685100e-01
-2.960998432742694142e-01 0.000000000000000000e+00 -8.857079071135904869e-01
-3.160821326900853934e-01 0.000000000000000000e+00 -8.939045715359807964e-01
-3.364277160056259874e-01 0.000000000000000000e+00 -9.012699955903283877e-01
-3.570089591605637991e-01 0.000000000000000000e+00 -9.079326688303188675e-01
-3.777485564293023290e-01 0.000000000000000000e+00 -9.139492794832040357e-01
-3.986211960540210764e-01 0.000000000000000000e+00 -9.193111715313108112e-01
-4.196378914920609882e-01 0.000000000000000000e+00 -9.239734677800249818e-01
-4.408191465120537278e-01 0.000000000000000000e+00 -9.278981772031855701e-01
-4.621692481777305850e-01 0.000000000000000000e+00 -9.310934878516329283e-01
-4.836630895860175583e-01 0.000000000000000000e+00 -9.336305070444725906e-01
-5.052501682953248752e-01 0.000000000000000000e+00 -9.356279664166793353e-01
-5.268718244431315201e-01 0.000000000000000000e+00 -9.372109390059866207e-01
-5.484818990270760031e-01 0.000000000000000000e+00 -9.384633613485389159e-01
-5.700604606173802491e-01 0.000000000000000000e+00 -9.393983149972707780e-01
-5.916147290276975168e-01 0.000000000000000000e+00 -9.399615881775403858e-01
-6.131680262065074549e-01 0.000000000000000000e+00 -9.400668326169553390e-01
-6.347429802680841782e-01 0.000000000000000000e+00 -9.396435691394774414e-01
-6.563468945757091610e-01 0.000000000000000000e+00 -9.386716804866044317e-01
-6.779649227617824403e-01 0.000000000000000000e+00 -9.371824093237132169e-01
-6.995621630918802403e-01 0.000000000000000000e+00 -9.352233419032485173e-01
-7.210914942455955989e-01 0.000000000000000000e+00 -9.328043540079434814e-01
-7.425018473772095895e-01 0.000000000000000000e+00 -9.298525844933914764e-01
-7.637421887853945712e-01 0.000000000000000000e+00 -9.262009979453452724e-01
-7.847589745392958838e-01 0.000000000000000000e+00 -9.216185377798606915e-01
-8.054878034409366228e-01 0.000000000000000000e+00 -9.158688430822609083e-01
-8.258422276206959234e-01 0.000000000000000000e+00 -9.087701265324924504e-01
-8.457036749914741414e-01 0.000000000000000000e+00 -9.002287648415745469e-01
-8.649163279313070163e-01 0.000000000000000000e+00 -8.902334822987860719e-01
-8.832899400531868395e-01 0.000000000000000000e+00 -8.788180243544269077e-01
-9.006121461239086079e-01 0.000000000000000000e+00 -8.660165964068251565e-01
-9.166698081880310101e-01 0.000000000000000000e+00 -8.518392298195818224e-01
-9.312764085556735072e-01 0.000000000000000000e+00 -8.362820708947547033e-01
-9.442999518850174745e-01 0.000000000000000000e+00 -8.193669965551513279e-01
-9.556842746848381864e-01 0.000000000000000000e+00 -8.011872152820815884e-01
-9.654571745150798412e-01 0.000000000000000000e+00 -7.819304368728119403e-01
-9.737218591731766626e-01 0.000000000000000000e+00 -7.618618127080657443e-01
-9.806332291186398153e-01 0.000000000000000000e+00 -7.412696818999099380e-01
-9.863656620338859815e-01 0.000000000000000000e+00 -7.203971247737754879e-01
-9.910820476443361615e-01 0.000000000000000000e+00 -6.993906793944139055e-01
-9.949132558033991769e-01 0.000000000000000000e+00 -6.782897042891556927e-01
-9.979529966723188483e-01 0.000000000000000000e+00 -6.570597920181693308e-01
-1.000266862219301833e+00 0.000000000000000000e+00 -6.356518749318422756e-01
-1.001908937270116873e+00 0.000000000000000000e+00 -6.140566103701188272e-01
-1.002937143531239972e+00 0.000000000000000000e+00 -5.923274715055184547e-01
-1.003420320540605148e+00 0.000000000000000000e+00 -5.705634129709746816e-01
-1.003434866852298990e+00 0.000000000000000000e+00 -5.488635661273147948e-01
-1.003054068295135659e+00 0.000000000000000000e+00 -5.272806492964039471e-01
-1.002336430036780968e+00 0.000000000000000000e+00 -5.057992939462304660e-01
-1.001319045765448390e+00 0.000000000000000000e+00 -4.843509456689906179e-01
-1.000018807316290559e+00 0.000000000000000000e+00 -4.628565851029449174e-01
-9.984401025543149233e-01 0.000000000000000000e+00 -4.412734037517943575e-01
-9.965848869951487998e-01 0.000000000000000000e+00 -4.196198379063074135e-01
-9.944609503361991898e-01 0.000000000000000000e+00 -3.979656668291506327e-01
-9.920864479597205632e-01 0.000000000000000000e+00 -3.763932294680389923e-01
-9.894915936716998095e-01 0.000000000000000000e+00 -3.549515061158798335e-01
-9.867198628998915533e-01 0.000000000000000000e+00 -3.336283327876861104e-01
-9.838302142160297858e-01 0.000000000000000000e+00 -3.123556551972719308e-01
-9.808994012832586984e-01 0.000000000000000000e+00 -2.910444072367981416e-01
-9.780213000496478237e-01 0.000000000000000000e+00 -2.696295048639110181e-01
-9.753001599788991838e-01 0.000000000000000000e+00 -2.481003766066556537e-01
-9.728373367632855429e-01 0.000000000000000000e+00 -2.265009913557116117e-01
-9.707150903520704865e-01 0.000000000000000000e+00 -2.049005314895772922e-01
-9.689839573371051840e-01 0.000000000000000000e+00 -1.833520333052955642e-01
-9.676598279132583302e-01 0.000000000000000000e+00 -1.618625256774880172e-01
-9.667327125863819370e-01 0.000000000000000000e+00 -1.403911554523868677e-01
-9.661830998364927536e-01 0.000000000000000000e+00 -1.188756321696863710e-01
-9.659970985056884896e-01 0.000000000000000000e+00 -9.727123180923449852e-02
-9.661712234734853855e-01 0.000000000000000000e+00 -7.557961325717613144e-02
-9.667025622602669621e-01 0.000000000000000000e+00 -5.385067566469402267e-02
-9.675680706235441075e-01 0.000000000000000000e+00 -3.215615949621408731e-02
-9.687037341430582149e-01 0.000000000000000000e+00 -1.054987670320436249e-02
-9.699962240095546528e-01 0.000000000000000000e+00 1.096281463271928623e-02
-9.712947933653631738e-01 0.000000000000000000e+00 3.242877201596229553e-02
-9.724414201064549568e-01 0.000000000000000000e+00 5.392159830228195061e-02
-9.733073862268588616e-01 0.000000000000000000e+00 7.550097943430288117e-02
-9.738198586248836275e-01 0.000000000000000000e+00 9.717949902716561950e-02
-9.739655031253572348e-01 0.000000000000000000e+00 1.189154389281624757e-01
-9.737684993400524958e-01 0.000000000000000000e+00 1.406354274483536670e-01
-9.732525609091847718e-01 0.000000000000000000e+00 1.622738982670827723e-01
-9.724044404136035213e-01 0.000000000000000000e+00 1.838067148225068503e-01
-9.711556531836876838e-01 0.000000000000000000e+00 2.052594569434456895e-01
-9.693899273282575724e-01 0.000000000000000000e+00 2.266850296173034407e-01
-9.669708326576710311e-01 0.000000000000000000e+00 2.481224651549858440e-01
-9.637739986189630681e-01 0.000000000000000000e+00 2.695593204818292898e-01
-9.597067036200023216e-01 0.000000000000000000e+00 2.909179496457920400e-01
-9.547053821496854775e-01 0.000000000000000000e+00 3.120723632982611018e-01
-9.487146177987211271e-01 0.000000000000000000e+00 3.328851134375982457e-01
-9.416623199768797692e-01 0.000000000000000000e+00 3.532425630606352285e-01
-9.334486961872962008e-01 0.000000000000000000e+00 3.730684143360171179e-01
-9.239593743498887290e-01 0.000000000000000000e+00 3.923086493959659360e-01
-9.130992814511479372e-01 0.000000000000000000e+00 4.108984165549026679e-01
-9.008311527164660770e-01 0.000000000000000000e+00 4.287326991777965501e-01
-8.871981377599220675e-01 0.000000000000000000e+00 4.456610309635947731e-01
-8.723168891832694394e-01 0.000000000000000000e+00 4.615126857740060040e-01
-8.563425547677917526e-01 0.000000000000000000e+00 4.761405432431721763e-01
-8.394222906094944703e-01 0.000000000000000000e+00 4.894599360175246883e-01
-8.216607647674845083e-01 0.000000000000000000e+00 5.014605778238717670e-01
-8.031153113432230040e-01 0.000000000000000000e+00 5.121846710097481825e-01
-7.838224549238110850e-01 0.000000000000000000e+00 5.216841213832242863e-01
-7.638398253441498476e-01 0.000000000000000000e+00 5.299827631544423712e-01
-7.432778973439360115e-01 0.000000000000000000e+00 5.370673867437805171e-01
-7.223004546133529047e-01 0.000000000000000000e+00 5.429144802720944352e-01
-7.010895998742177060e-01 0.000000000000000000e+00 5.475371508054422964e-01
-6.797917687525256714e-01 0.000000000000000000e+00 5.510219196509301698e-01
-6.584740591385346287e-01 0.000000000000000000e+00 5.535276778199685888e-01
-6.371172586706536078e-01 0.000000000000000000e+00 5.552391535317506843e-01
-6.156535017666869836e-01 0.000000000000000000e+00 5.562944381849236342e-01
-5.940315787896498501e-01 0.000000000000000000e+00 5.567248152757521273e-01
-5.722751253466432653e-01 0.000000000000000000e+00 5.564431302825858516e-01
-5.504991732026708329e-01 0.000000000000000000e+00 5.552929237840547039e-01
-5.288708316248826868e-01 0.000000000000000000e+00 5.531359974954327408e-01
-5.075312514903831396e-01 0.000000000000000000e+00 5.499299533000249207e-01
-4.865224192469336240e-01 0.000000000000000000e+00 5.457459088651229751e-01
-4.657684659538460781e-01 0.000000000000000000e+00 5.407042272098465663e-01
-4.451408527406627846e-01 0.000000000000000000e+00 5.348509794276721241e-01
-4.245970582598855292e-01 0.000000000000000000e+00 5.280371485939876486e-01
-4.043411875439579806e-01 0.000000000000000000e+00 5.198737052307114137e-01
-3.849329006293366606e-01 0.000000000000000000e+00 5.098086786588909014e-01
-3.672813986093714234e-01 0.000000000000000000e+00 4.973165529351583070e-01
-3.525024433203575169e-01 0.000000000000000000e+00 4.821313366648669052e-01
-3.416720959363880872e-01 0.000000000000000000e+00 4.644224464162837740e-01
-3.355566639652086125e-01 0.000000000000000000e+00 4.448262202484403183e-01
-3.344131587541322448e-01 0.000000000000000000e+00 4.243029950291704600e-01
-3.379306778660809418e-01 0.000000000000000000e+00 4.038658480393527705e-01
-3.453301846599106106e-01 0.000000000000000000e+00 3.842867970904464969e-01
-3.555809466565646448e-01 0.000000000000000000e+00 3.658999303149906290e-01
-3.676518405412488311e-01 0.000000000000000000e+00 3.485800459314691846e-01
-3.807111363292617900e-01 0.000000000000000000e+00 3.318975571950004699e-01
-3.942190617429494059e-01 0.000000000000000000e+00 3.153717938168011381e-01
-4.079073589564808922e-01 0.000000000000000000e+00 2.987028573776158713e-01
-4.216853822951058817e-01 0.000000000000000000e+00 2.818772389802741696e-01
-4.355331299796466604e-01 0.000000000000000000e+00 2.651073728807222252e-01
-4.494312405970887769e-01 0.000000000000000000e+00 2.486485772147846440e-01
-4.633453947936644335e-01 0.000000000000000000e+00 2.325975357716694725e-01
-4.772470262030991117e-01 0.000000000000000000e+00 2.167845181862542714e-01
-4.911329931685303185e-01 0.000000000000000000e+00 2.008226655963881169e-01
-5.050131334627585566e-01 0.000000000000000000e+00 1.842958656125809891e-01
-5.188612109373620385e-01 0.000000000000000000e+00 1.669926358196802685e-01
-5.325552299291963498e-01 0.000000000000000000e+00 1.490643415955174300e-01
-5.458488753788711678e-01 0.000000000000000000e+00 1.310174732666644082e-01
-5.584064083117059596e-01 0.000000000000000000e+00 1.135273875227018475e-01
-5.699021173510678828e-01 0.000000000000000000e+00 9.714771130313451519e-02
-5.801482577263330498e-01 0.000000000000000000e+00 8.204344967815550838e-02
-5.973308427124884856e-01 0.000000000000000000e+00 5.385941295447272542e-02
