-1.548952719147314099e+02 -6.064501058908173263e+02 0.000000000000000000e+00
-1.547670010995625489e+02 -6.155020604795955705e+02 0.000000000000000000e+00
-1.548906593626757342e+02 -6.246334730601228102e+02 0.000000000000000000e+00
-1.552679582953494446e+02 -6.338712768371321999e+02 0.000000000000000000e+00
-1.559093613212608602e+02 -6.432331922102273438e+02 0.000000000000000000e+00
-1.568328735697128309e+02 -6.527254334839025205e+02 0.000000000000000000e+00
-1.580621938493047764e+02 -6.623414940861118794e+02 0.000000000000000000e+00
-1.596244164969070312e+02 -6.720620929833133914e+02 0.000000000000000000e+00
-1.615475083536039165e+02 -6.818562495127650891e+02 0.000000000000000000e+00
-1.638578002674278196e+02 -6.916833443178563812e+02 0.000000000000000000e+00
-1.665777224178323763e+02 -7.014959317488196575e+02 0.000000000000000000e+00
-1.697239800414876925e+02 -7.112430032602010215e+02 0.000000000000000000e+00
-1.733063148005187486e+02 -7.208733683044922600e+02 0.000000000000000000e+00
-1.773269329316092069e+02 -7.303388216789683156e+02 0.000000000000000000e+00
-1.817806115087335854e+02 -7.395968030667439734e+02 0.000000000000000000e+00
-1.866554261199190705e+02 -7.486123207928131933e+02 0.000000000000000000e+00
-1.919339840731293521e+02 -7.573589996811058427e+02 0.000000000000000000e+00
-1.975950028234086915e+02 -7.658192122772705943e+02 0.000000000000000000e+00
-2.036150477970593613e+02 -7.739833525032984198e+02 0.000000000000000000e+00
-2.099702391486911210e+02 -7.818484001634568585e+02 0.000000000000000000e+00
-2.166377528647317092e+02 -7.894159941697744216e+02 0.000000000000000000e+00
-2.235969754424380938e+02 -7.966902748754308732e+02 0.000000000000000000e+00
-2.308302186762407757e+02 -8.036757676339453837e+02 0.000000000000000000e+00
-2.383229561024098473e+02 -8.103755603058363022e+02 0.000000000000000000e+00
-2.460635989790660574e+02 -8.167899800671044659e+02 0.000000000000000000e+00
-2.540428809983994540e+02 -8.229159057521384284e+02 0.000000000000000000e+00
-2.622529617279586205e+02 -8.287467696014256262e+02 0.000000000000000000e+00
-2.706863849368313026e+02 -8.342732164831197679e+02 0.000000000000000000e+00
-2.793350371696116099e+02 -8.394843093684976338e+02 0.000000000000000000e+00
-2.881892438861701180e+02 -8.443691060328386584e+02 0.000000000000000000e+00
-2.972371168643438750e+02 -8.489183906092551979e+02 0.000000000000000000e+00
-3.064642307585010599e+02 -8.531263289864737089e+02 0.000000000000000000e+00
-3.158536633806858163e+02 -8.569918301844785447e+02 0.000000000000000000e+00
-3.253863887721697665e+02 -8.605194346054374819e+02 0.000000000000000000e+00
-3.350419698573723508e+02 -8.637196093635027410e+02 0.000000000000000000e+00
-3.447994632339262466e+02 -8.666084033901709063e+02 0.000000000000000000e+00
-3.546384261453637805e+02 -8.692064919502122393e+02 0.000000000000000000e+00
-3.645399070855676200e+02 -8.715377124953756720e+02 0.000000000000000000e+00
-3.744873072583027920e+02 -8.736272530466075068e+02 0.000000000000000000e+00
-3.844670190094558393e+02 -8.754996938155958333e+02 0.000000000000000000e+00
-3.944687766061024945e+02 -8.771771182557276916e+02 0.000000000000000000e+00
-4.044856904686978964e+02 -8.786774997485315453e+02 0.000000000000000000e+00
-4.145139736558034542e+02 -8.800135362534147134e+02 0.000000000000000000e+00
-4.245524044717955690e+02 -8.811920518040726620e+02 0.000000000000000000e+00
-4.346015974165310922e+02 -8.822140172624414163e+02 0.000000000000000000e+00
-4.446631731809783332e+02 -8.830751711913853796e+02 0.000000000000000000e+00
-4.547389251798202849e+02 -8.837671534952590946e+02 0.000000000000000000e+00
-4.648300748522220260e+02 -8.842790074938227463e+02 0.000000000000000000e+00
-4.749366917865518758e+02 -8.845988667950856552e+02 0.000000000000000000e+00
-4.850573300596495301e+02 -8.847156260065422657e+02 0.000000000000000000e+00
-4.951889024087323605e+02 -8.846204006307957570e+02 0.000000000000000000e+00
-5.053267828678796718e+02 -8.843076103066579208e+02 0.000000000000000000e+00
-5.154651002099984680e+02 -8.837755671492061538e+02 0.000000000000000000e+00
-5.255971623785636666e+02 -8.830265114509857085e+02 0.000000000000000000e+00
-5.357159386271600852e+02 -8.820661031599631769e+02 0.000000000000000000e+00
-5.458145226877708183e+02 -8.809024415385142674e+02 0.000000000000000000e+00
-5.558865070226835314e+02 -8.795447398064781055e+02 0.000000000000000000e+00
-5.659262138525716637e+02 -8.780018202016879059e+02 0.000000000000000000e+00
-5.759287508674260607e+02 -8.762806135244602501e+02 0.000000000000000000e+00
-5.858898852131557078e+02 -8.743848440517574545e+02 0.000000000000000000e+00
-5.958057550378968017e+02 -8.723140564803290999e+02 0.000000000000000000e+00
-6.056724602006427176e+02 -8.700630995048999239e+02 0.000000000000000000e+00
-6.154855898344301295e+02 -8.676221260068629135e+02 0.000000000000000000e+00
-6.252397523398585690e+02 -8.649771092489097555e+02 0.000000000000000000e+00
-6.349281722038784892e+02 -8.621108151442880398e+02 0.000000000000000000e+00
-6.445424081464399251e+02 -8.590041195151098918e+02 0.000000000000000000e+00
-6.540722299931687758e+02 -8.556375220975043021e+02 0.000000000000000000e+00
-6.635056697900338349e+02 -8.519926899558372497e+02 0.000000000000000000e+00
-6.728292390546171191e+02 -8.480538637873022481e+02 0.000000000000000000e+00
-6.820282819355277297e+02 -8.438089807967654679e+02 0.000000000000000000e+00
-6.910874164340888228e+02 -8.392504045835071338e+02 0.000000000000000000e+00
-6.999910051118979482e+02 -8.343752010853373804e+02 0.000000000000000000e+00
-7.087235943058872181e+02 -8.291849540421982283e+02 0.000000000000000000e+00
-7.172702671112430153e+02 -8.236851670756009298e+02 0.000000000000000000e+00
-7.256168694120945020e+02 -8.178843459679311536e+02 0.000000000000000000e+00
-7.337500881188218500e+02 -8.117928886897946086e+02 0.000000000000000000e+00
-7.416573837760283823e+02 -8.054219283992931651e+02 0.000000000000000000e+00
-7.493268026489027989e+02 -7.987822742933486779e+02 0.000000000000000000e+00
-7.567467130548293426e+02 -7.918835773009535615e+02 0.000000000000000000e+00
-7.639055242509087975e+02 -7.847338147514958564e+02 0.000000000000000000e+00
-7.707914515593449778e+02 -7.773391446657365123e+02 0.000000000000000000e+00
-7.773923876129845212e+02 -7.697041317424959743e+02 0.000000000000000000e+00
-7.836959268449148794e+02 -7.618322995010533987e+02 0.000000000000000000e+00
-7.896895700489741330e+02 -7.537269222062269591e+02 0.000000000000000000e+00
-7.953611104713955910e+02 -7.453919410338357920e+02 0.000000000000000000e+00
-8.006991756785796497e+02 -7.368328747992325134e+02 0.000000000000000000e+00
-8.056938739557031113e+02 -7.280575979418963470e+02 0.000000000000000000e+00
-8.103374736988913583e+02 -7.190768767571270246e+02 0.000000000000000000e+00
-8.146250320934916545e+02 -7.099045865680361658e+02 0.000000000000000000e+00
-8.185548873065944235e+02 -7.005575735060806437e+02 0.000000000000000000e+00
-8.221289372281199803e+02 -6.910551696078445048e+02 0.000000000000000000e+00
-8.253526468847520619e+02 -6.814184134087157645e+02 0.000000000000000000e+00
-8.282347541205023163e+02 -6.716690647652344524e+02 0.000000000000000000e+00
-8.307866759648435391e+02 -6.618285278424875742e+02 0.000000000000000000e+00
-8.330216524983753743e+02 -6.519168070995990547e+02 0.000000000000000000e+00
-8.349536968551569771e+02 -6.419516165428337899e+02 0.000000000000000000e+00
-8.365964453215640333e+02 -6.319477432679193498e+02 0.000000000000000000e+00
-8.379620170177295222e+02 -6.219167349645350669e+02 0.000000000000000000e+00
-8.390599961755059439e+02 -6.118669416553949532e+02 0.000000000000000000e+00
-8.398966407318664551e+02 -6.018038994841987233e+02 0.000000000000000000e+00
-8.404743995292341197e+02 -5.917310041585649287e+02 0.000000000000000000e+00
-8.407917890145486126e+02 -5.816503886524726568e+02 0.000000000000000000e+00
-8.408436423625304315e+02 -5.715638979687339543e+02 0.000000000000000000e+00
-8.406217036869809363e+02 -5.614740456922869498e+02 0.000000000000000000e+00
-8.401155020925170902e+02 -5.513848435087779762e+02 0.000000000000000000e+00
-8.393134092304851492e+02 -5.413024147605448206e+02 0.000000000000000000e+00
-8.382037635198571479e+02 -5.312353337151707819e+02 0.000000000000000000e+00
-8.367759368673515610e+02 -5.211946694532168749e+02 0.000000000000000000e+00
-8.350212266583491783e+02 -5.111937522612545308e+02 0.000000000000000000e+00
-8.329334764176797989e+02 -5.012477160841174282e+02 0.000000000000000000e+00
-8.305093606593214872e+02 -4.913728983508700594e+02 0.000000000000000000e+00
-8.277483094655432296e+02 -4.815861947943145083e+02 0.000000000000000000e+00
-8.246520916750746437e+02 -4.719044696827108964e+02 0.000000000000000000e+00
-8.212241171640881703e+02 -4.623441108799073618e+02 0.000000000000000000e+00
-8.174685536408458120e+02 -4.529207958446885414e+02 0.000000000000000000e+00
-8.133893774161599595e+02 -4.436495021732040982e+02 0.000000000000000000e+00
-8.089894877419101249e+02 -4.345447588901793665e+02 0.000000000000000000e+00
-8.042700091003333682e+02 -4.256210973759996818e+02 0.000000000000000000e+00
-7.992298856286506634e+02 -4.168936285743254757e+02 0.000000000000000000e+00
-7.938658387925369198e+02 -4.083786503401626078e+02 0.000000000000000000e+00
-7.881727171362954323e+02 -4.000941786607669997e+02 0.000000000000000000e+00
-7.821442202313847929e+02 -3.920603006080178261e+02 0.000000000000000000e+00
-7.757739332028280614e+02 -3.842992650333897018e+02 0.000000000000000000e+00
-7.690565687884743511e+02 -3.768352571517297633e+02 0.000000000000000000e+00
-7.619892854759549436e+02 -3.696938416554689866e+02 0.000000000000000000e+00
-7.545729363504118510e+02 -3.629011010958085421e+02 0.000000000000000000e+00
-7.468131057228112013e+02 -3.564825366505955913e+02 0.000000000000000000e+00
-7.387208093758227960e+02 -3.504618318734055151e+02 0.000000000000000000e+00
-7.303127674564592553e+02 -3.448596021614744132e+02 0.000000000000000000e+00
-7.216112030704279050e+02 -3.396922604118852291e+02 0.000000000000000000e+00
-7.126431696143907857e+02 -3.349711213291575405e+02 0.000000000000000000e+00
-7.034394602077876471e+02 -3.307018437250103489e+02 0.000000000000000000e+00
-6.940331975544568195e+02 -3.268842744376430574e+02 0.000000000000000000e+00
-6.844582370444852586e+02 -3.235127133377324640e+02 0.000000000000000000e+00
-6.747475359346678943e+02 -3.205765715550243158e+02 0.000000000000000000e+00
-6.649316446919053760e+02 -3.180613503173138383e+02 0.000000000000000000e+00
-6.550374626318704259e+02 -3.159498311887427917e+02 0.000000000000000000e+00
-6.450873703914345469e+02 -3.142233446609075145e+02 0.000000000000000000e+00
-6.350988098951397660e+02 -3.128629761194686694e+02 0.000000000000000000e+00
-6.250843330905710218e+02 -3.118505773945406077e+02 0.000000000000000000e+00
-6.150520894824700235e+02 -3.111694775178753503e+02 0.000000000000000000e+00
-6.050066752558177541e+02 -3.108048250389122131e+02 0.000000000000000000e+00
-5.949502289445177894e+02 -3.107435416783882829e+02 0.000000000000000000e+00
-5.848836344809230923e+02 -3.109739174453423516e+02 0.000000000000000000e+00
-5.748076847592307104e+02 -3.114849243681706525e+02 0.000000000000000000e+00
-5.647240683511219004e+02 -3.122653637488567711e+02 0.000000000000000000e+00
-5.546360674991308315e+02 -3.133029854378916639e+02 0.000000000000000000e+00
-5.445488938823408489e+02 -3.145837238095351154e+02 0.000000000000000000e+00
-5.344696352877416530e+02 -3.160911827580638374e+02 0.000000000000000000e+00
-5.244068356441491687e+02 -3.178064722852234354e+02 0.000000000000000000e+00
-5.143697769841224954e+02 -3.197084554478157088e+02 0.000000000000000000e+00
-5.043675692747495987e+02 -3.217744117484585331e+02 0.000000000000000000e+00
-4.944081782190953049e+02 -3.239810678771326025e+02 0.000000000000000000e+00
-4.844975291672271851e+02 -3.263058959098970035e+02 0.000000000000000000e+00
-4.746388162036683411e+02 -3.287285391420977021e+02 0.000000000000000000e+00
-4.648321203612823638e+02 -3.312322020006978391e+02 0.000000000000000000e+00
-4.550744027477020381e+02 -3.338048364113040520e+02 0.000000000000000000e+00
-4.453598917437018940e+02 -3.364399737279089209e+02 0.000000000000000000e+00
-4.356808339768297742e+02 -3.391370874758552532e+02 0.000000000000000000e+00
-4.260285325045750255e+02 -3.419014238929564726e+02 0.000000000000000000e+00
-4.163945582421433187e+02 -3.447432987350608187e+02 0.000000000000000000e+00
-4.067719968063484544e+02 -3.476769228238482583e+02 0.000000000000000000e+00
-3.971565856997079322e+02 -3.507188776051484069e+02 0.000000000000000000e+00
-3.875476072372145495e+02 -3.538864081934376600e+02 0.000000000000000000e+00
-3.779484298061200889e+02 -3.571957289296312865e+02 0.000000000000000000e+00
-3.683666308997437682e+02 -3.606605413605641388e+02 0.000000000000000000e+00
-3.588136851405230345e+02 -3.642909453468957395e+02 0.000000000000000000e+00
-3.493042533159993468e+02 -3.680928821569684715e+02 0.000000000000000000e+00
-3.398551579404371523e+02 -3.720681881050513198e+02 0.000000000000000000e+00
-3.304841709558257321e+02 -3.762152650870057187e+02 0.000000000000000000e+00
-3.212087648417773948e+02 -3.805302984389029461e+02 0.000000000000000000e+00
-3.120449861853052766e+02 -3.850088818012706611e+02 0.000000000000000000e+00
-3.030065993020140809e+02 -3.896478517150343350e+02 0.000000000000000000e+00
-2.941046176940267856e+02 -3.944470987817327341e+02 0.000000000000000000e+00
-2.853472960679263792e+02 -3.994111124507698491e+02 0.000000000000000000e+00
-2.767406002839959456e+02 -4.045500350375759808e+02 0.000000000000000000e+00
-2.682891132608665998e+02 -4.098800464024654389e+02 0.000000000000000000e+00
-2.599972784317205878e+02 -4.154229696143985961e+02 0.000000000000000000e+00
-2.518708355806172960e+02 -4.212050728724661894e+02 0.000000000000000000e+00
-2.439182725628052992e+02 -4.272551348723105207e+02 0.000000000000000000e+00
-2.361521046674336333e+02 -4.336019295021438325e+02 0.000000000000000000e+00
-2.285898031960891217e+02 -4.402713610847720815e+02 0.000000000000000000e+00
-2.212542257623913144e+02 -4.472835343846716682e+02 0.000000000000000000e+00
-2.141734500013071454e+02 -4.546500675376228742e+02 0.000000000000000000e+00
-2.073799748046918694e+02 -4.623719472423235288e+02 0.000000000000000000e+00
-2.009093222497294562e+02 -4.704381838177513941e+02 0.000000000000000000e+00
-1.947981415399916898e+02 -4.788254525491955178e+02 0.000000000000000000e+00
-1.890819759468134293e+02 -4.874988139224727206e+02 0.000000000000000000e+00
-1.837928981126748909e+02 -4.964134983321922050e+02 0.000000000000000000e+00
-1.789572428991898789e+02 -5.055176317599420486e+02 0.000000000000000000e+00
-1.745936671274037906e+02 -5.147556793384577531e+02 0.000000000000000000e+00
-1.707117414940986180e+02 -5.240723044468066973e+02 0.000000000000000000e+00
-1.673112337062434847e+02 -5.334162908383614194e+02 0.000000000000000000e+00
-1.643821779389735980e+02 -5.427441601368761894e+02 0.000000000000000000e+00
-1.619057505390265987e+02 -5.520231390496331869e+02 0.000000000000000000e+00
-1.598558931959753977e+02 -5.612331881140098631e+02 0.000000000000000000e+00
-1.582015507711288933e+02 -5.703678912025767431e+02 0.000000000000000000e+00
-1.569093293619337999e+02 -5.794341136219715054e+02 0.000000000000000000e+00
-1.559463374726176426e+02 -5.884504553996695222e+02 0.000000000000000000e+00
-1.548952719147314099e+02 -6.064501058908173263e+02 0.000000000000000000e+00
