0.000000000000000000e+00 -1.553177357753940271e+02 9.337400745400268534e+02
0.000000000000000000e+00 -1.234635164113714723e+02 9.314855094081564175e+02
0.000000000000000000e+00 -7.749019889347145806e+01 9.264117234661783868e+02
0.000000000000000000e+00 -2.745519322746549307e+01 9.179520298587203797e+02
0.000000000000000000e+00 1.677768840570159625e+01 9.052624168691467048e+02
0.000000000000000000e+00 5.607292939390323028e+01 8.871185882138563557e+02
0.000000000000000000e+00 9.470235108467481666e+01 8.628026753849171655e+02
0.000000000000000000e+00 1.316833641208997676e+02 8.333257498821649278e+02
0.000000000000000000e+00 1.646707077695529904e+02 8.013133056825737413e+02
0.000000000000000000e+00 1.963911052747248789e+02 7.693698049634169820e+02
0.000000000000000000e+00 2.314881620877169155e+02 7.391129157530369866e+02
0.000000000000000000e+00 2.705059845891983628e+02 7.121984427420272823e+02
0.000000000000000000e+00 3.115158738060916335e+02 6.913081779359264374e+02
0.000000000000000000e+00 3.546821574963125272e+02 6.788135705158399560e+02
0.000000000000000000e+00 4.009001845356934837e+02 6.745882130722857255e+02
0.000000000000000000e+00 4.482988264695322869e+02 6.761126784234692195e+02
0.000000000000000000e+00 4.942587898961499491e+02 6.806560677685595238e+02
0.000000000000000000e+00 5.392981751538881099e+02 6.864734741388208477e+02
0.000000000000000000e+00 5.854691419813119637e+02 6.921452240221882448e+02
0.000000000000000000e+00 6.324698447443918212e+02 6.961755302110716457e+02
0.000000000000000000e+00 6.786413407583645494e+02 6.976432831786434008e+02
0.000000000000000000e+00 7.242508824484602883e+02 6.961317139235729883e+02
0.000000000000000000e+00 7.703396452901981775e+02 6.904986043836122462e+02
0.000000000000000000e+00 8.155212339681132789e+02 6.787243686665103723e+02
0.000000000000000000e+00 8.572229959126133281e+02 6.596473685282262522e+02
0.000000000000000000e+00 8.950019331931349598e+02 6.340108956823395374e+02
0.000000000000000000e+00 9.293414293895294804e+02 6.031085209737655077e+02
0.000000000000000000e+00 9.583133681413954719e+02 5.672673253824458470e+02
0.000000000000000000e+00 9.792426766145844113e+02 5.266125138612688943e+02
0.000000000000000000e+00 9.932156730289927964e+02 4.825939770065055541e+02
0.000000000000000000e+00 1.004229079407388895e+03 4.374543358829732256e+02
0.000000000000000000e+00 1.013917939648607330e+03 3.923191387863127488e+02
0.000000000000000000e+00 1.020669570191756520e+03 3.468267301231808233e+02
0.000000000000000000e+00 1.024052059771210224e+03 3.006032508453334913e+02
0.000000000000000000e+00 1.026292992390413019e+03 2.541116736817605783e+02
0.000000000000000000e+00 1.028549311456808709e+03 2.078690594866373544e+02
0.000000000000000000e+00 1.029282297730407436e+03 1.617187656664052611e+02
0.000000000000000000e+00 1.027640083051981037e+03 1.153225959422904054e+02
0.000000000000000000e+00 1.025215377724091695e+03 6.882602943282341812e+01
0.000000000000000000e+00 1.022819646708686946e+03 2.261940386742886844e+01
0.000000000000000000e+00 1.018541510705921496e+03 -2.322735833921293391e+01
0.000000000000000000e+00 1.011112020723095043e+03 -6.896233361977081699e+01
0.000000000000000000e+00 1.002578264567732845e+03 -1.147635290968712809e+02
0.000000000000000000e+00 9.951031178357333147e+02 -1.605210865964527898e+02
0.000000000000000000e+00 9.871414112253532949e+02 -2.058657490421632872e+02
0.000000000000000000e+00 9.756425313582097942e+02 -2.504153386309784821e+02
0.000000000000000000e+00 9.608918773547131877e+02 -2.942530667079519731e+02
0.000000000000000000e+00 9.465567221157747326e+02 -3.381536748087954152e+02
0.000000000000000000e+00 9.355769747170044184e+02 -3.829954932914756114e+02
0.000000000000000000e+00 9.283171212430779633e+02 -4.288879254742488456e+02
0.000000000000000000e+00 9.243001669499233230e+02 -4.751889548178837117e+02
0.000000000000000000e+00 9.232587270595377049e+02 -5.213986630130987123e+02
0.000000000000000000e+00 9.240555306204652197e+02 -5.676271081659886022e+02
0.000000000000000000e+00 9.243393928017970893e+02 -6.140807352216779691e+02
0.000000000000000000e+00 9.218584664680829519e+02 -6.605045822658973975e+02
0.000000000000000000e+00 9.150180320080677348e+02 -7.062532689477227450e+02
0.000000000000000000e+00 9.020166860293119271e+02 -7.503545105836960829e+02
0.000000000000000000e+00 8.808476011935222232e+02 -7.911143926997549443e+02
0.000000000000000000e+00 8.508793882318320811e+02 -8.261569334181183422e+02
0.000000000000000000e+00 8.137314295219638325e+02 -8.536400052790270365e+02
0.000000000000000000e+00 7.721167696426310840e+02 -8.736193406617355777e+02
0.000000000000000000e+00 7.282300497738553986e+02 -8.879663360393351468e+02
0.000000000000000000e+00 6.832992461462979463e+02 -8.989186842032070217e+02
0.000000000000000000e+00 6.379085531110059719e+02 -9.078365080471861575e+02
0.000000000000000000e+00 5.922417620419672630e+02 -9.151405340928317855e+02
0.000000000000000000e+00 5.462970115332431078e+02 -9.209685188394302031e+02
0.000000000000000000e+00 5.001668608926445927e+02 -9.256932586617674588e+02
0.000000000000000000e+00 4.540351616330970046e+02 -9.299629194975531163e+02
0.000000000000000000e+00 4.079419759317457306e+02 -9.343492385107749669e+02
0.000000000000000000e+00 3.617971922713284698e+02 -9.389344875809892983e+02
0.000000000000000000e+00 3.156031779366268211e+02 -9.433340190752501258e+02
0.000000000000000000e+00 2.694395159213905799e+02 -9.472517438346658309e+02
0.000000000000000000e+00 2.232833518221486315e+02 -9.508757241025388112e+02
0.000000000000000000e+00 1.770594251680607272e+02 -9.544958706563093074e+02
0.000000000000000000e+00 1.307961403525365824e+02 -9.578810369063924099e+02
0.000000000000000000e+00 8.454665141127496497e+01 -9.604410796073441361e+02
0.000000000000000000e+00 3.825792657486566384e+01 -9.620236822285042990e+02
0.000000000000000000e+00 -8.115128829864293181e+00 -9.631205590157821916e+02
0.000000000000000000e+00 -5.449378576040755462e+01 -9.641327509735270951e+02
0.000000000000000000e+00 -1.008208934649706805e+02 -9.648518519969252338e+02
0.000000000000000000e+00 -1.471691479256923003e+02 -9.649457247638014223e+02
0.000000000000000000e+00 -1.935768640507233727e+02 -9.645662301937542225e+02
0.000000000000000000e+00 -2.399548726519796560e+02 -9.640581211054313826e+02
0.000000000000000000e+00 -2.862687579185684967e+02 -9.633755729980722435e+02
0.000000000000000000e+00 -3.326126876031797224e+02 -9.623136015600152859e+02
0.000000000000000000e+00 -3.790090047651588634e+02 -9.610957469980360202e+02
0.000000000000000000e+00 -4.253567959673036398e+02 -9.600928350848437276e+02
0.000000000000000000e+00 -4.716483171309574232e+02 -9.590686749020683237e+02
0.000000000000000000e+00 -5.179902723524727435e+02 -9.574632446349306747e+02
0.000000000000000000e+00 -5.643716748767059244e+02 -9.554588267968250648e+02
0.000000000000000000e+00 -6.106827693629927580e+02 -9.538509525988591804e+02
0.000000000000000000e+00 -6.569571011782921914e+02 -9.525531918452310265e+02
0.000000000000000000e+00 -7.032808200154432825e+02 -9.502213132809993112e+02
0.000000000000000000e+00 -7.495288893012212839e+02 -9.460318625892748514e+02
0.000000000000000000e+00 -7.955709581693937480e+02 -9.408782497118552328e+02
0.000000000000000000e+00 -8.415649388051440383e+02 -9.356201741809319401e+02
0.000000000000000000e+00 -8.874110811378201333e+02 -9.285916219867913242e+02
0.000000000000000000e+00 -9.318502716307582432e+02 -9.160308568191934455e+02
0.000000000000000000e+00 -9.725369295912121288e+02 -8.949078181611048421e+02
0.000000000000000000e+00 -1.006885633429323434e+03 -8.645826575311041324e+02
0.000000000000000000e+00 -1.032550350065923794e+03 -8.263322342648310723e+02
0.000000000000000000e+00 -1.048010771174171396e+03 -7.826930427845079521e+02
0.000000000000000000e+00 -1.054102008269436055e+03 -7.368799922712855732e+02
0.000000000000000000e+00 -1.054339313527730383e+03 -6.909743262673300706e+02
0.000000000000000000e+00 -1.051380562627671225e+03 -6.447417714217514231e+02
0.000000000000000000e+00 -1.042655803960810545e+03 -5.986114297342970758e+02
0.000000000000000000e+00 -1.021843335597257578e+03 -5.582897700868026050e+02
0.000000000000000000e+00 -9.861902366308430601e+02 -5.331447238792668486e+02
0.000000000000000000e+00 -9.407385422581580769e+02 -5.273962094682684665e+02
0.000000000000000000e+00 -8.936369064361946357e+02 -5.347082363643642111e+02
0.000000000000000000e+00 -8.486685955045528544e+02 -5.443370349061427760e+02
0.000000000000000000e+00 -8.043174189245049774e+02 -5.515017591251202020e+02
0.000000000000000000e+00 -7.587517224957844064e+02 -5.587353842785422557e+02
0.000000000000000000e+00 -7.126559651961438249e+02 -5.681395129827490109e+02
0.000000000000000000e+00 -6.671212367814069921e+02 -5.768406845710878770e+02
0.000000000000000000e+00 -6.215986101719998942e+02 -5.812309317199622001e+02
0.000000000000000000e+00 -5.752008855929981337e+02 -5.817263355333262780e+02
0.000000000000000000e+00 -5.283964691167024057e+02 -5.805929940869706343e+02
0.000000000000000000e+00 -4.822154331280319184e+02 -5.775074669874602478e+02
0.000000000000000000e+00 -4.368083485204572867e+02 -5.702944392056607512e+02
0.000000000000000000e+00 -3.917990586900218659e+02 -5.587235246717106065e+02
0.000000000000000000e+00 -3.473342900235267621e+02 -5.446685808518489011e+02
0.000000000000000000e+00 -3.038612548185922719e+02 -5.290754523431526195e+02
0.000000000000000000e+00 -2.612683373849666850e+02 -5.114143416343727040e+02
0.000000000000000000e+00 -2.189567148004744297e+02 -4.920684478331960463e+02
0.000000000000000000e+00 -1.765461388014452382e+02 -4.728648379100062016e+02
0.000000000000000000e+00 -1.339965618329188715e+02 -4.548874375204798639e+02
0.000000000000000000e+00 -9.114251342668197253e+01 -4.378473872539562990e+02
0.000000000000000000e+00 -4.751055595758131744e+01 -4.222066981540402253e+02
0.000000000000000000e+00 -2.713271161188473002e+00 -4.100414513063291224e+02
0.000000000000000000e+00 4.307875515827308988e+01 -4.028784179840748720e+02
0.000000000000000000e+00 8.923075676244863530e+01 -4.000926657162751781e+02
0.000000000000000000e+00 1.353489795113410707e+02 -4.002559966488369128e+02
0.000000000000000000e+00 1.816561354715530854e+02 -4.026581397786338812e+02
0.000000000000000000e+00 2.282831477435754266e+02 -4.064338438385865970e+02
0.000000000000000000e+00 2.746168397942703336e+02 -4.093271234989229583e+02
0.000000000000000000e+00 3.202220461517014201e+02 -4.084625189086200407e+02
0.000000000000000000e+00 3.656890510682692366e+02 -4.014972824203787809e+02
0.000000000000000000e+00 4.102461272024483492e+02 -3.861593028634129041e+02
0.000000000000000000e+00 4.480567010592774295e+02 -3.600615430438456883e+02
0.000000000000000000e+00 4.698839035704099842e+02 -3.229465177421911903e+02
0.000000000000000000e+00 4.710570247338083618e+02 -2.787812663627171901e+02
0.000000000000000000e+00 4.564770547088228909e+02 -2.337848841417205392e+02
0.000000000000000000e+00 4.354366196940864029e+02 -1.918573319811976887e+02
0.000000000000000000e+00 4.127276471124253590e+02 -1.527977078462929796e+02
0.000000000000000000e+00 3.873669714000407680e+02 -1.148962131855522699e+02
0.000000000000000000e+00 3.583871195125687450e+02 -7.785076306503746935e+01
0.000000000000000000e+00 3.274318784398934667e+02 -4.269331068373258375e+01
0.000000000000000000e+00 2.952087990985987176e+02 -1.034512736732015270e+01
0.000000000000000000e+00 2.595140581159027420e+02 1.830742144425911988e+01
0.000000000000000000e+00 2.187036167188012143e+02 4.133474016010531216e+01
0.000000000000000000e+00 1.744234989589942586e+02 5.621923806571032856e+01
0.000000000000000000e+00 1.291481660443900239e+02 6.205249374826898645e+01
0.000000000000000000e+00 8.331363794894954822e+01 6.093029845733198613e+01
0.000000000000000000e+00 3.660629728362629010e+01 5.685689161336494379e+01
0.000000000000000000e+00 -1.007903994549060656e+01 5.345764857550165061e+01
0.000000000000000000e+00 -5.592319138524040056e+01 5.281269735167256840e+01
0.000000000000000000e+00 -1.016559469379911889e+02 5.583929823795998004e+01
0.000000000000000000e+00 -1.478807842532652899e+02 6.283667404188523875e+01
0.000000000000000000e+00 -1.934974089131308403e+02 7.340637537364649745e+01
0.000000000000000000e+00 -2.375348383636374194e+02 8.650470100615763158e+01
0.000000000000000000e+00 -2.809666426526672467e+02 1.011724911047463138e+02
0.000000000000000000e+00 -3.249198878363170024e+02 1.170410692299768698e+02
0.000000000000000000e+00 -3.686843670705517866e+02 1.338538994607574466e+02
0.000000000000000000e+00 -4.113848015893140087e+02 1.509538928033720140e+02
0.000000000000000000e+00 -4.539997622563653294e+02 1.677805845479035440e+02
0.000000000000000000e+00 -4.976586351886138004e+02 1.844327372180074462e+02
0.000000000000000000e+00 -5.415252453975839444e+02 2.010180097078522294e+02
0.000000000000000000e+00 -5.845689529538606166e+02 2.169053682448978861e+02
0.000000000000000000e+00 -6.278026091308591958e+02 2.316103110527883473e+02
0.000000000000000000e+00 -6.723390185018986358e+02 2.459104583016464005e+02
0.000000000000000000e+00 -7.169592043601204523e+02 2.605253475267531371e+02
0.000000000000000000e+00 -7.604739066532069955e+02 2.739777612640756956e+02
0.000000000000000000e+00 -8.046687791884753551e+02 2.842791577438359241e+02
0.000000000000000000e+00 -8.509158283733407870e+02 2.938629931623347034e+02
0.000000000000000000e+00 -8.944479699668589774e+02 3.105133166963959184e+02
0.000000000000000000e+00 -9.258823758572691531e+02 3.407651341390259745e+02
0.000000000000000000e+00 -9.389340556316544735e+02 3.829319723170423799e+02
0.000000000000000000e+00 -9.341699886957536592e+02 4.286180302193067746e+02
0.000000000000000000e+00 -9.158926576641670181e+02 4.707223718384447011e+02
0.000000000000000000e+00 -8.888442008363383593e+02 5.080747082566220456e+02
0.000000000000000000e+00 -8.577526005771110249e+02 5.427997540828357614e+02
0.000000000000000000e+00 -8.260707317698780798e+02 5.762044889697792769e+02
0.000000000000000000e+00 -7.940044101091672246e+02 6.084860020200192139e+02
0.000000000000000000e+00 -7.603052457907192547e+02 6.402887425137138280e+02
0.000000000000000000e+00 -7.259994931328708390e+02 6.724823476582112107e+02
0.000000000000000000e+00 -6.933564875709552098e+02 7.050787523805880710e+02
0.000000000000000000e+00 -6.617018415858590288e+02 7.376375955077691060e+02
0.000000000000000000e+00 -6.283132086325565524e+02 7.701290991464790068e+02
0.000000000000000000e+00 -5.933191169939362908e+02 8.022856097745598163e+02
0.000000000000000000e+00 -5.589811871379223476e+02 8.326574617499200031e+02
0.000000000000000000e+00 -5.239343708111155138e+02 8.594744131447449718e+02
0.000000000000000000e+00 -4.839051744287608585e+02 8.821516039974007981e+02
0.000000000000000000e+00 -4.393245129047907085e+02 9.009710569242167821e+02
0.000000000000000000e+00 -3.956805468965073942e+02 9.156231095670999593e+02
0.000000000000000000e+00 -3.538744794268909573e+02 9.252700782547540257e+02
0.000000000000000000e+00 -3.077471143439614139e+02 9.301484869904364814e+02
0.000000000000000000e+00 -2.561135047225895391e+02 9.321099991895844141e+02
0.000000000000000000e+00 -2.098240048140917793e+02 9.331631949323411845e+02
0.000000000000000000e+00 -1.553177357753940271e+02 9.337400745400268534e+02
