8.702524118274378440e-01 -4.033167403317651223e-01 0.000000000000000000e+00
8.719764077690737025e-01 -4.127870893486906834e-01 0.000000000000000000e+00
8.735486556161424776e-01 -4.223769089992698289e-01 0.000000000000000000e+00
8.749807822722209805e-01 -4.321377924397601933e-01 0.000000000000000000e+00
8.762793936835785447e-01 -4.421092526131170097e-01 0.000000000000000000e+00
8.774459090826596253e-01 -4.523151225441304768e-01 0.000000000000000000e+00
8.784768908817759403e-01 -4.627616373400312844e-01 0.000000000000000000e+00
8.793647865096545502e-01 -4.734373620656406323e-01 0.000000000000000000e+00
8.800989568645027905e-01 -4.843149138162498035e-01 0.000000000000000000e+00
8.806668434651154787e-01 -4.953542219874650376e-01 0.000000000000000000e+00
8.810551243797628551e-01 -5.065069027255358902e-01 0.000000000000000000e+00
8.812507263738525998e-01 -5.177212114377719443e-01 0.000000000000000000e+00
8.812415937302144897e-01 -5.289469931006127723e-01 0.000000000000000000e+00
8.810171572895454384e-01 -5.401400770808714169e-01 0.000000000000000000e+00
8.805684938504660941e-01 -5.512656553960036954e-01 0.000000000000000000e+00
8.798882095118989444e-01 -5.623003268713178127e-01 0.000000000000000000e+00
8.789701150394898521e-01 -5.732326646088791167e-01 0.000000000000000000e+00
8.778087827079863459e-01 -5.840623474381404501e-01 0.000000000000000000e+00
8.763990802442260808e-01 -5.947980643116095312e-01 0.000000000000000000e+00
8.747357687075488775e-01 -6.054545335614228696e-01 0.000000000000000000e+00
8.728132297962050146e-01 -6.160490615871012654e-01 0.000000000000000000e+00
8.706253582805216773e-01 -6.265980901053543883e-01 0.000000000000000000e+00
8.681656222053404370e-01 -6.371141476594313069e-01 0.000000000000000000e+00
8.654272625930891083e-01 -6.476035373138695483e-01 0.000000000000000000e+00
8.624035804699896612e-01 -6.580649722281639580e-01 0.000000000000000000e+00
8.590882457185131660e-01 -6.684892320927283693e-01 0.000000000000000000e+00
8.554755613461251240e-01 -6.788597757222534224e-01 0.000000000000000000e+00
8.515606280690519725e-01 -6.891541267578500385e-01 0.000000000000000000e+00
8.473393755220895995e-01 -6.993457651463594882e-01 0.000000000000000000e+00
8.428084542216700559e-01 -7.094062161098573238e-01 0.000000000000000000e+00
8.379650119291810473e-01 -7.193070334858104875e-01 0.000000000000000000e+00
8.328064043068695854e-01 -7.290214218414938774e-01 0.000000000000000000e+00
8.273299082327192355e-01 -7.385253221391847589e-01 0.000000000000000000e+00
8.215325135122795164e-01 -7.477978852978051094e-01 0.000000000000000000e+00
8.154108633410764861e-01 -7.568213610726818308e-01 0.000000000000000000e+00
8.089613960209643961e-01 -7.655805208519560479e-01 0.000000000000000000e+00
8.021807123336112122e-01 -7.740617993164966570e-01 0.000000000000000000e+00
7.950661584674902915e-01 -7.822523727393533299e-01 0.000000000000000000e+00
7.876165784146974547e-01 -7.901393876529611004e-01 0.000000000000000000e+00
7.798331576246874119e-01 -7.977095149534922935e-01 0.000000000000000000e+00
7.717202563752056932e-01 -8.049489386020544091e-01 0.000000000000000000e+00
7.632861206564790502e-01 -8.118438061247812421e-01 0.000000000000000000e+00
7.545433625584290205e-01 -8.183810833817987129e-01 0.000000000000000000e+00
7.455091213862347077e-01 -8.245496818881302703e-01 0.000000000000000000e+00
7.362048491091497393e-01 -8.303416747165225376e-01 0.000000000000000000e+00
7.266557055091911188e-01 -8.357533945061287328e-01 0.000000000000000000e+00
7.168895943911713919e-01 -8.407862174987145165e-01 0.000000000000000000e+00
7.069359165799200539e-01 -8.454468789528796213e-01 0.000000000000000000e+00
6.968241523632996426e-01 -8.497472312191542976e-01 0.000000000000000000e+00
6.865824105784494868e-01 -8.537034360640328723e-01 0.000000000000000000e+00
6.762360902311735922e-01 -8.573346653381994642e-01 0.000000000000000000e+00
6.658067919165236992e-01 -8.606614564180989913e-01 0.000000000000000000e+00
6.553115911034054220e-01 -8.637039202668080895e-01 0.000000000000000000e+00
6.447627464126963748e-01 -8.664800229147738841e-01 0.000000000000000000e+00
6.341678679825234477e-01 -8.690041523806798507e-01 0.000000000000000000e+00
6.235305196861528065e-01 -8.712861439677321851e-01 0.000000000000000000e+00
6.128511806016549990e-01 -8.733308733482088027e-01 0.000000000000000000e+00
6.021284516299698630e-01 -8.751384482794719588e-01 0.000000000000000000e+00
5.913603673193650323e-01 -8.767049476724091406e-01 0.000000000000000000e+00
5.805456638745315479e-01 -8.780235829479078324e-01 0.000000000000000000e+00
5.696848630156065019e-01 -8.790861017070412675e-01 0.000000000000000000e+00
5.587810566151775182e-01 -8.798842253677969794e-01 0.000000000000000000e+00
5.478403156582494216e-01 -8.804109142847718061e-01 0.000000000000000000e+00
5.368716942131287473e-01 -8.806612852144927173e-01 0.000000000000000000e+00
5.258868489566704829e-01 -8.806330617794168036e-01 0.000000000000000000e+00
5.148993413016886844e-01 -8.803265102903057304e-01 0.000000000000000000e+00
5.039237267675972243e-01 -8.797438901906248221e-01 0.000000000000000000e+00
4.929745605370600137e-01 -8.788885191823107013e-01 0.000000000000000000e+00
4.820654564644422657e-01 -8.777636075589946296e-01 0.000000000000000000e+00
4.712083284430541030e-01 -8.763710467658771819e-01 0.000000000000000000e+00
4.604129193152540211e-01 -8.747103397490125776e-01 0.000000000000000000e+00
4.496866865466979113e-01 -8.727778354807835814e-01 0.000000000000000000e+00
4.390350701832463898e-01 -8.705663814957271818e-01 0.000000000000000000e+00
4.284621224562257247e-01 -8.680654440943391670e-01 0.000000000000000000e+00
4.179714352170061931e-01 -8.652616760307006993e-01 0.000000000000000000e+00
4.075672660596611485e-01 -8.621398466362850677e-01 0.000000000000000000e+00
3.972557403404558540e-01 -8.586839991657120308e-01 0.000000000000000000e+00
3.870459966455401246e-01 -8.548786720173465747e-01 0.000000000000000000e+00
3.769511482202330122e-01 -8.507100182496630802e-01 0.000000000000000000e+00
3.669889513980041373e-01 -8.461666813239934193e-01 0.000000000000000000e+00
3.571821016271036209e-01 -8.412403301249054000e-01 0.000000000000000000e+00
3.475581146657321652e-01 -8.359258155956839076e-01 0.000000000000000000e+00
3.381487906696671875e-01 -8.302209751770297519e-01 0.000000000000000000e+00
3.289892979089765190e-01 -8.241261693804219357e-01 0.000000000000000000e+00
3.201169468107353810e-01 -8.176436779095155316e-01 0.000000000000000000e+00
3.115697508370214863e-01 -8.107771037779402112e-01 0.000000000000000000e+00
3.033848863702758858e-01 -8.035309293371289963e-01 0.000000000000000000e+00
2.955971685064123777e-01 -7.959103385334931335e-01 0.000000000000000000e+00
2.882376538488938822e-01 -7.879213695605833401e-01 0.000000000000000000e+00
2.813324664686818188e-01 -7.795713991951120914e-01 0.000000000000000000e+00
2.749019213062414702e-01 -7.708698945072695041e-01 0.000000000000000000e+00
2.689599930262415173e-01 -7.618293099656872069e-01 0.000000000000000000e+00
2.635141503699677812e-01 -7.524659678783317540e-01 0.000000000000000000e+00
2.585655488623426201e-01 -7.428007447865132562e-01 0.000000000000000000e+00
2.541095503765066210e-01 -7.328593993689734853e-01 0.000000000000000000e+00
2.501365180429749868e-01 -7.226724178471303217e-01 0.000000000000000000e+00
2.466328202236789946e-01 -7.122743157744996223e-01 0.000000000000000000e+00
2.435819681141987991e-01 -7.017024117944214989e-01 0.000000000000000000e+00
2.409658078997573283e-01 -6.909951684103494696e-01 0.000000000000000000e+00
2.387656898604566258e-01 -6.801902651766252861e-01 0.000000000000000000e+00
2.369635427955883167e-01 -6.693226200749754495e-01 0.000000000000000000e+00
2.355427919258576974e-01 -6.584225968779086058e-01 0.000000000000000000e+00
2.344890713240437297e-01 -6.475146255963420971e-01 0.000000000000000000e+00
2.337906972039474340e-01 -6.366164198993287116e-01 0.000000000000000000e+00
2.334388853268008213e-01 -6.257389046542526367e-01 0.000000000000000000e+00
2.334277135612045639e-01 -6.148868775793243646e-01 0.000000000000000000e+00
2.337538483465400052e-01 -6.040603334559331294e-01 0.000000000000000000e+00
2.344160704200113354e-01 -5.932562906902647537e-01 0.000000000000000000e+00
2.354146495210446000e-01 -5.824708908730307222e-01 0.000000000000000000e+00
2.367506286860364684e-01 -5.717015025201283018e-01 0.000000000000000000e+00
2.384250850654276999e-01 -5.609485565576012300e-01 0.000000000000000000e+00
2.404384350321677744e-01 -5.502168745639212100e-01 0.000000000000000000e+00
2.427898461941390973e-01 -5.395163173044315030e-01 0.000000000000000000e+00
2.454768078005029330e-01 -5.288616719457081006e-01 0.000000000000000000e+00
2.484948946107975731e-01 -5.182717992006172780e-01 0.000000000000000000e+00
2.518377389093388596e-01 -5.077681623239255204e-01 0.000000000000000000e+00
2.554972029272241096e-01 -4.973729442598324724e-01 0.000000000000000000e+00
2.594637218433548664e-01 -4.871070153621963050e-01 0.000000000000000000e+00
2.637267683178156075e-01 -4.769880338452361368e-01 0.000000000000000000e+00
2.682753755780926674e-01 -4.670289414201021505e-01 0.000000000000000000e+00
2.730986493819030914e-01 -4.572370599385200962e-01 0.000000000000000000e+00
2.781862009066086161e-01 -4.476139090829231448e-01 0.000000000000000000e+00
2.835284429601523382e-01 -4.381557622263045348e-01 0.000000000000000000e+00
2.891167099669241791e-01 -4.288548521094271426e-01 0.000000000000000000e+00
2.949431859814488077e-01 -4.197010450281852267e-01 0.000000000000000000e+00
3.010006516692856904e-01 -4.106837352190237378e-01 0.000000000000000000e+00
3.072820873564890420e-01 -4.017936799059473318e-01 0.000000000000000000e+00
3.137801913439708379e-01 -3.930245048039630595e-01 0.000000000000000000e+00
3.204868875144110674e-01 -3.843736587309957153e-01 0.000000000000000000e+00
3.273929014378188507e-01 -3.758426776039375250e-01 0.000000000000000000e+00
3.344874785065824474e-01 -3.674367208967961318e-01 0.000000000000000000e+00
3.417583013288423843e-01 -3.591634528140497107e-01 0.000000000000000000e+00
3.491916383904680177e-01 -3.510314400544135016e-01 0.000000000000000000e+00
3.567727249052710103e-01 -3.430483133552479358e-01 0.000000000000000000e+00
3.644863438441460213e-01 -3.352189795925876736e-01 0.000000000000000000e+00
3.723175448853096592e-01 -3.275441686871953251e-01 0.000000000000000000e+00
3.802524158606199745e-01 -3.200195546118793088e-01 0.000000000000000000e+00
3.882788088484023237e-01 -3.126356083019606880e-01 0.000000000000000000e+00
3.963869237478765406e-01 -3.053782336056802826e-01 0.000000000000000000e+00
4.045696666295918176e-01 -2.982301208695456451e-01 0.000000000000000000e+00
4.128227271617966321e-01 -2.911726434143535047e-01 0.000000000000000000e+00
4.211443559022180483e-01 -2.841880364370418244e-01 0.000000000000000000e+00
4.295348636411137067e-01 -2.772615491198572313e-01 0.000000000000000000e+00
4.379959057396610178e-01 -2.703832572052840555e-01 0.000000000000000000e+00
4.465296487275861592e-01 -2.635492668508992442e-01 0.000000000000000000e+00
4.551379390384731605e-01 -2.567621262054920472e-01 0.000000000000000000e+00
4.638216006964585025e-01 -2.500303775184887778e-01 0.000000000000000000e+00
4.725799779684169422e-01 -2.433673135157773948e-01 0.000000000000000000e+00
4.814108107219153831e-01 -2.367891283795684754e-01 0.000000000000000000e+00
4.903104871629207495e-01 -2.303127570505560939e-01 0.000000000000000000e+00
4.992746656530270832e-01 -2.239537604927903103e-01 0.000000000000000000e+00
5.082992009833821045e-01 -2.177246278744040808e-01 0.000000000000000000e+00
5.173812582636482249e-01 -2.116338250141982513e-01 0.000000000000000000e+00
5.265204568698584886e-01 -2.056858253092438138e-01 0.000000000000000000e+00
5.357198640459788219e-01 -1.998822255555963157e-01 0.000000000000000000e+00
5.449866571897800105e-01 -1.942238916793586068e-01 0.000000000000000000e+00
5.543322973589999147e-01 -1.887139195253889346e-01 0.000000000000000000e+00
5.637721028763347242e-01 -1.833610558625681786e-01 0.000000000000000000e+00
5.733241768340053834e-01 -1.781831251983455322e-01 0.000000000000000000e+00
5.830077189020491657e-01 -1.732099646795949577e-01 0.000000000000000000e+00
5.928408313328017432e-01 -1.684853910743137895e-01 0.000000000000000000e+00
6.028380017537056101e-01 -1.640678108800774082e-01 0.000000000000000000e+00
6.130075018784104657e-01 -1.600292284883884919e-01 0.000000000000000000e+00
6.233489737587267765e-01 -1.564525916099007985e-01 0.000000000000000000e+00
6.338514783035230638e-01 -1.534276154193571495e-01 0.000000000000000000e+00
6.444922524722455082e-01 -1.510454215385348686e-01 0.000000000000000000e+00
6.552363634744265974e-01 -1.493924896218242482e-01 0.000000000000000000e+00
6.660373657724922847e-01 -1.485445260476385143e-01 0.000000000000000000e+00
6.768389681165069005e-01 -1.485608906568566534e-01 0.000000000000000000e+00
6.875776138678076910e-01 -1.494801819052074821e-01 0.000000000000000000e+00
6.981857801219837345e-01 -1.513174662537591086e-01 0.000000000000000000e+00
7.085957208789273043e-01 -1.540634617174956866e-01 0.000000000000000000e+00
7.187433262636606646e-01 -1.576857689413596053e-01 0.000000000000000000e+00
7.285717502130506507e-01 -1.621320122545695519e-01 0.000000000000000000e+00
7.380344760029187157e-01 -1.673345363960360987e-01 0.000000000000000000e+00
7.470975412374391000e-01 -1.732161291298660866e-01 0.000000000000000000e+00
7.557407261322159897e-01 -1.796961279798306721e-01 0.000000000000000000e+00
7.639576122793789725e-01 -1.866962351622586114e-01 0.000000000000000000e+00
7.717545322863337276e-01 -1.941454130747447271e-01 0.000000000000000000e+00
7.791485412510192887e-01 -2.019833575448141960e-01 0.000000000000000000e+00
7.861646367773277300e-01 -2.101622318321811067e-01 0.000000000000000000e+00
7.928325246561802597e-01 -2.186465676680378334e-01 0.000000000000000000e+00
7.991832648880315970e-01 -2.274114721241652093e-01 0.000000000000000000e+00
8.052461336587087848e-01 -2.364394913354354311e-01 0.000000000000000000e+00
8.110460016850042919e-01 -2.457166471299615795e-01 0.000000000000000000e+00
8.166014626337165794e-01 -2.552282595785185237e-01 0.000000000000000000e+00
8.219238552467033054e-01 -2.649551852297343246e-01 0.000000000000000000e+00
8.270172200710972366e-01 -2.748710355306132058e-01 0.000000000000000000e+00
8.318791282315370905e-01 -2.849408013646553273e-01 0.000000000000000000e+00
8.365022272295591366e-01 -2.951211158988970573e-01 0.000000000000000000e+00
8.408762774743135937e-01 -3.053621641960380662e-01 0.000000000000000000e+00
8.449904105488653672e-01 -3.156110232880223743e-01 0.000000000000000000e+00
8.488353299428741394e-01 -3.258160196375986528e-01 0.000000000000000000e+00
8.524051970505323039e-01 -3.359315474549011693e-01 0.000000000000000000e+00
8.556989957480167774e-01 -3.459227195667560206e-01 0.000000000000000000e+00
8.587212407064046538e-01 -3.557692315631298952e-01 0.000000000000000000e+00
8.614819783784091189e-01 -3.654679084786164323e-01 0.000000000000000000e+00
8.639961148831801774e-01 -3.750335598518764191e-01 0.000000000000000000e+00
8.662821816209708148e-01 -3.844979735625776440e-01 0.000000000000000000e+00
8.702524118274378440e-01 -4.033167403317651223e-01 0.000000000000000000e+00
