6.666471952731082284e-01 5.925189675459282546e-01 0.000000000000000000e+00
6.673821029224262791e-01 5.885074509763673634e-01 0.000000000000000000e+00
6.679879124757446274e-01 5.844641194763187109e-01 0.000000000000000000e+00
6.684632160475918461e-01 5.803929802196012844e-01 0.000000000000000000e+00
6.688065414451311863e-01 5.762983420082237185e-01 0.000000000000000000e+00
6.690163588282539431e-01 5.721848252206169771e-01 0.000000000000000000e+00
6.690910914017641486e-01 5.680573679523740482e-01 0.000000000000000000e+00
6.690291300702840838e-01 5.639212280237211328e-01 0.000000000000000000e+00
6.688288519094715001e-01 5.597819805839213680e-01 0.000000000000000000e+00
6.684886422316730359e-01 5.556455111045995876e-01 0.000000000000000000e+00
6.680069199515458189e-01 5.515180036206657199e-01 0.000000000000000000e+00
6.673821658887609809e-01 5.474059241481081806e-01 0.000000000000000000e+00
6.666129535818561269e-01 5.433159992813755279e-01 0.000000000000000000e+00
6.656979821307736911e-01 5.392551900482128735e-01 0.000000000000000000e+00
6.646361105366479505e-01 5.352306611755132115e-01 0.000000000000000000e+00
6.634263929668769988e-01 5.312497459947935763e-01 0.000000000000000000e+00
6.620681143422559867e-01 5.273199072890939476e-01 0.000000000000000000e+00
6.605608256215477203e-01 5.234486944532700248e-01 0.000000000000000000e+00
6.589043781478255424e-01 5.196436974056171110e-01 0.000000000000000000e+00
6.570989564205469424e-01 5.159124977494750075e-01 0.000000000000000000e+00
6.551451086677161362e-01 5.122626177378410972e-01 0.000000000000000000e+00
6.530437746136513733e-01 5.087014676411589775e-01 0.000000000000000000e+00
6.507963098695431770e-01 5.052362921574886645e-01 0.000000000000000000e+00
6.484045064157972771e-01 5.018741165344865474e-01 0.000000000000000000e+00
6.458706086965075865e-01 4.986216930934360136e-01 0.000000000000000000e+00
6.431973249065982001e-01 4.954854488564979231e-01 0.000000000000000000e+00
6.403878331203136653e-01 4.924714349791164403e-01 0.000000000000000000e+00
6.374457819848071694e-01 4.895852786799237411e-01 0.000000000000000000e+00
6.343752857834521475e-01 4.868321383405737057e-01 0.000000000000000000e+00
6.311809137589204921e-01 4.842166624178315670e-01 0.000000000000000000e+00
6.278676736747225151e-01 4.817429527702839498e-01 0.000000000000000000e+00
6.244409896843801100e-01 4.794145329526778299e-01 0.000000000000000000e+00
6.209066746682867510e-01 4.772343219727603336e-01 0.000000000000000000e+00
6.172708972881240097e-01 4.752046139393331647e-01 0.000000000000000000e+00
6.135401440960223107e-01 4.733270639569436833e-01 0.000000000000000000e+00
6.097211771190327312e-01 4.716026805431985380e-01 0.000000000000000000e+00
6.058209874175490839e-01 4.700318247602217614e-01 0.000000000000000000e+00
6.018467451877898000e-01 4.686142161634632153e-01 0.000000000000000000e+00
5.978057470420874431e-01 4.673489455801565495e-01 0.000000000000000000e+00
5.937053611554641286e-01 4.662344946375326926e-01 0.000000000000000000e+00
5.895529710118184719e-01 4.652687618687497140e-01 0.000000000000000000e+00
5.853559185171817170e-01 4.644490951337464923e-01 0.000000000000000000e+00
5.811214472702954659e-01 4.637723300042014274e-01 0.000000000000000000e+00
5.768566467916830254e-01 4.632348336777865061e-01 0.000000000000000000e+00
5.725683985111853502e-01 4.628325539081926676e-01 0.000000000000000000e+00
5.682633243004399093e-01 4.625610723651624179e-01 0.000000000000000000e+00
5.639477383111088926e-01 4.624156617740917130e-01 0.000000000000000000e+00
5.596276028420587023e-01 4.623913461286307536e-01 0.000000000000000000e+00
5.553084889096083776e-01 4.624829632230298970e-01 0.000000000000000000e+00
5.509955421350380966e-01 4.626852287144321285e-01 0.000000000000000000e+00
5.466934544935830864e-01 4.629928008995428113e-01 0.000000000000000000e+00
5.424064423901068244e-01 4.634003453755192181e-01 0.000000000000000000e+00
5.381382314396608857e-01 4.639025987518017313e-01 0.000000000000000000e+00
5.338920482374401866e-01 4.644944305880661095e-01 0.000000000000000000e+00
5.296706193036090360e-01 4.651709027534420282e-01 0.000000000000000000e+00
5.254761772855330859e-01 4.659273254333948788e-01 0.000000000000000000e+00
5.213104743946505026e-01 4.667593090528073807e-01 0.000000000000000000e+00
5.171748029490988996e-01 4.676628114362623156e-01 0.000000000000000000e+00
5.130700227879024800e-01 4.686341795886205253e-01 0.000000000000000000e+00
5.089965952195821819e-01 4.696701855498445211e-01 0.000000000000000000e+00
5.049546230690681314e-01 4.707680558566634810e-01 0.000000000000000000e+00
5.009438962932712958e-01 4.719254942290087018e-01 0.000000000000000000e+00
4.969639425490609552e-01 4.731406971899710379e-01 0.000000000000000000e+00
4.930140820190480611e-01 4.744123624230659475e-01 0.000000000000000000e+00
4.890934857317110196e-01 4.757396897684882386e-01 0.000000000000000000e+00
4.852012365541302219e-01 4.771223748594137226e-01 0.000000000000000000e+00
4.813363919888541953e-01 4.785605954988459976e-01 0.000000000000000000e+00
4.774980478719817456e-01 4.800549909756005040e-01 0.000000000000000000e+00
4.736854020480001370e-01 4.816066346133694442e-01 0.000000000000000000e+00
4.698978170886762840e-01 4.832169999380661052e-01 0.000000000000000000e+00
4.661348811285592197e-01 4.848879209345032804e-01 0.000000000000000000e+00
4.623964659084188744e-01 4.866215469427163653e-01 0.000000000000000000e+00
4.586827811500236440e-01 4.884202928157513335e-01 0.000000000000000000e+00
4.549944244306459717e-01 4.902867850235161917e-01 0.000000000000000000e+00
4.513324257829887665e-01 4.922238044404509960e-01 0.000000000000000000e+00
4.476982863150665848e-01 4.942342265975636084e-01 0.000000000000000000e+00
4.440940102239974707e-01 4.963209602112304553e-01 0.000000000000000000e+00
4.405221296665545183e-01 4.984868848216310599e-01 0.000000000000000000e+00
4.369857220464182790e-01 5.007347883825271628e-01 0.000000000000000000e+00
4.334884193819902864e-01 5.030673056412051647e-01 0.000000000000000000e+00
4.300344095278686996e-01 5.054868581328658683e-01 0.000000000000000000e+00
4.266284291360831760e-01 5.079955965878125701e-01 0.000000000000000000e+00
4.232757483582933467e-01 5.105953465128691970e-01 0.000000000000000000e+00
4.199821474057167103e-01 5.132875576611322099e-01 0.000000000000000000e+00
4.167538851978658809e-01 5.160732580471466546e-01 0.000000000000000000e+00
4.135976604425999903e-01 5.189530130987486389e-01 0.000000000000000000e+00
4.105205655968850453e-01 5.219268904631444439e-01 0.000000000000000000e+00
4.075300342584581292e-01 5.249944309043614865e-01 0.000000000000000000e+00
4.046337826318391895e-01 5.281546256432421149e-01 0.000000000000000000e+00
4.018397457964439368e-01 5.314059004008838683e-01 0.000000000000000000e+00
3.991560095787111684e-01 5.347461063132123993e-01 0.000000000000000000e+00
3.965907388930795530e-01 5.381725177895445578e-01 0.000000000000000000e+00
3.941521034674027590e-01 5.416818372929482761e-01 0.000000000000000000e+00
3.918482019062563548e-01 5.452702069262979068e-01 0.000000000000000000e+00
3.896869850700100946e-01 5.489332266164924645e-01 0.000000000000000000e+00
3.876761797581539382e-01 5.526659786016833165e-01 0.000000000000000000e+00
3.858232136820609615e-01 5.564630578437378405e-01 0.000000000000000000e+00
3.841351426951618575e-01 5.603186079117423724e-01 0.000000000000000000e+00
3.826185812177019807e-01 5.642263618131473368e-01 0.000000000000000000e+00
3.812796367492862215e-01 5.681796871881322764e-01 0.000000000000000000e+00
3.801238493059669876e-01 5.721716352307314457e-01 0.000000000000000000e+00
3.791561365505258241e-01 5.761949926578702197e-01 0.000000000000000000e+00
3.783807453058665171e-01 5.802423360152668685e-01 0.000000000000000000e+00
3.778012100532261996e-01 5.843060875874872551e-01 0.000000000000000000e+00
3.774203189205398989e-01 5.883785721685457215e-01 0.000000000000000000e+00
3.772400875631810035e-01 5.924520739493367438e-01 0.000000000000000000e+00
3.772617412309551832e-01 5.965188927887647985e-01 0.000000000000000000e+00
3.774857052032505877e-01 6.005713991564196608e-01 0.000000000000000000e+00
3.779116036602698792e-01 6.046020870656119151e-01 0.000000000000000000e+00
3.785382669439579240e-01 6.086036243559388437e-01 0.000000000000000000e+00
3.793637470492577379e-01 6.125688997336006247e-01 0.000000000000000000e+00
3.803853410762925158e-01 6.164910660345915838e-01 0.000000000000000000e+00
3.815996222686026118e-01 6.203635792396877680e-01 0.000000000000000000e+00
3.830024781631255482e-01 6.241802328398197153e-01 0.000000000000000000e+00
3.845891552856586793e-01 6.279351872248289945e-01 0.000000000000000000e+00
3.863543097423310368e-01 6.316229938465659499e-01 0.000000000000000000e+00
3.882920629843405469e-01 6.352386139875912940e-01 0.000000000000000000e+00
3.903960619608469185e-01 6.387774320481250934e-01 0.000000000000000000e+00
3.926595428243141450e-01 6.422352633451301473e-01 0.000000000000000000e+00
3.950753973144038866e-01 6.456083564972374678e-01 0.000000000000000000e+00
3.976362409212206295e-01 6.488933905464771001e-01 0.000000000000000000e+00
4.003344819165411961e-01 6.520874670412775131e-01 0.000000000000000000e+00
4.031623903427276057e-01 6.551880973739028224e-01 0.000000000000000000e+00
4.061121660631745733e-01 6.581931857283903620e-01 0.000000000000000000e+00
4.091760050050621822e-01 6.611010080512749187e-01 0.000000000000000000e+00
4.123461627643676963e-01 6.639101875061499403e-01 0.000000000000000000e+00
4.156150147938246775e-01 6.666196669137884889e-01 0.000000000000000000e+00
4.189751124559581430e-01 6.692286787116040747e-01 0.000000000000000000e+00
4.224192342944368406e-01 6.717367129893213606e-01 0.000000000000000000e+00
4.259404319566191810e-01 6.741434841716147375e-01 0.000000000000000000e+00
4.295320702870455976e-01 6.764488969230925131e-01 0.000000000000000000e+00
4.331878612043670862e-01 6.786530118464222383e-01 0.000000000000000000e+00
4.369018910713486359e-01 6.807560115308441961e-01 0.000000000000000000e+00
4.406686413676242919e-01 6.827581674861490368e-01 0.000000000000000000e+00
4.444830025762748216e-01 6.846598084669031081e-01 0.000000000000000000e+00
4.483402812964907835e-01 6.864612906539306891e-01 0.000000000000000000e+00
4.522362006940481849e-01 6.881629701154964307e-01 0.000000000000000000e+00
4.561668944975498796e-01 6.897651779201591227e-01 0.000000000000000000e+00
4.601288948399676615e-01 6.912681982177745210e-01 0.000000000000000000e+00
4.641191143305817834e-01 6.926722495456106854e-01 0.000000000000000000e+00
4.681348228207419249e-01 6.939774695540744665e-01 0.000000000000000000e+00
4.721736193968278927e-01 6.951839032821616193e-01 0.000000000000000000e+00
4.762334001944083517e-01 6.962914950476150056e-01 0.000000000000000000e+00
4.803123226780489086e-01 6.973000839519204463e-01 0.000000000000000000e+00
4.844087670708533966e-01 6.982094029368456356e-01 0.000000000000000000e+00
4.885212956461590927e-01 6.990190812682497423e-01 0.000000000000000000e+00
4.926486106105410490e-01 6.997286502653514706e-01 0.000000000000000000e+00
4.967895113123059203e-01 7.003375520404937493e-01 0.000000000000000000e+00
5.009428515030427409e-01 7.008451509665166723e-01 0.000000000000000000e+00
5.051074973617974972e-01 7.012507475468946483e-01 0.000000000000000000e+00
5.092822869624979987e-01 7.015535943284554321e-01 0.000000000000000000e+00
5.134659918259547595e-01 7.017529134683101466e-01 0.000000000000000000e+00
5.176572811489004167e-01 7.018479155459544927e-01 0.000000000000000000e+00
5.218546892449658081e-01 7.018378191986492931e-01 0.000000000000000000e+00
5.260565866673210245e-01 7.017218711532667852e-01 0.000000000000000000e+00
5.302611554110225889e-01 7.014993662307864586e-01 0.000000000000000000e+00
5.344663685162102107e-01 7.011696669104077184e-01 0.000000000000000000e+00
5.386699743124505613e-01 7.007322220585316952e-01 0.000000000000000000e+00
5.428694854611455511e-01 7.001865844532589866e-01 0.000000000000000000e+00
5.470621728683696672e-01 6.995324267670059992e-01 0.000000000000000000e+00
5.512450644562071345e-01 6.987695557077572284e-01 0.000000000000000000e+00
5.554149486979905737e-01 6.978979240625743374e-01 0.000000000000000000e+00
5.595683827431621182e-01 6.969176404344861187e-01 0.000000000000000000e+00
5.637017048820571752e-01 6.958289765148676365e-01 0.000000000000000000e+00
5.678110510309786196e-01 6.946323717869402614e-01 0.000000000000000000e+00
5.718923748545615693e-01 6.933284356111001356e-01 0.000000000000000000e+00
5.759414710866403997e-01 6.919179466983794713e-01 0.000000000000000000e+00
5.799540015634641055e-01 6.904018500334606623e-01 0.000000000000000000e+00
5.839255234448671450e-01 6.887812513622636468e-01 0.000000000000000000e+00
5.878515190704487470e-01 6.870574094102478435e-01 0.000000000000000000e+00
5.917274268793376590e-01 6.852317260452646108e-01 0.000000000000000000e+00
5.955486728139086638e-01 6.833057346421843592e-01 0.000000000000000000e+00
5.993107016299549228e-01 6.812810869448082673e-01 0.000000000000000000e+00
6.030090075481283618e-01 6.791595387530522387e-01 0.000000000000000000e+00
6.066391637036814277e-01 6.769429347894271309e-01 0.000000000000000000e+00
6.101968498831683574e-01 6.746331931179757602e-01 0.000000000000000000e+00
6.136778780772074171e-01 6.722322895006427323e-01 0.000000000000000000e+00
6.170782154268648068e-01 6.697422420803442744e-01 0.000000000000000000e+00
6.203940041968256658e-01 6.671650967766189488e-01 0.000000000000000000e+00
6.236215784702261455e-01 6.645029137687155085e-01 0.000000000000000000e+00
6.267574773267297061e-01 6.617577554224677305e-01 0.000000000000000000e+00
6.297984543359467224e-01 6.589316759915786470e-01 0.000000000000000000e+00
6.327414832713442738e-01 6.560267133914365889e-01 0.000000000000000000e+00
6.355837600241028840e-01 6.530448833048179136e-01 0.000000000000000000e+00
6.383227007706112621e-01 6.499881758344626670e-01 0.000000000000000000e+00
6.409559365201545900e-01 6.468585548682800335e-01 0.000000000000000000e+00
6.434813042395589600e-01 6.436579602696995694e-01 0.000000000000000000e+00
6.458968348178776298e-01 6.403883129493406212e-01 0.000000000000000000e+00
6.482007381954583147e-01 6.370515228157059839e-01 0.000000000000000000e+00
6.503913860368707445e-01 6.336494995430469457e-01 0.000000000000000000e+00
6.524672923751858589e-01 6.301841660349351004e-01 0.000000000000000000e+00
6.544270926951768486e-01 6.266574744034819622e-01 0.000000000000000000e+00
6.562695219544099068e-01 6.230714242276239601e-01 0.000000000000000000e+00
6.579933920633618261e-01 6.194280828004598005e-01 0.000000000000000000e+00
6.595975693582323274e-01 6.157296070262880949e-01 0.000000000000000000e+00
6.610809526027702221e-01 6.119782665836634994e-01 0.000000000000000000e+00
6.624424520481260181e-01 6.081764679323269362e-01 0.000000000000000000e+00
6.636809700625813102e-01 6.043267787100271571e-01 0.000000000000000000e+00
6.647953838162579121e-01 6.004319520407055411e-01 0.000000000000000000e+00
6.666471952731082284e-01 5.925189675459282546e-01 0.000000000000000000e+00
