7.210825088210839340e-01 -5.018695317205145168e-01 0.000000000000000000e+00
7.219580621497061479e-01 -5.056907815510173210e-01 0.000000000000000000e+00
7.227330869357970755e-01 -5.095390854387250590e-01 0.000000000000000000e+00
7.234111725441465524e-01 -5.134094104508353240e-01 0.000000000000000000e+00
7.239958625872158215e-01 -5.172971636246251892e-01 0.000000000000000000e+00
7.244906007744686960e-01 -5.211981910926979378e-01 0.000000000000000000e+00
7.248986800986398915e-01 -5.251087708998369852e-01 0.000000000000000000e+00
7.252231960152306645e-01 -5.290255998223161171e-01 0.000000000000000000e+00
7.254670042036669431e-01 -5.329457745808260372e-01 0.000000000000000000e+00
7.256326834228562506e-01 -5.368667679112253399e-01 0.000000000000000000e+00
7.257225038915736670e-01 -5.407864000220824474e-01 0.000000000000000000e+00
7.257384015365060392e-01 -5.447028060236025482e-01 0.000000000000000000e+00
7.256819583592738487e-01 -5.486143999582790975e-01 0.000000000000000000e+00
7.255543890797624407e-01 -5.525198360989502788e-01 0.000000000000000000e+00
7.253565341181041903e-01 -5.564179682044544384e-01 0.000000000000000000e+00
7.250888588830973758e-01 -5.603078074365728245e-01 0.000000000000000000e+00
7.247514592421951951e-01 -5.641884796443656924e-01 0.000000000000000000e+00
7.243440729588290772e-01 -5.680591827134803262e-01 0.000000000000000000e+00
7.238660967980884431e-01 -5.719191446588464123e-01 0.000000000000000000e+00
7.233166089229273732e-01 -5.757675831098241215e-01 0.000000000000000000e+00
7.226943961312181086e-01 -5.796036667979709289e-01 0.000000000000000000e+00
7.219979854201991065e-01 -5.834264796098882488e-01 0.000000000000000000e+00
7.212256793100213503e-01 -5.872349877120066619e-01 0.000000000000000000e+00
7.203755943129376282e-01 -5.910280101916710604e-01 0.000000000000000000e+00
7.194457018997972853e-01 -5.948041935905987732e-01 0.000000000000000000e+00
7.184338712912934355e-01 -5.985619906338996987e-01 0.000000000000000000e+00
7.173379133881271352e-01 -6.022996433816018014e-01 0.000000000000000000e+00
7.161556251519500815e-01 -6.060151709513145191e-01 0.000000000000000000e+00
7.148848337575242073e-01 -6.097063618815853347e-01 0.000000000000000000e+00
7.135234398557032121e-01 -6.133707711269611451e-01 0.000000000000000000e+00
7.120694593161560615e-01 -6.170057215990402133e-01 0.000000000000000000e+00
7.105210628575998610e-01 -6.206083100941169883e-01 0.000000000000000000e+00
7.088766130209388505e-01 -6.241754173785571957e-01 0.000000000000000000e+00
7.071346979962295221e-01 -6.277037221388832577e-01 0.000000000000000000e+00
7.052941618767955001e-01 -6.311897184456767285e-01 0.000000000000000000e+00
7.033541309819938414e-01 -6.346297363297052074e-01 0.000000000000000000e+00
7.013140359628952103e-01 -6.380199650258885358e-01 0.000000000000000000e+00
6.991736294812165298e-01 -6.413564784064409441e-01 0.000000000000000000e+00
6.969329993299575587e-01 -6.446352620992277238e-01 0.000000000000000000e+00
6.945925769429945884e-01 -6.478522417713520332e-01 0.000000000000000000e+00
6.921531413190820103e-01 -6.510033120513819549e-01 0.000000000000000000e+00
6.896158184619914921e-01 -6.540843655664373424e-01 0.000000000000000000e+00
6.869820765116253503e-01 -6.570913215823946940e-01 0.000000000000000000e+00
6.842537168096958222e-01 -6.600201537564044374e-01 0.000000000000000000e+00
6.814328612068388802e-01 -6.628669165402935048e-01 0.000000000000000000e+00
6.785219359748441148e-01 -6.656277698106035645e-01 0.000000000000000000e+00
6.755236527371046851e-01 -6.682990013452609901e-01 0.000000000000000000e+00
6.724409868717140526e-01 -6.708770468173460566e-01 0.000000000000000000e+00
6.692771538741750792e-01 -6.733585070321188581e-01 0.000000000000000000e+00
6.660355841900377216e-01 -6.757401621933911695e-01 0.000000000000000000e+00
6.627198970415842938e-01 -6.780189830483338564e-01 0.000000000000000000e+00
6.593338737768309477e-01 -6.801921388247810230e-01 0.000000000000000000e+00
6.558814312635949939e-01 -6.822570019408005226e-01 0.000000000000000000e+00
6.523665958364105455e-01 -6.842111495316107739e-01 0.000000000000000000e+00
6.487934782799620326e-01 -6.860523619026142050e-01 0.000000000000000000e+00
6.451662502999850890e-01 -6.877786180782754499e-01 0.000000000000000000e+00
6.414891228918752075e-01 -6.893880886737066005e-01 0.000000000000000000e+00
6.377663269693220061e-01 -6.908791263680902350e-01 0.000000000000000000e+00
6.340020965610694281e-01 -6.922502543055829571e-01 0.000000000000000000e+00
6.302006548243680450e-01 -6.935001527892273865e-01 0.000000000000000000e+00
6.263662030599429498e-01 -6.946276446659880310e-01 0.000000000000000000e+00
6.225029128464985018e-01 -6.956316798257047296e-01 0.000000000000000000e+00
6.186149213441387573e-01 -6.965113192531134922e-01 0.000000000000000000e+00
6.147063297468295939e-01 -6.972657190797949545e-01 0.000000000000000000e+00
6.107812047954301882e-01 -6.978941150818636086e-01 0.000000000000000000e+00
6.068435831960853344e-01 -6.983958080593869466e-01 0.000000000000000000e+00
6.028974787251397682e-01 -6.987701505151133752e-01 0.000000000000000000e+00
5.989468917423145244e-01 -6.990165350233937813e-01 0.000000000000000000e+00
5.949958207797954035e-01 -6.991343846456622435e-01 0.000000000000000000e+00
5.910482758270694248e-01 -6.991231457071177546e-01 0.000000000000000000e+00
5.871082928907210841e-01 -6.989822832010186282e-01 0.000000000000000000e+00
5.831799493756897323e-01 -6.987112790331491130e-01 0.000000000000000000e+00
5.792673798103465943e-01 -6.983096332604440404e-01 0.000000000000000000e+00
5.753747914226082782e-01 -6.977768684155454260e-01 0.000000000000000000e+00
5.715064790685215890e-01 -6.971125369442805475e-01 0.000000000000000000e+00
5.676668390184731461e-01 -6.963162317168596349e-01 0.000000000000000000e+00
5.638603811193811932e-01 -6.953875995071918670e-01 0.000000000000000000e+00
5.600917388737787217e-01 -6.943263572692812691e-01 0.000000000000000000e+00
5.563656770082403558e-01 -6.931323109763976031e-01 0.000000000000000000e+00
5.526870961436703977e-01 -6.918053767287740685e-01 0.000000000000000000e+00
5.490610342279140799e-01 -6.903456037800639322e-01 0.000000000000000000e+00
5.454926644462162466e-01 -6.887531990827533424e-01 0.000000000000000000e+00
5.419872893863139085e-01 -6.870285529091144650e-01 0.000000000000000000e+00
5.385503313014251558e-01 -6.851722650679571425e-01 0.000000000000000000e+00
5.351873183849521487e-01 -6.831851712091370210e-01 0.000000000000000000e+00
5.319038670441927907e-01 -6.810683686881043863e-01 0.000000000000000000e+00
5.287056602354853752e-01 -6.788232414521957470e-01 0.000000000000000000e+00
5.255984219987395178e-01 -6.764514834092113515e-01 0.000000000000000000e+00
5.225878884039039107e-01 -6.739551197472180011e-01 0.000000000000000000e+00
5.196797751943327270e-01 -6.713365256924960223e-01 0.000000000000000000e+00
5.168797424809278285e-01 -6.685984422199334754e-01 0.000000000000000000e+00
5.141933569051710951e-01 -6.657439882666381648e-01 0.000000000000000000e+00
5.116260517475332836e-01 -6.627766690446248443e-01 0.000000000000000000e+00
5.091830855092172037e-01 -6.597003801014935664e-01 0.000000000000000000e+00
5.068694995387675872e-01 -6.565194068383065629e-01 0.000000000000000000e+00
5.046900753099518022e-01 -6.532384192604715478e-01 0.000000000000000000e+00
5.026492919827465489e-01 -6.498624618093579164e-01 0.000000000000000000e+00
5.007512848947311968e-01 -6.463969381985019691e-01 0.000000000000000000e+00
4.989998056352555333e-01 -6.428475912573857753e-01 0.000000000000000000e+00
4.973981843492181754e-01 -6.392204778666753517e-01 0.000000000000000000e+00
4.959492949010801399e-01 -6.355219391501502058e-01 0.000000000000000000e+00
4.946555235029614361e-01 -6.317585661690585663e-01 0.000000000000000000e+00
4.935187413736158435e-01 -6.279371614429272164e-01 0.000000000000000000e+00
4.925402819482047057e-01 -6.240646966956883146e-01 0.000000000000000000e+00
4.917209231026999916e-01 -6.201482672960413334e-01 0.000000000000000000e+00
4.910608747922258210e-01 -6.161950439250916123e-01 0.000000000000000000e+00
4.905597724306051122e-01 -6.122122220613457344e-01 0.000000000000000000e+00
4.902166762598531013e-01 -6.082069699220941095e-01 0.000000000000000000e+00
4.900300768745218805e-01 -6.041863755401601921e-01 0.000000000000000000e+00
4.899979069778926388e-01 -6.001573936851803959e-01 0.000000000000000000e+00
4.901175593563797395e-01 -5.961267933583647149e-01 0.000000000000000000e+00
4.903859109665271721e-01 -5.921011065986114819e-01 0.000000000000000000e+00
4.907993529370845431e-01 -5.880865793356091498e-01 0.000000000000000000e+00
4.913538261982596245e-01 -5.840891250120163747e-01 0.000000000000000000e+00
4.920448623628148610e-01 -5.801142816720216144e-01 0.000000000000000000e+00
4.928676294005607805e-01 -5.761671731777532335e-01 0.000000000000000000e+00
4.938169815703816745e-01 -5.722524751685537092e-01 0.000000000000000000e+00
4.948875130034314229e-01 -5.683743863215910963e-01 0.000000000000000000e+00
4.960736142687608430e-01 -5.645366054064012706e-01 0.000000000000000000e+00
4.973695311993991397e-01 -5.607423145516056140e-01 0.000000000000000000e+00
4.987694252137679363e-01 -5.569941690602450146e-01 0.000000000000000000e+00
5.002674343349897690e-01 -5.532942940220770822e-01 0.000000000000000000e+00
5.018577340897977246e-01 -5.496442878780181118e-01 0.000000000000000000e+00
5.035345974597936758e-01 -5.460452329950491457e-01 0.000000000000000000e+00
5.052924530609866904e-01 -5.424977132107393629e-01 0.000000000000000000e+00
5.071259407429576926e-01 -5.390018382065295821e-01 0.000000000000000000e+00
5.090299638265249893e-01 -5.355572744695659138e-01 0.000000000000000000e+00
5.109997372381225311e-01 -5.321632825056502591e-01 0.000000000000000000e+00
5.130308308497798508e-01 -5.288187598722629001e-01 0.000000000000000000e+00
5.151192073949363293e-01 -5.255222895120477133e-01 0.000000000000000000e+00
5.172612544015215974e-01 -5.222721927849754975e-01 0.000000000000000000e+00
5.194538096637968394e-01 -5.190665865229359133e-01 0.000000000000000000e+00
5.216941798622614090e-01 -5.159034433648826967e-01 0.000000000000000000e+00
5.239801520352376230e-01 -5.127806545749654665e-01 0.000000000000000000e+00
5.263099977051957090e-01 -5.096960945012118938e-01 0.000000000000000000e+00
5.286824695660355955e-01 -5.066476857990334093e-01 0.000000000000000000e+00
5.310967907428973955e-01 -5.036334645227278362e-01 0.000000000000000000e+00
5.335526367420688754e-01 -5.006516441796209360e-01 0.000000000000000000e+00
5.360501103136517953e-01 -4.977006778457964131e-01 0.000000000000000000e+00
5.385897095522541589e-01 -4.947793174595033205e-01 0.000000000000000000e+00
5.411722896595795307e-01 -4.918866694381948679e-01 0.000000000000000000e+00
5.437990188858912166e-01 -4.890222458073688050e-01 0.000000000000000000e+00
5.464713292535511302e-01 -4.861860100834424214e-01 0.000000000000000000e+00
5.491908627438405466e-01 -4.833784172180927707e-01 0.000000000000000000e+00
5.519594136968881681e-01 -4.806004469869563089e-01 0.000000000000000000e+00
5.547788682326977305e-01 -4.778536302902914867e-01 0.000000000000000000e+00
5.576511415480663869e-01 -4.751400679259814019e-01 0.000000000000000000e+00
5.605781139789022260e-01 -4.724624414948167539e-01 0.000000000000000000e+00
5.635615667394943129e-01 -4.698240162029466704e-01 0.000000000000000000e+00
5.666031182593033177e-01 -4.672286354352334081e-01 0.000000000000000000e+00
5.697041620336448231e-01 -4.646807070844608534e-01 0.000000000000000000e+00
5.728658068872307663e-01 -4.621851817333364476e-01 0.000000000000000000e+00
5.760888205191403433e-01 -4.597475228973897377e-01 0.000000000000000000e+00
5.793735771548068625e-01 -4.573736696456260353e-01 0.000000000000000000e+00
5.827200100756282364e-01 -4.550699920205613647e-01 0.000000000000000000e+00
5.861275697305974308e-01 -4.528432397785542296e-01 0.000000000000000000e+00
5.895951880578654825e-01 -4.507004850637195692e-01 0.000000000000000000e+00
5.931212495584550215e-01 -4.486490597128299229e-01 0.000000000000000000e+00
5.967035695707099130e-01 -4.466964879632669971e-01 0.000000000000000000e+00
6.003393800938036096e-01 -4.448504154001962085e-01 0.000000000000000000e+00
6.040253234032323393e-01 -4.431185350317863314e-01 0.000000000000000000e+00
6.077574535921766996e-01 -4.415085114217063844e-01 0.000000000000000000e+00
6.115312460615461854e-01 -4.400279038357393646e-01 0.000000000000000000e+00
6.153416148700192601e-01 -4.386840893737457558e-01 0.000000000000000000e+00
6.191829377450863703e-01 -4.374841870591963389e-01 0.000000000000000000e+00
6.230490884486169501e-01 -4.364349838460563902e-01 0.000000000000000000e+00
6.269334760873253032e-01 -4.355428634771318364e-01 0.000000000000000000e+00
6.308290908612739223e-01 -4.348137390894677989e-01 0.000000000000000000e+00
6.347285556535545714e-01 -4.342529904115654538e-01 0.000000000000000000e+00
6.386241827829173268e-01 -4.338654063348312828e-01 0.000000000000000000e+00
6.425080351694727465e-01 -4.336551335686661401e-01 0.000000000000000000e+00
6.463719911027755449e-01 -4.336256320060337677e-01 0.000000000000000000e+00
6.502078117524168199e-01 -4.337796373354044221e-01 0.000000000000000000e+00
6.540072105244525424e-01 -4.341191313369712756e-01 0.000000000000000000e+00
6.577619233430509471e-01 -4.346453201974043168e-01 0.000000000000000000e+00
6.614637789260104928e-01 -4.353586210696380743e-01 0.000000000000000000e+00
6.651047681253656751e-01 -4.362586569938335379e-01 0.000000000000000000e+00
6.686771114201290889e-01 -4.373442601842980615e-01 0.000000000000000000e+00
6.721733236770152109e-01 -4.386134835763799700e-01 0.000000000000000000e+00
6.755862753363125472e-01 -4.400636204187614031e-01 0.000000000000000000e+00
6.789092492332595707e-01 -4.416912315916874943e-01 0.000000000000000000e+00
6.821359923295299277e-01 -4.434921802319711781e-01 0.000000000000000000e+00
6.852607617037534959e-01 -4.454616731525017359e-01 0.000000000000000000e+00
6.882783642332680474e-01 -4.475943084587444831e-01 0.000000000000000000e+00
6.911841894902646111e-01 -4.498841286885316149e-01 0.000000000000000000e+00
6.939742354727777007e-01 -4.523246787353218945e-01 0.000000000000000000e+00
6.966451268931419527e-01 -4.549090677599489929e-01 0.000000000000000000e+00
6.991941258520601998e-01 -4.576300342523723086e-01 0.000000000000000000e+00
7.016191348337443845e-01 -4.604800133736370316e-01 0.000000000000000000e+00
7.039186920651113732e-01 -4.634512056894989351e-01 0.000000000000000000e+00
7.060919593881785916e-01 -4.665356464011070070e-01 0.000000000000000000e+00
7.081387028980329346e-01 -4.697252741847773860e-01 0.000000000000000000e+00
7.100592666975699130e-01 -4.730119987719915153e-01 0.000000000000000000e+00
7.118545402131759570e-01 -4.763877664319203231e-01 0.000000000000000000e+00
7.135259196013202798e-01 -4.798446225614512728e-01 0.000000000000000000e+00
7.150752638534548788e-01 -4.833747706411191114e-01 0.000000000000000000e+00
7.165048462745567948e-01 -4.869706268786377912e-01 0.000000000000000000e+00
7.178173020681986038e-01 -4.906248699338485730e-01 0.000000000000000000e+00
7.190155728074114627e-01 -4.943304851986978776e-01 0.000000000000000000e+00
7.210825088210839340e-01 -5.018695317205145168e-01 0.000000000000000000e+00
