1.280942791724943575e-01 1.779265859718548726e-01 0.000000000000000000e+00
1.415257919012435361e-01 1.745081340656010616e-01 0.000000000000000000e+00
1.556466654428917962e-01 1.704702997638170847e-01 0.000000000000000000e+00
1.708305111260025877e-01 1.655597066312863574e-01 0.000000000000000000e+00
1.870804000417490565e-01 1.594552640004341382e-01 0.000000000000000000e+00
2.039494148914809679e-01 1.518373379232123566e-01 0.000000000000000000e+00
2.205630835729277539e-01 1.424715303106791064e-01 0.000000000000000000e+00
2.357441016000209333e-01 1.312868686812322105e-01 0.000000000000000000e+00
2.482133947388657502e-01 1.184280265714324765e-01 0.000000000000000000e+00
2.568217395983186657e-01 1.042665107495430871e-01 0.000000000000000000e+00
2.607582931631440282e-01 8.936533843578715886e-02 0.000000000000000000e+00
2.596885459617713776e-01 7.440311007975486390e-02 0.000000000000000000e+00
2.537925331427665077e-01 6.007352007300675173e-02 0.000000000000000000e+00
2.436994003593349889e-01 4.698249332915466203e-02 0.000000000000000000e+00
2.303396358512206088e-01 3.556562269879662286e-02 0.000000000000000000e+00
2.147547149740407502e-01 2.604329665349880765e-02 0.000000000000000000e+00
1.979109880736487637e-01 1.842131393489788646e-02 0.000000000000000000e+00
1.805591740354209607e-01 1.253349927649969296e-02 0.000000000000000000e+00
1.631651443358115017e-01 8.112880109222101246e-03 0.000000000000000000e+00
1.459168276347804494e-01 4.871926966281004377e-03 0.000000000000000000e+00
1.287921527103115249e-01 2.571618643005741875e-03 0.000000000000000000e+00
1.116593577913269353e-01 1.063584324727813229e-03 0.000000000000000000e+00
9.437686638247580473e-02 2.978032999180157915e-04 0.000000000000000000e+00
7.686541876137607809e-02 2.978856309858990675e-04 0.000000000000000000e+00
5.913761759617457148e-02 1.114188733967527278e-03 0.000000000000000000e+00
4.128507705511240411e-02 2.769859242846468578e-03 0.000000000000000000e+00
2.343622623306584885e-02 5.215323917880177254e-03 0.000000000000000000e+00
5.704914715468118944e-03 8.303066869272495570e-03 0.000000000000000000e+00
-1.185017209228223477e-02 1.178810314658971202e-02 0.000000000000000000e+00
-2.924175460160039278e-02 1.535239024891080217e-02 0.000000000000000000e+00
-4.654235683094692239e-02 1.864550940147204072e-02 0.000000000000000000e+00
-6.385134491467626960e-02 2.133073493589321759e-02 0.000000000000000000e+00
-8.125380981748320242e-02 2.312562083595519694e-02 0.000000000000000000e+00
-9.878610452003686038e-02 2.382903960419357342e-02 0.000000000000000000e+00
-1.164193327319605620e-01 2.333106107864663797e-02 0.000000000000000000e+00
-1.340651162496971083e-01 2.160670965384458436e-02 0.000000000000000000e+00
-1.516001822724322434e-01 1.869819909250388518e-02 0.000000000000000000e+00
-1.689003757146887164e-01 1.469193856597581123e-02 0.000000000000000000e+00
-1.858724240760504243e-01 9.696319076498625261e-03 0.000000000000000000e+00
-2.024735922523011322e-01 3.824505010657262144e-03 0.000000000000000000e+00
-2.187142862345491101e-01 -2.816001576800637469e-03 0.000000000000000000e+00
-2.346447648473714565e-01 -1.012752566793459139e-02 0.000000000000000000e+00
-2.503322377143597510e-01 -1.802207687921274920e-02 0.000000000000000000e+00
-2.658371270159419764e-01 -2.641929141448930152e-02 0.000000000000000000e+00
-2.811965449495973934e-01 -3.524440179574796217e-02 0.000000000000000000e+00
-2.964196360994612034e-01 -4.442726420099554069e-02 0.000000000000000000e+00
-3.114947727642029540e-01 -5.390255695366363842e-02 0.000000000000000000e+00
-3.264044018731049879e-01 -6.361068030454461453e-02 0.000000000000000000e+00
-3.411410432555492811e-01 -7.349874699123130906e-02 0.000000000000000000e+00
-3.557181706315592495e-01 -8.352124747703815189e-02 0.000000000000000000e+00
-3.701721682694879556e-01 -9.364027379947589824e-02 0.000000000000000000e+00
-3.845551856033475602e-01 -1.038253724009647189e-01 0.000000000000000000e+00
-3.989221176161852900e-01 -1.140530680370136773e-01 0.000000000000000000e+00
-4.133169160703502598e-01 -1.243059134271984750e-01 0.000000000000000000e+00
-4.277633816453736970e-01 -1.345707424471864755e-01 0.000000000000000000e+00
-4.422636668456745856e-01 -1.448358224782169135e-01 0.000000000000000000e+00
-4.568047567865076708e-01 -1.550869041804921744e-01 0.000000000000000000e+00
-4.713703261146841572e-01 -1.653026854621419128e-01 0.000000000000000000e+00
-4.859536152590211988e-01 -1.754507237367248507e-01 0.000000000000000000e+00
-5.005668725935307206e-01 -1.854850685794063314e-01 0.000000000000000000e+00
-5.152443781639859388e-01 -1.953466350362363380e-01 0.000000000000000000e+00
-5.300384494857957041e-01 -2.049665684555623812e-01 0.000000000000000000e+00
-5.450102015103595043e-01 -2.142717688188472691e-01 0.000000000000000000e+00
-5.602183441137185138e-01 -2.231907348089209875e-01 0.000000000000000000e+00
-5.757094923085840366e-01 -2.316573943522943768e-01 0.000000000000000000e+00
-5.915124064117349700e-01 -2.396109229952249065e-01 0.000000000000000000e+00
-6.076368026676755019e-01 -2.469907530759310466e-01 0.000000000000000000e+00
-6.240756343159548081e-01 -2.537277485663620435e-01 0.000000000000000000e+00
-6.408087097712781288e-01 -2.597342938592708261e-01 0.000000000000000000e+00
-6.578055190425999843e-01 -2.648971556640608571e-01 0.000000000000000000e+00
-6.750260638321537998e-01 -2.690769020066322570e-01 0.000000000000000000e+00
-6.924198402817909326e-01 -2.721162300931294076e-01 0.000000000000000000e+00
-7.099242650582001657e-01 -2.738570544334859580e-01 0.000000000000000000e+00
-7.274642493112771779e-01 -2.741633400745107085e-01 0.000000000000000000e+00
-7.449541358377651523e-01 -2.729443489385889876e-01 0.000000000000000000e+00
-7.623020583152610996e-01 -2.701720358506516928e-01 0.000000000000000000e+00
-7.794155012580467057e-01 -2.658872469105258429e-01 0.000000000000000000e+00
-7.962060526471819166e-01 -2.601920340638803619e-01 0.000000000000000000e+00
-8.125914695480257466e-01 -2.532291250435052543e-01 0.000000000000000000e+00
-8.284942520572174951e-01 -2.451532973126493709e-01 0.000000000000000000e+00
-8.438375476216225524e-01 -2.361019446334008953e-01 0.000000000000000000e+00
-8.585407061858914002e-01 -2.261726385566722453e-01 0.000000000000000000e+00
-8.725174813516268779e-01 -2.154137084840337391e-01 0.000000000000000000e+00
-8.856793066318812135e-01 -2.038302339362172422e-01 0.000000000000000000e+00
-8.979443301963893065e-01 -1.914034006105050922e-01 0.000000000000000000e+00
-9.092505262138439459e-01 -1.781172484291941860e-01 0.000000000000000000e+00
-9.195690958661798531e-01 -1.639846448221419783e-01 0.000000000000000000e+00
-9.289134055083572150e-01 -1.490645521447892252e-01 0.000000000000000000e+00
-9.373394154880856366e-01 -1.334652847879020665e-01 0.000000000000000000e+00
-9.449358766303892487e-01 -1.173326857164380538e-01 0.000000000000000000e+00
-9.518058384069411071e-01 -1.008267024236532139e-01 0.000000000000000000e+00
-9.580441291542449722e-01 -8.409331086841266567e-02 0.000000000000000000e+00
-9.637172924677164243e-01 -6.724005903712462762e-02 0.000000000000000000e+00
-9.688522230590724815e-01 -5.032228634665546901e-02 0.000000000000000000e+00
-9.734373483310321262e-01 -3.334372325377994717e-02 0.000000000000000000e+00
-9.774363200155248288e-01 -1.627075465431911463e-02 0.000000000000000000e+00
-9.808100583334041778e-01 9.444683096665329328e-04 0.000000000000000000e+00
-9.835400398442190051e-01 1.833939063182331297e-02 0.000000000000000000e+00
-9.856450247205099657e-01 3.592238113620204593e-02 0.000000000000000000e+00
-9.871853376247677891e-01 5.366535294804620354e-02 0.000000000000000000e+00
-9.882528150412759338e-01 7.150925377558901841e-02 0.000000000000000000e+00
-9.889493286218729029e-01 8.937989784622588085e-02 0.000000000000000000e+00
-9.893607721001883570e-01 1.072084646524014695e-01 0.000000000000000000e+00
-9.895351575385632481e-01 1.249497716732739933e-01 0.000000000000000000e+00
-9.894723175568316265e-01 1.425924613377541339e-01 0.000000000000000000e+00
-9.891289477579825462e-01 1.601581136099022862e-01 0.000000000000000000e+00
-9.884375583764563045e-01 1.776900102358553724e-01 0.000000000000000000e+00
-9.873330757327244411e-01 1.952355994225634384e-01 0.000000000000000000e+00
-9.857780247073976154e-01 2.128285748871746041e-01 0.000000000000000000e+00
-9.837774717261561497e-01 2.304763392379378939e-01 0.000000000000000000e+00
-9.813782262528940592e-01 2.481565963324575408e-01 0.000000000000000000e+00
-9.786521360986901730e-01 2.658236537662230781e-01 0.000000000000000000e+00
-9.756688828916132428e-01 2.834218070342919837e-01 0.000000000000000000e+00
-9.724675652571656004e-01 3.009009872795507246e-01 0.000000000000000000e+00
-9.690371478575301456e-01 3.182293699284893251e-01 0.000000000000000000e+00
-9.653131764855625851e-01 3.353989491842048754e-01 0.000000000000000000e+00
-9.611928189806518974e-01 3.524226637636760362e-01 0.000000000000000000e+00
-9.565640362868120805e-01 3.693245823471631994e-01 0.000000000000000000e+00
-9.513396329431742515e-01 3.861269119884124801e-01 0.000000000000000000e+00
-9.454848500036638903e-01 4.028384350041426254e-01 0.000000000000000000e+00
-9.390288527116482653e-01 4.194481787944064899e-01 0.000000000000000000e+00
-9.320554753866782116e-01 4.359260250007683246e-01 0.000000000000000000e+00
-9.246753241122543931e-01 4.522293563839227537e-01 0.000000000000000000e+00
-9.169875875358474149e-01 4.683126640859485712e-01 0.000000000000000000e+00
-9.090435644917086444e-01 4.841360595875850992e-01 0.000000000000000000e+00
-9.008237074046269166e-01 4.996691786412569281e-01 0.000000000000000000e+00
-8.922358967751382597e-01 5.148888064536618625e-01 0.000000000000000000e+00
-8.831359916814675026e-01 5.297710129343693453e-01 0.000000000000000000e+00
-8.733646096750067311e-01 5.442807692048134971e-01 0.000000000000000000e+00
-8.627889046103628390e-01 5.583631307539580479e-01 0.000000000000000000e+00
-8.513365453945102024e-01 5.719397082129025200e-01 0.000000000000000000e+00
-8.390116728892760278e-01 5.849124152532461096e-01 0.000000000000000000e+00
-8.258884759797222586e-01 5.971739767175762159e-01 0.000000000000000000e+00
-8.120852420091428936e-01 6.086222639199322382e-01 0.000000000000000000e+00
-7.977279225179839672e-01 6.191740363851047091e-01 0.000000000000000000e+00
-7.829153911015014344e-01 6.287736337982400281e-01 0.000000000000000000e+00
-7.676976673493900449e-01 6.373936108776299125e-01 0.000000000000000000e+00
-7.520738067827511530e-01 6.450267752144877020e-01 0.000000000000000000e+00
-7.360094986649922122e-01 6.516717719605554793e-01 0.000000000000000000e+00
-7.194679292264923864e-01 6.573163950784858267e-01 0.000000000000000000e+00
-7.024433131011835751e-01 6.619235540271430907e-01 0.000000000000000000e+00
-6.849859948526583198e-01 6.654240795605725900e-01 0.000000000000000000e+00
-6.672112306625415101e-01 6.677185904678692996e-01 0.000000000000000000e+00
-6.492894676972935653e-01 6.686881173595145000e-01 0.000000000000000000e+00
-6.314221104800620266e-01 6.682108862584564823e-01 0.000000000000000000e+00
-6.138112603714510618e-01 6.661812742802216691e-01 0.000000000000000000e+00
-5.966332398875855425e-01 6.625267940399345301e-01 0.000000000000000000e+00
-5.800235285769548277e-01 6.572199505324325397e-01 0.000000000000000000e+00
-5.640759587470978165e-01 6.502834934157684099e-01 0.000000000000000000e+00
-5.488534749360692855e-01 6.417893352837029664e-01 0.000000000000000000e+00
-5.344035199259480340e-01 6.318526597606064499e-01 0.000000000000000000e+00
-5.207697315705113184e-01 6.206231948464723258e-01 0.000000000000000000e+00
-5.079936017643156276e-01 6.082753121063291246e-01 0.000000000000000000e+00
-4.961042913838775714e-01 5.949978604397343496e-01 0.000000000000000000e+00
-4.851001681662455711e-01 5.809839186031845459e-01 0.000000000000000000e+00
-4.749297557625159483e-01 5.664203478280646076e-01 0.000000000000000000e+00
-4.654810003192521584e-01 5.514773005080251256e-01 0.000000000000000000e+00
-4.565854793366713738e-01 5.362985438682765782e-01 0.000000000000000000e+00
-4.480391033696008996e-01 5.209941977071206320e-01 0.000000000000000000e+00
-4.396347813515854019e-01 5.056377978829131870e-01 0.000000000000000000e+00
-4.311976753987800670e-01 4.902691511700030258e-01 0.000000000000000000e+00
-4.226119432652355457e-01 4.749032091690704727e-01 0.000000000000000000e+00
-4.138300731820306888e-01 4.595434753720092358e-01 0.000000000000000000e+00
-4.048614650160219375e-01 4.441968478880666260e-01 0.000000000000000000e+00
-3.957439602341354945e-01 4.288859275002044891e-01 0.000000000000000000e+00
-3.865080934902709875e-01 4.136551372913953029e-01 0.000000000000000000e+00
-3.771466905017009652e-01 3.985685741788964620e-01 0.000000000000000000e+00
-3.676008886069924708e-01 3.836999609924568455e-01 0.000000000000000000e+00
-3.577680590393429449e-01 3.691176495310981021e-01 0.000000000000000000e+00
-3.475292904937309912e-01 3.548694762009143022e-01 0.000000000000000000e+00
-3.367867663865339867e-01 3.409727024137118034e-01 0.000000000000000000e+00
-3.254972029522225641e-01 3.274130233817640900e-01 0.000000000000000000e+00
-3.136881788772901136e-01 3.141539957556738760e-01 0.000000000000000000e+00
-3.014496990934096843e-01 3.011549984607514996e-01 0.000000000000000000e+00
-2.889019790466709758e-01 2.883930307735553256e-01 0.000000000000000000e+00
-2.761492814883642066e-01 2.758822035135959361e-01 0.000000000000000000e+00
-2.632355205244684138e-01 2.636852134920750212e-01 0.000000000000000000e+00
-2.501179760562295407e-01 2.519133181853508985e-01 0.000000000000000000e+00
-2.366702753803872350e-01 2.407146560683710579e-01 0.000000000000000000e+00
-2.227162606196934069e-01 2.302541135979589981e-01 0.000000000000000000e+00
-2.080855564658951606e-01 2.206902220657647740e-01 0.000000000000000000e+00
-1.926733022994274458e-01 2.121550284368908801e-01 0.000000000000000000e+00
-1.764837086845994496e-01 2.047413952766184708e-01 0.000000000000000000e+00
-1.596411943360063757e-01 1.984992949546469654e-01 0.000000000000000000e+00
-1.423629002721294445e-01 1.934394204555952013e-01 0.000000000000000000e+00
-1.248992912343991485e-01 1.895400251094911670e-01 0.000000000000000000e+00
-1.074610821059335530e-01 1.867522272357490520e-01 0.000000000000000000e+00
-9.015680962735991844e-02 1.850003519514042127e-01 0.000000000000000000e+00
-7.296354121472450882e-02 1.841767603500282791e-01 0.000000000000000000e+00
-5.574353256971086717e-02 1.841339518479991055e-01 0.000000000000000000e+00
-3.830483166374541726e-02 1.846791869312896517e-01 0.000000000000000000e+00
-2.048850390080275349e-02 1.855773618352603571e-01 0.000000000000000000e+00
-2.254427833799255154e-03 1.865659244101234571e-01 0.000000000000000000e+00
1.626459368674190373e-02 1.873816752107472228e-01 0.000000000000000000e+00
3.476296647870483897e-02 1.877945705161235546e-01 0.000000000000000000e+00
5.282341167108640240e-02 1.876397883386222709e-01 0.000000000000000000e+00
7.002633023323120987e-02 1.868378760514186054e-01 0.000000000000000000e+00
8.607762169909186079e-02 1.853946475282048645e-01 0.000000000000000000e+00
1.009160222216974045e-01 1.833774857251416479e-01 0.000000000000000000e+00
1.280942791724943575e-01 1.779265859718548726e-01 0.000000000000000000e+00
