0.000000000000000000e+00 2.743117816789793495e-01 -1.021451209127310356e-01
0.000000000000000000e+00 2.803659196794434094e-01 -1.135910501551676832e-01
0.000000000000000000e+00 2.852266244546193263e-01 -1.259347013724137210e-01
0.000000000000000000e+00 2.887814925467934168e-01 -1.391951213772637530e-01
0.000000000000000000e+00 2.908529912243601467e-01 -1.532877997834662387e-01
0.000000000000000000e+00 2.912221205117629386e-01 -1.679961602296951018e-01
0.000000000000000000e+00 2.896666886480189218e-01 -1.829701229391573480e-01
0.000000000000000000e+00 2.860063830571955568e-01 -1.977542131442398821e-01
0.000000000000000000e+00 2.801450407775175067e-01 -2.118408369096579369e-01
0.000000000000000000e+00 2.721008924733381296e-01 -2.247383861192201182e-01
0.000000000000000000e+00 2.620180037673856543e-01 -2.360402355733774715e-01
0.000000000000000000e+00 2.501561114434471822e-01 -2.454803489956330909e-01
0.000000000000000000e+00 2.368606400081825492e-01 -2.529642060738067633e-01
0.000000000000000000e+00 2.225188383082237209e-01 -2.585693631161289918e-01
0.000000000000000000e+00 2.075107601591451856e-01 -2.625167919062060262e-01
0.000000000000000000e+00 1.921646233517725899e-01 -2.651205431180696515e-01
0.000000000000000000e+00 1.767247845156350028e-01 -2.667277216677665930e-01
0.000000000000000000e+00 1.613375228168960618e-01 -2.676622238734325809e-01
0.000000000000000000e+00 1.460557892827287485e-01 -2.681839113614636894e-01
0.000000000000000000e+00 1.308600121578020470e-01 -2.684704334254134350e-01
0.000000000000000000e+00 1.156888832262961686e-01 -2.686229579015316227e-01
0.000000000000000000e+00 1.004724641792105050e-01 -2.686911614859916475e-01
0.000000000000000000e+00 8.516021848467414390e-02 -2.687084290515178164e-01
0.000000000000000000e+00 6.973851026587592206e-02 -2.687263478133163352e-01
0.000000000000000000e+00 5.423514433815811164e-02 -2.688386027150863056e-01
0.000000000000000000e+00 3.871184596226259766e-02 -2.691878823794477404e-01
0.000000000000000000e+00 2.324836832161710637e-02 -2.699543702003151524e-01
0.000000000000000000e+00 7.923528086900742673e-03 -2.713294697549611945e-01
0.000000000000000000e+00 -7.201401987960585373e-03 -2.734822746594464671e-01
0.000000000000000000e+00 -2.209278183818538799e-02 -2.765279895618865669e-01
0.000000000000000000e+00 -3.674623781590228427e-02 -2.805066959975163754e-01
0.000000000000000000e+00 -5.118043185870054662e-02 -2.853778610365380608e-01
0.000000000000000000e+00 -6.542569337822386200e-02 -2.910316940497876814e-01
0.000000000000000000e+00 -7.951144343373922618e-02 -2.973140569717946380e-01
0.000000000000000000e+00 -9.345634743302236314e-02 -3.040582926072569192e-01
0.000000000000000000e+00 -1.072640206814483438e-01 -3.111158891633114543e-01
0.000000000000000000e+00 -1.209252580931998028e-01 -3.183786432259232968e-01
0.000000000000000000e+00 -1.344257268358999280e-01 -3.257876177840646759e-01
0.000000000000000000e+00 -1.477564329473876892e-01 -3.333279255425820597e-01
0.000000000000000000e+00 -1.609234961129133723e-01 -3.410121509663072703e-01
0.000000000000000000e+00 -1.739540311951699170e-01 -3.488580418418571472e-01
0.000000000000000000e+00 -1.868961320369342538e-01 -3.568672435807701548e-01
0.000000000000000000e+00 -1.998127147584905505e-01 -3.650110929295138917e-01
0.000000000000000000e+00 -2.127707876223242922e-01 -3.732271331951051430e-01
0.000000000000000000e+00 -2.258290550952539999e-01 -3.814267824996222522e-01
0.000000000000000000e+00 -2.390272611135976499e-01 -3.895114081889967661e-01
0.000000000000000000e+00 -2.523802014875392019e-01 -3.973918063450440075e-01
0.000000000000000000e+00 -2.658780342105453443e-01 -4.050053343946198314e-01
0.000000000000000000e+00 -2.794927650119593543e-01 -4.123258361298992591e-01
0.000000000000000000e+00 -2.931890802760817594e-01 -4.193637110900045317e-01
0.000000000000000000e+00 -3.069365171952426197e-01 -4.261563409457450602e-01
0.000000000000000000e+00 -3.207196262724476554e-01 -4.327517697282822762e-01
0.000000000000000000e+00 -3.345433782585093829e-01 -4.391903018135484005e-01
0.000000000000000000e+00 -3.484324200491674128e-01 -4.454890775862671015e-01
0.000000000000000000e+00 -3.624245076258906795e-01 -4.516336595098525142e-01
0.000000000000000000e+00 -3.765600556708483260e-01 -4.575785589382244112e-01
0.000000000000000000e+00 -3.908707963964500598e-01 -4.632560909400931237e-01
0.000000000000000000e+00 -4.053707477772094947e-01 -4.685906918586426606e-01
0.000000000000000000e+00 -4.200520048687629293e-01 -4.735144903048658094e-01
0.000000000000000000e+00 -4.348864871545951027e-01 -4.779798216245167986e-01
0.000000000000000000e+00 -4.498330906798831408e-01 -4.819654869000705166e-01
0.000000000000000000e+00 -4.648481777071022392e-01 -4.854755059453377819e-01
0.000000000000000000e+00 -4.798964097771077353e-01 -4.885313033201568178e-01
0.000000000000000000e+00 -4.949588466633951245e-01 -4.911600588223794528e-01
0.000000000000000000e+00 -5.100360122401712548e-01 -4.933828541311425786e-01
0.000000000000000000e+00 -5.251450480260828613e-01 -4.952060408594382568e-01
0.000000000000000000e+00 -5.403117388301740265e-01 -4.966180597627533055e-01
0.000000000000000000e+00 -5.555596394920024883e-01 -4.975921586954797360e-01
0.000000000000000000e+00 -5.708993565367140866e-01 -4.980936466723714928e-01
0.000000000000000000e+00 -5.863210154703099031e-01 -4.980890271379965761e-01
0.000000000000000000e+00 -6.017920796093462199e-01 -4.975539435685674694e-01
0.000000000000000000e+00 -6.172612175315776994e-01 -4.964774327362653228e-01
0.000000000000000000e+00 -6.326672465235058107e-01 -4.948613045322994841e-01
0.000000000000000000e+00 -6.479507661191005186e-01 -4.927151141892274211e-01
0.000000000000000000e+00 -6.630653254216969383e-01 -4.900486364051569455e-01
0.000000000000000000e+00 -6.779850510069423963e-01 -4.868645387885023323e-01
0.000000000000000000e+00 -6.927065773151940276e-01 -4.831538439898240278e-01
0.000000000000000000e+00 -7.072446221317306714e-01 -4.788958097975796191e-01
0.000000000000000000e+00 -7.216222328406113329e-01 -4.740623569989752539e-01
0.000000000000000000e+00 -7.358581446789052016e-01 -4.686256196087093540e-01
0.000000000000000000e+00 -7.499544650517038225e-01 -4.625660855678696004e-01
0.000000000000000000e+00 -7.638878277566643060e-01 -4.558785061047945231e-01
0.000000000000000000e+00 -7.776062739208621233e-01 -4.485733934195826889e-01
0.000000000000000000e+00 -7.910326553958415552e-01 -4.406733207825382914e-01
0.000000000000000000e+00 -8.040737126731893891e-01 -4.322049642824356552e-01
0.000000000000000000e+00 -8.166325860928042024e-01 -4.231893404271060977e-01
0.000000000000000000e+00 -8.286217345525642708e-01 -4.136335033212752421e-01
0.000000000000000000e+00 -8.399732495627678652e-01 -4.035267740610836151e-01
0.000000000000000000e+00 -8.506443379226297230e-01 -3.928433860579970682e-01
0.000000000000000000e+00 -8.606170732228290987e-01 -3.815515543311476243e-01
0.000000000000000000e+00 -8.698930171325764960e-01 -3.696269514087517916e-01
0.000000000000000000e+00 -8.784845830275991307e-01 -3.570670072122682503e-01
0.000000000000000000e+00 -8.864057278358818959e-01 -3.439018476389565926e-01
0.000000000000000000e+00 -8.936645443731998650e-01 -3.301982869364361584e-01
0.000000000000000000e+00 -9.002596187981731779e-01 -3.160549880972896575e-01
0.000000000000000000e+00 -9.061808359619101250e-01 -3.015892703168389644e-01
0.000000000000000000e+00 -9.114140011109213013e-01 -2.869184240769925842e-01
0.000000000000000000e+00 -9.159475667371095309e-01 -2.721401077533436297e-01
0.000000000000000000e+00 -9.197791997696308508e-01 -2.573169208622463899e-01
0.000000000000000000e+00 -9.229200346154537993e-01 -2.424693725143456935e-01
0.000000000000000000e+00 -9.253951821218967533e-01 -2.275793731306890444e-01
0.000000000000000000e+00 -9.272401844865517662e-01 -2.126036083128156062e-01
0.000000000000000000e+00 -9.284942977257125696e-01 -1.974934532594026793e-01
0.000000000000000000e+00 -9.291924096173072023e-01 -1.822162094842041669e-01
0.000000000000000000e+00 -9.293578053510619386e-01 -1.667719432930268586e-01
0.000000000000000000e+00 -9.289977683252225171e-01 -1.512012622441184784e-01
0.000000000000000000e+00 -9.281032189577048674e-01 -1.355817379516786880e-01
0.000000000000000000e+00 -9.266524736925976224e-01 -1.200137548291711209e-01
0.000000000000000000e+00 -9.246180635230115685e-01 -1.045995073937434905e-01
0.000000000000000000e+00 -9.219747029434871566e-01 -8.942086959042372385e-02
0.000000000000000000e+00 -9.187061788675227048e-01 -7.452234351037359539e-02
0.000000000000000000e+00 -9.148092210050972062e-01 -5.990409080842999667e-02
0.000000000000000000e+00 -9.102932392317558685e-01 -4.552744664006121850e-02
0.000000000000000000e+00 -9.051759453002131695e-01 -3.133199113701888583e-02
0.000000000000000000e+00 -8.994760111976590755e-01 -1.726009601129237236e-02
0.000000000000000000e+00 -8.932047525192166049e-01 -3.282733055312792025e-03
0.000000000000000000e+00 -8.863591434397923852e-01 1.058017881581122324e-02
0.000000000000000000e+00 -8.789181905880926182e-01 2.425033801508955783e-02
0.000000000000000000e+00 -8.708438938058087331e-01 3.759524807055564244e-02
0.000000000000000000e+00 -8.620869125699991420e-01 5.044525596939206796e-02
0.000000000000000000e+00 -8.525959220243587433e-01 6.261936371919482602e-02
0.000000000000000000e+00 -8.423287644233302673e-01 7.395349532396576497e-02
0.000000000000000000e+00 -8.312630881258528115e-01 8.432432581044381481e-02
0.000000000000000000e+00 -8.194043002920537999e-01 9.366302104645946036e-02
0.000000000000000000e+00 -8.067892845272773839e-01 1.019559585758660347e-01
0.000000000000000000e+00 -7.934852763538624565e-01 1.092329624291899365e-01
0.000000000000000000e+00 -7.795843064111624976e-01 1.155468518734383832e-01
0.000000000000000000e+00 -7.651944713218021832e-01 1.209502953189500185e-01
0.000000000000000000e+00 -7.504297929832955960e-01 1.254764934343640392e-01
0.000000000000000000e+00 -7.354004977479762228e-01 1.291289633101318779e-01
0.000000000000000000e+00 -7.202052194447552402e-01 1.318830208413677707e-01
0.000000000000000000e+00 -7.049260300699119464e-01 1.336982115533904281e-01
0.000000000000000000e+00 -6.896265064091200436e-01 1.345378503313504892e-01
0.000000000000000000e+00 -6.743524268885258133e-01 1.343898493391798010e-01
0.000000000000000000e+00 -6.591342912072756244e-01 1.332826791126034416e-01
0.000000000000000000e+00 -6.439907214726011686e-01 1.312916980031954006e-01
0.000000000000000000e+00 -6.289319139812882264e-01 1.285337976005293259e-01
0.000000000000000000e+00 -6.139625809400296452e-01 1.251515787634201182e-01
0.000000000000000000e+00 -5.990841395689465720e-01 1.212911771792933302e-01
0.000000000000000000e+00 -5.842961705663406446e-01 1.170795891496435454e-01
0.000000000000000000e+00 -5.695973165634428126e-01 1.126074315342883020e-01
0.000000000000000000e+00 -5.549858140516913396e-01 1.079214943873566812e-01
0.000000000000000000e+00 -5.404597860250394126e-01 1.030286677065583995e-01
0.000000000000000000e+00 -5.260173297910920587e-01 9.790963849907516336e-02
0.000000000000000000e+00 -5.116563759515735388e-01 9.253806622450021224e-02
0.000000000000000000e+00 -4.973743054398950258e-01 8.689951383956376341e-02
0.000000000000000000e+00 -4.831673882821407306e-01 8.100463782346001285e-02
0.000000000000000000e+00 -4.690302115716082354e-01 7.489294919532185624e-02
0.000000000000000000e+00 -4.549553378722590580e-01 6.862632072336563582e-02
0.000000000000000000e+00 -4.409334280605112788e-01 6.227450176953133049e-02
0.000000000000000000e+00 -4.269539528829405239e-01 5.589731343757128185e-02
0.000000000000000000e+00 -4.130064254412268432e-01 4.952922559267793762e-02
0.000000000000000000e+00 -3.990818713822021913e-01 4.317135204816310162e-02
0.000000000000000000e+00 -3.851740941500008120e-01 3.679371774258244354e-02
0.000000000000000000e+00 -3.712802610311204954e-01 3.034757231676178668e-02
0.000000000000000000e+00 -3.574004678758228581e-01 2.378443878034527947e-02
0.000000000000000000e+00 -3.435362182546072285e-01 1.707640243407716751e-02
0.000000000000000000e+00 -3.296881034282831968e-01 1.023152899461340221e-02
0.000000000000000000e+00 -3.158532834265821987e-01 3.299477833520945286e-03
0.000000000000000000e+00 -3.020235341252459627e-01 -3.634940768415217873e-03
0.000000000000000000e+00 -2.881845629389536700e-01 -1.046905560283150315e-02
0.000000000000000000e+00 -2.743169948807978598e-01 -1.710599938406701798e-02
0.000000000000000000e+00 -2.603989575612929985e-01 -2.347815449903045346e-02
0.000000000000000000e+00 -2.464096801739975029e-01 -2.956345557952953784e-02
0.000000000000000000e+00 -2.323331299308692977e-01 -3.538924843948429433e-02
0.000000000000000000e+00 -2.181605831073735180e-01 -4.102159950049771159e-02
0.000000000000000000e+00 -2.038912424571830140e-01 -4.654188159969955413e-02
0.000000000000000000e+00 -1.895305435702179520e-01 -5.201606834259742129e-02
0.000000000000000000e+00 -1.750865104081168466e-01 -5.746444864183910400e-02
0.000000000000000000e+00 -1.605652189322388790e-01 -6.283976460620707694e-02
0.000000000000000000e+00 -1.459668806029796595e-01 -6.801994780965006648e-02
0.000000000000000000e+00 -1.312840850937683213e-01 -7.281812486046725097e-02
0.000000000000000000e+00 -1.165032733326206993e-01 -7.700828979868153124e-02
0.000000000000000000e+00 -1.016096218121517736e-01 -8.036112610197004846e-02
0.000000000000000000e+00 -8.659442080622732629e-02 -8.268194817737821445e-02
0.000000000000000000e+00 -7.146302943779407613e-02 -8.384229334421515467e-02
0.000000000000000000e+00 -5.624090898869624905e-02 -8.379844447049696055e-02
0.000000000000000000e+00 -4.097531171142552997e-02 -8.259362125641410424e-02
0.000000000000000000e+00 -2.573101469076032738e-02 -8.034480017525816309e-02
0.000000000000000000e+00 -1.057991322988968350e-02 -7.721895745371547271e-02
0.000000000000000000e+00 4.413989701866647374e-03 -7.340593425694148799e-02
0.000000000000000000e+00 1.921108271777466694e-02 -6.909545564577851406e-02
0.000000000000000000e+00 3.381003991831931649e-02 -6.446403189890859142e-02
0.000000000000000000e+00 4.825498451826263496e-02 -5.967406988264610523e-02
0.000000000000000000e+00 6.263284663264884200e-02 -5.488351426381697651e-02
0.000000000000000000e+00 7.705982751327031255e-02 -5.026089245128432387e-02
0.000000000000000000e+00 9.165840328245242197e-02 -4.599877128110489016e-02
0.000000000000000000e+00 1.065287676238474979e-01 -4.231892365945668505e-02
0.000000000000000000e+00 1.217203937503668204e-01 -3.946491219637351944e-02
0.000000000000000000e+00 1.372099768803561048e-01 -3.768167152102862294e-02
0.000000000000000000e+00 1.528911447572782190e-01 -3.718591467331321815e-02
0.000000000000000000e+00 1.685790866286575318e-01 -3.813456093417851717e-02
0.000000000000000000e+00 1.840300903855136283e-01 -4.059984566824212382e-02
0.000000000000000000e+00 1.989725950480856764e-01 -4.455879372086578305e-02
0.000000000000000000e+00 2.131435659412818651e-01 -4.990145417661253496e-02
0.000000000000000000e+00 2.263224947514853036e-01 -5.645750011662986623e-02
0.000000000000000000e+00 2.383555527960261600e-01 -6.403574684458629429e-02
0.000000000000000000e+00 2.491644209916140940e-01 -7.246722115170321776e-02
0.000000000000000000e+00 2.587376933589558003e-01 -8.164076340377487973e-02
0.000000000000000000e+00 2.743117816789793495e-01 -1.021451209127310356e-01
