-5.357549628074471659e-01 0.000000000000000000e+00 -6.215374186758453323e-01
-5.339340155459244563e-01 0.000000000000000000e+00 -6.252191556857349397e-01
-5.322403022257909955e-01 0.000000000000000000e+00 -6.289583461867939151e-01
-5.306820688516915574e-01 0.000000000000000000e+00 -6.327511540124722833e-01
-5.292673570463687360e-01 0.000000000000000000e+00 -6.365930499383384289e-01
-5.280039240912920429e-01 0.000000000000000000e+00 -6.404788396370939552e-01
-5.268991654837659189e-01 0.000000000000000000e+00 -6.444026998719654120e-01
-5.259600409498480511e-01 0.000000000000000000e+00 -6.483582223771360287e-01
-5.251930048015291952e-01 0.000000000000000000e+00 -6.523384647753091015e-01
-5.246039414639903642e-01 0.000000000000000000e+00 -6.563360077939646153e-01
-5.241981069252951153e-01 0.000000000000000000e+00 -6.603430179645619624e-01
-5.239800767777209600e-01 0.000000000000000000e+00 -6.643513149238866600e-01
-5.239537014283106586e-01 0.000000000000000000e+00 -6.683524423847514440e-01
-5.241220689575045721e-01 0.000000000000000000e+00 -6.723377418049856225e-01
-5.244874760003325198e-01 0.000000000000000000e+00 -6.762984277595068816e-01
-5.250514069161453801e-01 0.000000000000000000e+00 -6.802256640104711316e-01
-5.258145214018080660e-01 0.000000000000000000e+00 -6.841106392750481158e-01
-5.267766505912684361e-01 0.000000000000000000e+00 -6.879446417090697707e-01
-5.279368015730621089e-01 0.000000000000000000e+00 -6.917191311571915247e-01
-5.292931701481918827e-01 0.000000000000000000e+00 -6.954258082657291951e-01
-5.308431615454702879e-01 0.000000000000000000e+00 -6.990566796121169268e-01
-5.325834187112952200e-01 0.000000000000000000e+00 -7.026041180740436598e-01
-5.345098576973412730e-01 0.000000000000000000e+00 -7.060609177405873238e-01
-5.366177095840303224e-01 0.000000000000000000e+00 -7.094203427558085640e-01
-5.389015683010746072e-01 0.000000000000000000e+00 -7.126761695808845332e-01
-5.413554436398252401e-01 0.000000000000000000e+00 -7.158227222624471420e-01
-5.439728186964798429e-01 0.000000000000000000e+00 -7.188549004007661614e-01
-5.467467109410539816e-01 0.000000000000000000e+00 -7.217681996201620320e-01
-5.496697360749090988e-01 0.000000000000000000e+00 -7.245587244538752580e-01
-5.527341738198562338e-01 0.000000000000000000e+00 -7.272231936649408146e-01
-5.559320347745450031e-01 0.000000000000000000e+00 -7.297589381317414192e-01
-5.592551274789336890e-01 0.000000000000000000e+00 -7.321638915303279038e-01
-5.626951248448709419e-01 0.000000000000000000e+00 -7.344365741437351991e-01
-5.662436291397681121e-01 0.000000000000000000e+00 -7.365760702200350174e-01
-5.698922347503988517e-01 0.000000000000000000e+00 -7.385819993844393583e-01
-5.736325880042862924e-01 0.000000000000000000e+00 -7.404544826852503814e-01
-5.774564433859836754e-01 0.000000000000000000e+00 -7.421941039178677757e-01
-5.813557155538118248e-01 0.000000000000000000e+00 -7.438018669245588521e-01
-5.853225266381144598e-01 0.000000000000000000e+00 -7.452791496096345947e-01
-5.893492483835713891e-01 0.000000000000000000e+00 -7.466276554395955278e-01
-5.934285387842552772e-01 0.000000000000000000e+00 -7.478493632154287196e-01
-5.975533729495327018e-01 0.000000000000000000e+00 -7.489464759094877078e-01
-6.017170680301885399e-01 0.000000000000000000e+00 -7.499213693523906210e-01
-6.059133021258628071e-01 0.000000000000000000e+00 -7.507765415364258121e-01
-6.101361271856116097e-01 0.000000000000000000e+00 -7.515145632715618529e-01
-6.143799760017815137e-01 0.000000000000000000e+00 -7.521380308889829003e-01
-6.186396634820559015e-01 0.000000000000000000e+00 -7.526495216359464502e-01
-6.229103824642880927e-01 0.000000000000000000e+00 -7.530515523456489113e-01
-6.271876944123938591e-01 0.000000000000000000e+00 -7.533465418978171346e-01
-6.314675153980997546e-01 0.000000000000000000e+00 -7.535367779111189490e-01
-6.357460978318364431e-01 0.000000000000000000e+00 -7.536243880285191654e-01
-6.400200084557202684e-01 0.000000000000000000e+00 -7.536113160727864191e-01
-6.442861031517965742e-01 0.000000000000000000e+00 -7.534993032628870546e-01
-6.485414991490270342e-01 0.000000000000000000e+00 -7.532898745944558438e-01
-6.527835452326192778e-01 0.000000000000000000e+00 -7.529843304003346338e-01
-6.570097905690677198e-01 0.000000000000000000e+00 -7.525837430217532376e-01
-6.612179527597689122e-01 0.000000000000000000e+00 -7.520889584384751192e-01
-6.654058857254616655e-01 0.000000000000000000e+00 -7.515006026284227758e-01
-6.695715480034296618e-01 0.000000000000000000e+00 -7.508190923551840701e-01
-6.737129720098748997e-01 0.000000000000000000e+00 -7.500446500164704711e-01
-6.778282347818361808e-01 0.000000000000000000e+00 -7.491773221290229934e-01
-6.819154306672280397e-01 0.000000000000000000e+00 -7.482170009765127805e-01
-6.859726463789909134e-01 0.000000000000000000e+00 -7.471634489073176733e-01
-6.899979387709350709e-01 0.000000000000000000e+00 -7.460163247392025410e-01
-6.939893156297681776e-01 0.000000000000000000e+00 -7.447752117082673262e-01
-6.979447197111574575e-01 0.000000000000000000e+00 -7.434396463901744578e-01
-7.018620161787249012e-01 0.000000000000000000e+00 -7.420091480226918002e-01
-7.057389835348226725e-01 0.000000000000000000e+00 -7.404832476697511545e-01
-7.095733080620383326e-01 0.000000000000000000e+00 -7.388615166882098739e-01
-7.133625817258517632e-01 0.000000000000000000e+00 -7.371435939888042466e-01
-7.171043034228867796e-01 0.000000000000000000e+00 -7.353292116216960661e-01
-7.207958833969096979e-01 0.000000000000000000e+00 -7.334182182637676295e-01
-7.244346505871662734e-01 0.000000000000000000e+00 -7.314106002384551664e-01
-7.280178626217744808e-01 0.000000000000000000e+00 -7.293064997583647013e-01
-7.315427181235748533e-01 0.000000000000000000e+00 -7.271062301450831322e-01
-7.350063709577806526e-01 0.000000000000000000e+00 -7.248102878482172162e-01
-7.384059460205983916e-01 0.000000000000000000e+00 -7.224193611555350669e-01
-7.417385561461243837e-01 0.000000000000000000e+00 -7.199343355568253999e-01
-7.450013196956060124e-01 0.000000000000000000e+00 -7.173562957944460416e-01
-7.481913783886999791e-01 0.000000000000000000e+00 -7.146865247021765288e-01
-7.513059149406902115e-01 0.000000000000000000e+00 -7.119264989997234894e-01
-7.543421700825722054e-01 0.000000000000000000e+00 -7.090778822717886953e-01
-7.572974585621442545e-01 0.000000000000000000e+00 -7.061425154169308493e-01
-7.601691837533457452e-01 0.000000000000000000e+00 -7.031224049014938027e-01
-7.629548505374154077e-01 0.000000000000000000e+00 -7.000197091967202967e-01
-7.656520761623104576e-01 0.000000000000000000e+00 -6.968367238120620755e-01
-7.682585988354024842e-01 0.000000000000000000e+00 -6.935758653639956250e-01
-7.707722838577758528e-01 0.000000000000000000e+00 -6.902396551368733535e-01
-7.731911271655422802e-01 0.000000000000000000e+00 -6.868307026001752025e-01
-7.755132562032974741e-01 0.000000000000000000e+00 -6.833516893448227103e-01
-7.777369281161269354e-01 0.000000000000000000e+00 -6.798053538899978543e-01
-7.798605253081940525e-01 0.000000000000000000e+00 -6.761944777913690974e-01
-7.818825484768048284e-01 0.000000000000000000e+00 -6.725218734521196673e-01
-7.838016072897546760e-01 0.000000000000000000e+00 -6.687903740002292263e-01
-7.856164089296311381e-01 0.000000000000000000e+00 -6.650028255497362206e-01
-7.873257447804762332e-01 0.000000000000000000e+00 -6.611620821110421042e-01
-7.889284755788534831e-01 0.000000000000000000e+00 -6.572710033566305787e-01
-7.904235153919600965e-01 0.000000000000000000e+00 -6.533324553849340077e-01
-7.918098148192124208e-01 0.000000000000000000e+00 -6.493493145576281211e-01
-7.930863438400057586e-01 0.000000000000000000e+00 -6.453244744155963719e-01
-7.942520747485589672e-01 0.000000000000000000e+00 -6.412608556074715915e-01
-7.953059656264855892e-01 0.000000000000000000e+00 -6.371614186933106661e-01
-7.962469448047198028e-01 0.000000000000000000e+00 -6.330291796159558393e-01
-7.970738967585526691e-01 0.000000000000000000e+00 -6.288672275652514854e-01
-7.977856498628425053e-01 0.000000000000000000e+00 -6.246787448968136314e-01
-7.983809664091530145e-01 0.000000000000000000e+00 -6.204670287087118430e-01
-7.988585352529952166e-01 0.000000000000000000e+00 -6.162355136273433009e-01
-7.992169674179960825e-01 0.000000000000000000e+00 -6.119877953090185896e-01
-7.994547949353432159e-01 0.000000000000000000e+00 -6.077276541272494947e-01
-7.995704731420099076e-01 0.000000000000000000e+00 -6.034590784882420955e-01
-7.995623866009602398e-01 0.000000000000000000e+00 -5.991862871992827966e-01
-7.994288587417409664e-01 0.000000000000000000e+00 -5.949137503070679456e-01
-7.991681652516854362e-01 0.000000000000000000e+00 -5.906462078258775117e-01
-7.987785511775195024e-01 0.000000000000000000e+00 -5.863886857889791804e-01
-7.982582516256895300e-01 0.000000000000000000e+00 -5.821465090807420584e-01
-7.976055158784484123e-01 0.000000000000000000e+00 -5.779253105414117186e-01
-7.968186346728980407e-01 0.000000000000000000e+00 -5.737310358809725175e-01
-7.958959703230147342e-01 0.000000000000000000e+00 -5.695699439924238883e-01
-7.948359893014098621e-01 0.000000000000000000e+00 -5.654486023173905807e-01
-7.936372968393360372e-01 0.000000000000000000e+00 -5.613738769873942713e-01
-7.922986730513281728e-01 0.000000000000000000e+00 -5.573529175412921255e-01
-7.908191100458903389e-01 0.000000000000000000e+00 -5.533931361021929840e-01
-7.891978494466609373e-01 0.000000000000000000e+00 -5.495021809843209093e-01
-7.874344197203035911e-01 0.000000000000000000e+00 -5.456879047904480418e-01
-7.855286726886092641e-01 0.000000000000000000e+00 -5.419583271522575574e-01
-7.834808185934355462e-01 0.000000000000000000e+00 -5.383215923578282824e-01
-7.812914590844961538e-01 0.000000000000000000e+00 -5.347859222008878310e-01
-7.789616175117872743e-01 0.000000000000000000e+00 -5.313595644740500834e-01
-7.764927659266436244e-01 0.000000000000000000e+00 -5.280507376114785822e-01
-7.738868482278238314e-01 0.000000000000000000e+00 -5.248675720638826814e-01
-7.711462989313425664e-01 0.000000000000000000e+00 -5.218180490591111109e-01
-7.682740570944689429e-01 0.000000000000000000e+00 -5.189099374636074735e-01
-7.652735749847313640e-01 0.000000000000000000e+00 -5.161507295125005168e-01
-7.621488211531065593e-01 0.000000000000000000e+00 -5.135475762181216375e-01
-7.589042776458748696e-01 0.000000000000000000e+00 -5.111072232974129825e-01
-7.555449311708041238e-01 0.000000000000000000e+00 -5.088359484773529173e-01
-7.520762581192261820e-01 0.000000000000000000e+00 -5.067395010436459568e-01
-7.485042034348947659e-01 0.000000000000000000e+00 -5.048230444912255033e-01
-7.448351534119447281e-01 0.000000000000000000e+00 -5.030911031154511326e-01
-7.410759025963803426e-01 0.000000000000000000e+00 -5.015475133503461969e-01
-7.372336150569295254e-01 0.000000000000000000e+00 -5.001953806150934989e-01
-7.333157803803405095e-01 0.000000000000000000e+00 -4.990370423727679139e-01
-7.293301648318772923e-01 0.000000000000000000e+00 -4.980740380365981101e-01
-7.252847582025040429e-01 0.000000000000000000e+00 -4.973070862797862035e-01
-7.211877169387362896e-01 0.000000000000000000e+00 -4.967360702160826258e-01
-7.170473042181197965e-01 0.000000000000000000e+00 -4.963600308211089107e-01
-7.128718276916663488e-01 0.000000000000000000e+00 -4.961771688601701036e-01
-7.086695756632961363e-01 0.000000000000000000e+00 -4.961848554784351606e-01
-7.044487525145504137e-01 0.000000000000000000e+00 -4.963796514954524342e-01
-7.002174142098007703e-01 0.000000000000000000e+00 -4.967573353296145244e-01
-6.959834047323353312e-01 0.000000000000000000e+00 -4.973129393610891125e-01
-6.917542943046777193e-01 0.000000000000000000e+00 -4.980407944255773045e-01
-6.875373202370383963e-01 0.000000000000000000e+00 -4.989345820177760182e-01
-6.833393312259449237e-01 0.000000000000000000e+00 -4.999873936742734726e-01
-6.791667358909683205e-01 0.000000000000000000e+00 -5.011917969024540787e-01
-6.750254562914301815e-01 0.000000000000000000e+00 -5.025399069263680740e-01
-6.709208871075703629e-01 0.000000000000000000e+00 -5.040234634339251230e-01
-6.668578611026029224e-01 0.000000000000000000e+00 -5.056339114335133278e-01
-6.628406214042259492e-01 0.000000000000000000e+00 -5.073624852634542881e-01
-6.588728010575835015e-01 0.000000000000000000e+00 -5.092002947455968043e-01
-6.549574102074892101e-01 0.000000000000000000e+00 -5.111384124357076786e-01
-6.510968311672904463e-01 0.000000000000000000e+00 -5.131679608987930186e-01
-6.472928215264253105e-01 0.000000000000000000e+00 -5.152801989275611616e-01
-6.435465253400066699e-01 0.000000000000000000e+00 -5.174666056271572945e-01
-6.398584923332055752e-01 0.000000000000000000e+00 -5.197189613091190985e-01
-6.362287049423905883e-01 0.000000000000000000e+00 -5.220294241720300210e-01
-6.326566129054898013e-01 0.000000000000000000e+00 -5.243906017952020271e-01
-6.291411750075107667e-01 0.000000000000000000e+00 -5.267956165342890795e-01
-6.256809074851011898e-01 0.000000000000000000e+00 -5.292381639832174356e-01
-6.222739384979987243e-01 0.000000000000000000e+00 -5.317125637542082783e-01
-6.189180679866089774e-01 0.000000000000000000e+00 -5.342138019258071413e-01
-6.156108321551057028e-01 0.000000000000000000e+00 -5.367375646163476954e-01
-6.123495717495669455e-01 0.000000000000000000e+00 -5.392802622557385517e-01
-6.091315032418171960e-01 0.000000000000000000e+00 -5.418390442502047932e-01
-6.059537919827525654e-01 0.000000000000000000e+00 -5.444118038610064048e-01
-6.028136263547168028e-01 0.000000000000000000e+00 -5.469971732473777326e-01
-5.997082919315539495e-01 0.000000000000000000e+00 -5.495945087541972418e-01
-5.966352446476251847e-01 0.000000000000000000e+00 -5.522038666543452878e-01
-5.935921819835615620e-01 0.000000000000000000e+00 -5.548259696825424969e-01
-5.905771111967574871e-01 0.000000000000000000e+00 -5.574621648198549995e-01
-5.875884136584155204e-01 0.000000000000000000e+00 -5.601143729042924457e-01
-5.846249044058609012e-01 0.000000000000000000e+00 -5.627850307513623251e-01
-5.816858860782809781e-01 0.000000000000000000e+00 -5.654770265675385099e-01
-5.787711964751880434e-01 0.000000000000000000e+00 -5.681936295279483851e-01
-5.758812490587887911e-01 0.000000000000000000e+00 -5.709384144659490623e-01
-5.730170658129546402e-01 0.000000000000000000e+00 -5.737151826855551029e-01
-5.701803019713439502e-01 0.000000000000000000e+00 -5.765278799570257018e-01
-5.673732622340414977e-01 0.000000000000000000e+00 -5.793805127906305197e-01
-5.645989082043689766e-01 0.000000000000000000e+00 -5.822770641032102290e-01
-5.618608568936914738e-01 0.000000000000000000e+00 -5.852214093963956643e-01
-5.591633702604830169e-01 0.000000000000000000e+00 -5.882172345541881731e-01
-5.565113358689481871e-01 0.000000000000000000e+00 -5.912679563412563954e-01
-5.539102388704492119e-01 0.000000000000000000e+00 -5.943766466421536165e-01
-5.513661256262033517e-01 0.000000000000000000e+00 -5.975459614263451957e-01
-5.488855594005790373e-01 0.000000000000000000e+00 -6.007780753552789399e-01
-5.464755686592649431e-01 0.000000000000000000e+00 -6.040746228667498441e-01
-5.441435886041597891e-01 0.000000000000000000e+00 -6.074366464796966403e-01
-5.418973966656568386e-01 0.000000000000000000e+00 -6.108645529606755442e-01
-5.397450427518539762e-01 0.000000000000000000e+00 -6.143580778830718403e-01
-5.357549628074471659e-01 0.000000000000000000e+00 -6.215374186758453323e-01
