8.390137370881732295e+02 -4.367218000618406109e+02 0.000000000000000000e+00
8.403489873817724174e+02 -4.451091917854697613e+02 0.000000000000000000e+00
8.415245342548090548e+02 -4.535679658309084061e+02 0.000000000000000000e+00
8.425515268262695372e+02 -4.621231392384866012e+02 0.000000000000000000e+00
8.434392135935074748e+02 -4.707957201443859390e+02 0.000000000000000000e+00
8.441943094169320148e+02 -4.796011483450508877e+02 0.000000000000000000e+00
8.448205446428953564e+02 -4.885481423189796146e+02 0.000000000000000000e+00
8.453184331457476901e+02 -4.976380436337109359e+02 0.000000000000000000e+00
8.456852752008718426e+02 -5.068647084949627697e+02 0.000000000000000000e+00
8.459153891742885207e+02 -5.162149501372989562e+02 0.000000000000000000e+00
8.460005451353021044e+02 -5.256694890064613901e+02 0.000000000000000000e+00
8.459305556360807259e+02 -5.352043245319281368e+02 0.000000000000000000e+00
8.456939657055647785e+02 -5.447924067114130366e+02 0.000000000000000000e+00
8.452787767518153714e+02 -5.544054610135831354e+02 0.000000000000000000e+00
8.446731381558462317e+02 -5.640158085344811525e+02 0.000000000000000000e+00
8.438659458425707953e+02 -5.735980259785766293e+02 0.000000000000000000e+00
8.428472983854778704e+02 -5.831303066149976075e+02 0.000000000000000000e+00
8.416087770488865090e+02 -5.925954123214594347e+02 0.000000000000000000e+00
8.401435349772718837e+02 -6.019811454585579895e+02 0.000000000000000000e+00
8.384462006222341870e+02 -6.112803140061159866e+02 0.000000000000000000e+00
8.365126194905463990e+02 -6.204902099784890197e+02 0.000000000000000000e+00
8.343394745471788383e+02 -6.296116652953598987e+02 0.000000000000000000e+00
8.319238375482307219e+02 -6.386477869458391297e+02 0.000000000000000000e+00
8.292627100790388113e+02 -6.476025010067895664e+02 0.000000000000000000e+00
8.263526135418983358e+02 -6.564790503764801315e+02 0.000000000000000000e+00
8.231892817783940473e+02 -6.652785926625687125e+02 0.000000000000000000e+00
8.197674990135757298e+02 -6.739990325215669600e+02 0.000000000000000000e+00
8.160811104892069352e+02 -6.826341981817089390e+02 0.000000000000000000e+00
8.121232150410011172e+02 -6.911734373512865659e+02 0.000000000000000000e+00
8.078865297630040914e+02 -6.996016665996230586e+02 0.000000000000000000e+00
8.033638986717681973e+02 -7.078998645700174848e+02 0.000000000000000000e+00
7.985489017200522994e+02 -7.160459572248716995e+02 0.000000000000000000e+00
7.934365091346246572e+02 -7.240160067232947085e+02 0.000000000000000000e+00
7.880237199744677810e+02 -7.317855879102100971e+02 0.000000000000000000e+00
7.823101236178324598e+02 -7.393312202792097878e+02 0.000000000000000000e+00
7.762983286131593559e+02 -7.466317200566188603e+02 0.000000000000000000e+00
7.699942144251400578e+02 -7.536693468861531073e+02 0.000000000000000000e+00
7.634069770152993897e+02 -7.604306413608360344e+02 0.000000000000000000e+00
7.565489574498107004e+02 -7.669068811019963050e+02 0.000000000000000000e+00
7.494352620932421587e+02 -7.730941210633911851e+02 0.000000000000000000e+00
7.420832015943262832e+02 -7.789928244827108301e+02 0.000000000000000000e+00
7.345115920442460720e+02 -7.846071304243185978e+02 0.000000000000000000e+00
7.267399738786907619e+02 -7.899438383261100398e+02 0.000000000000000000e+00
7.187878111773794672e+02 -7.950112160785847664e+02 0.000000000000000000e+00
7.106737353546222948e+02 -7.998177534691234314e+02 0.000000000000000000e+00
7.024148927444465471e+02 -8.043709859392298540e+02 0.000000000000000000e+00
6.940264457275309269e+02 -8.086765043495674945e+02 0.000000000000000000e+00
6.855212627905488034e+02 -8.127372458595891658e+02 0.000000000000000000e+00
6.769098156236203749e+02 -8.165531312382645410e+02 0.000000000000000000e+00
6.682002826925539694e+02 -8.201210779466077838e+02 0.000000000000000000e+00
6.593988404270289720e+02 -8.234353797711783045e+02 0.000000000000000000e+00
6.505101069468416881e+02 -8.264884064673806279e+02 0.000000000000000000e+00
6.415376905930967268e+02 -8.292715444706861945e+02 0.000000000000000000e+00
6.324847875725323547e+02 -8.317762754240494587e+02 0.000000000000000000e+00
6.233547704355113410e+02 -8.339952754077487498e+02 0.000000000000000000e+00
6.141517120491170090e+02 -8.359234156608025614e+02 0.000000000000000000e+00
6.048807978278802011e+02 -8.375585554057466879e+02 0.000000000000000000e+00
5.955485913931289588e+02 -8.389020381149521199e+02 0.000000000000000000e+00
5.861631342976538690e+02 -8.399588321063628200e+02 0.000000000000000000e+00
5.767338774518113951e+02 -8.407372917942464028e+02 0.000000000000000000e+00
5.672714587721085309e+02 -8.412485537480758921e+02 0.000000000000000000e+00
5.577873567292461985e+02 -8.415056182142607213e+02 0.000000000000000000e+00
5.482934614722001925e+02 -8.415221983623383721e+02 0.000000000000000000e+00
5.388016129415120758e+02 -8.413114431557202124e+02 0.000000000000000000e+00
5.293231581734041811e+02 -8.408846531359888559e+02 0.000000000000000000e+00
5.198685776326832411e+02 -8.402501102788102116e+02 0.000000000000000000e+00
5.104472231863671254e+02 -8.394121332873276060e+02 0.000000000000000000e+00
5.010671989903925123e+02 -8.383704492297985098e+02 0.000000000000000000e+00
4.917354022385621306e+02 -8.371199433280546600e+02 0.000000000000000000e+00
4.824577248139491417e+02 -8.356508138147387399e+02 0.000000000000000000e+00
4.732394009171289895e+02 -8.339491214955987743e+02 0.000000000000000000e+00
4.640854712353886953e+02 -8.319976875809441026e+02 0.000000000000000000e+00
4.550013225154414158e+02 -8.297772619441733468e+02 0.000000000000000000e+00
4.459932535769041237e+02 -8.272678601987191769e+02 0.000000000000000000e+00
4.370690155413940943e+02 -8.244501540619920661e+02 0.000000000000000000e+00
4.282382755996734431e+02 -8.213067966213856153e+02 0.000000000000000000e+00
4.195129597897721396e+02 -8.178235724685214336e+02 0.000000000000000000e+00
4.109074403797119430e+02 -8.139902812655873277e+02 0.000000000000000000e+00
4.024385465498984900e+02 -8.098012902046217505e+02 0.000000000000000000e+00
3.941253919074308101e+02 -8.052557232814513100e+02 0.000000000000000000e+00
3.859890275605359307e+02 -8.003572900840265447e+02 0.000000000000000000e+00
3.780519436603129861e+02 -7.951137904576147548e+02 0.000000000000000000e+00
3.703374542342672271e+02 -7.895363606792884639e+02 0.000000000000000000e+00
3.628690087919485450e+02 -7.836385488520375020e+02 0.000000000000000000e+00
3.556694789099876743e+02 -7.774353200660556240e+02 0.000000000000000000e+00
3.487604685196620267e+02 -7.709420943695205324e+02 0.000000000000000000e+00
3.421616930419608593e+02 -7.641739126886465101e+02 0.000000000000000000e+00
3.358904653344800977e+02 -7.571448085239842385e+02 0.000000000000000000e+00
3.299613164367526110e+02 -7.498674384467815344e+02 0.000000000000000000e+00
3.243857673558661077e+02 -7.423529947768131478e+02 0.000000000000000000e+00
3.191722557689691939e+02 -7.346113924503758881e+02 0.000000000000000000e+00
3.143262096805833039e+02 -7.266516922331784372e+02 0.000000000000000000e+00
3.098502497963772839e+02 -7.184826971573110086e+02 0.000000000000000000e+00
3.057444944892449712e+02 -7.101136409258755293e+02 0.000000000000000000e+00
3.020069362862634534e+02 -7.015548778401025629e+02 0.000000000000000000e+00
2.986338570236267174e+02 -6.928184844349100331e+02 0.000000000000000000e+00
2.956202501004887608e+02 -6.839186933153251857e+02 0.000000000000000000e+00
2.929602222109833747e+02 -6.748720985255375808e+02 0.000000000000000000e+00
2.906473529025423659e+02 -6.656975971348149415e+02 0.000000000000000000e+00
2.886749974913713572e+02 -6.564160609028571116e+02 0.000000000000000000e+00
2.870365263877600341e+02 -6.470497618133232436e+02 0.000000000000000000e+00
2.857255008998897097e+02 -6.376216027859117048e+02 0.000000000000000000e+00
2.847357913711062452e+02 -6.281542270913204220e+02 0.000000000000000000e+00
2.840616475339109570e+02 -6.186690945439155485e+02 0.000000000000000000e+00
2.836977329516926147e+02 -6.091856178681672418e+02 0.000000000000000000e+00
2.836391353508789166e+02 -5.997204481133414902e+02 0.000000000000000000e+00
2.838813627633032866e+02 -5.902869840308364928e+02 0.000000000000000000e+00
2.844203321608729880e+02 -5.808951583139988770e+02 0.000000000000000000e+00
2.852523532868073062e+02 -5.715515257571616985e+02 0.000000000000000000e+00
2.863741063592379987e+02 -5.622596475624122832e+02 0.000000000000000000e+00
2.877826089203516631e+02 -5.530207353821427887e+02 0.000000000000000000e+00
2.894751649057802183e+02 -5.438344914120315252e+02 0.000000000000000000e+00
2.914492884214642459e+02 -5.347000598030888341e+02 0.000000000000000000e+00
2.937025959215835655e+02 -5.256169920892858727e+02 0.000000000000000000e+00
2.962326634142908119e+02 -5.165861266274038144e+02 0.000000000000000000e+00
2.990368496685931063e+02 -5.076102896184380029e+02 0.000000000000000000e+00
3.021120916298764882e+02 -4.986947424778969662e+02 0.000000000000000000e+00
3.054546836941402148e+02 -4.898473255068778371e+02 0.000000000000000000e+00
3.090600573891820204e+02 -4.810782785137238307e+02 0.000000000000000000e+00
3.129225816285504038e+02 -4.723997521825303920e+02 0.000000000000000000e+00
3.170354054127804488e+02 -4.638250562280875329e+02 0.000000000000000000e+00
3.213903642139018189e+02 -4.553677184149810842e+02 0.000000000000000000e+00
3.259779681078684348e+02 -4.470404494338756081e+02 0.000000000000000000e+00
3.307874841189722019e+02 -4.388541201865926951e+02 0.000000000000000000e+00
3.358071176079263296e+02 -4.308168589169705456e+02 0.000000000000000000e+00
3.410242885340665566e+02 -4.229333655813289283e+02 0.000000000000000000e+00
3.464259889209317294e+02 -4.152045207256215349e+02 0.000000000000000000e+00
3.519991988428595846e+02 -4.076273378001366154e+02 0.000000000000000000e+00
3.577313307356640166e+02 -4.001952740256512016e+02 0.000000000000000000e+00
3.636106667327830451e+02 -3.928988789483244091e+02 0.000000000000000000e+00
3.696267517588112810e+02 -3.857267252735390457e+02 0.000000000000000000e+00
3.757707067090397004e+02 -3.786665369536887056e+02 0.000000000000000000e+00
3.820354312925618956e+02 -3.717064078866025625e+02 0.000000000000000000e+00
3.884156747271994732e+02 -3.648359932761277946e+02 0.000000000000000000e+00
3.949079637894950565e+02 -3.580475560409383888e+02 0.000000000000000000e+00
4.015103907664965845e+02 -3.513367628227891259e+02 0.000000000000000000e+00
4.082222774175698987e+02 -3.447031471607312483e+02 0.000000000000000000e+00
4.150437438010664550e+02 -3.381501891910710356e+02 0.000000000000000000e+00
4.219752214265350858e+02 -3.316849988279811896e+02 0.000000000000000000e+00
4.290169574746252579e+02 -3.253176291759140213e+02 0.000000000000000000e+00
4.361685598689217613e+02 -3.190600850407172970e+02 0.000000000000000000e+00
4.434286312455406005e+02 -3.129251240548657620e+02 0.000000000000000000e+00
4.507945332523887032e+02 -3.069249717925914638e+02 0.000000000000000000e+00
4.582623115024119897e+02 -3.010700847980174331e+02 0.000000000000000000e+00
4.658267967476286913e+02 -2.953680952114593197e+02 0.000000000000000000e+00
4.734818806772645416e+02 -2.898230573938830048e+02 0.000000000000000000e+00
4.812209467149953639e+02 -2.844350916075760551e+02 0.000000000000000000e+00
4.890374189987703630e+02 -2.792004845769604344e+02 0.000000000000000000e+00
4.969253780765544093e+02 -2.741122647734690077e+02 0.000000000000000000e+00
5.048801812861022427e+02 -2.691612253817113469e+02 0.000000000000000000e+00
5.128990205342513491e+02 -2.643373242848165319e+02 0.000000000000000000e+00
5.209813510328119719e+02 -2.596313521700009801e+02 0.000000000000000000e+00
5.291291317270893160e+02 -2.550367306660784550e+02 0.000000000000000000e+00
5.373468313295957159e+02 -2.505512851459665740e+02 0.000000000000000000e+00
5.456411721321335335e+02 -2.461788332427066734e+02 0.000000000000000000e+00
5.540206056905466312e+02 -2.419304407638882992e+02 0.000000000000000000e+00
5.624945382380287811e+02 -2.378252207579839990e+02 0.000000000000000000e+00
5.710723472227729189e+02 -2.338905869485855362e+02 0.000000000000000000e+00
5.797622515613127234e+02 -2.301619165054336520e+02 0.000000000000000000e+00
5.885701150596480602e+02 -2.266816252818388193e+02 0.000000000000000000e+00
5.974982733077631565e+02 -2.234977069156274183e+02 0.000000000000000000e+00
6.065444780068304453e+02 -2.206618312467653027e+02 0.000000000000000000e+00
6.157010485513238791e+02 -2.182271334167773773e+02 0.000000000000000000e+00
6.249543088410997598e+02 -2.162458496034170423e+02 0.000000000000000000e+00
6.342843685037621526e+02 -2.147669664777127139e+02 0.000000000000000000e+00
6.436652833581299546e+02 -2.138340482634029911e+02 0.000000000000000000e+00
6.530656019588188883e+02 -2.134833881677437546e+02 0.000000000000000000e+00
6.624492757046749603e+02 -2.137426016500848789e+02 0.000000000000000000e+00
6.717768817118912921e+02 -2.146297403201760972e+02 0.000000000000000000e+00
6.810070828415889537e+02 -2.161529608660846975e+02 0.000000000000000000e+00
6.900982300686438293e+02 -2.183107374397851004e+02 0.000000000000000000e+00
6.990100004700441332e+02 -2.210925626032117179e+02 0.000000000000000000e+00
7.077049605785886115e+02 -2.244800451721748118e+02 0.000000000000000000e+00
7.161499500657046156e+02 -2.284482863211680979e+02 0.000000000000000000e+00
7.243171943130612362e+02 -2.329674003764460224e+02 0.000000000000000000e+00
7.321850753132273439e+02 -2.380040448872119612e+02 0.000000000000000000e+00
7.397385167820050356e+02 -2.435228356075811291e+02 0.000000000000000000e+00
7.469689691642718117e+02 -2.494875444855578337e+02 0.000000000000000000e+00
7.538740108756830978e+02 -2.558620100934374477e+02 0.000000000000000000e+00
7.604566110765543954e+02 -2.626107267742573868e+02 0.000000000000000000e+00
7.667241241067307556e+02 -2.696991172610500485e+02 0.000000000000000000e+00
7.726871043714294274e+02 -2.770935296867065745e+02 0.000000000000000000e+00
7.783580414526612685e+02 -2.847610300687915128e+02 0.000000000000000000e+00
7.837501176992933551e+02 -2.926690825039012225e+02 0.000000000000000000e+00
7.888760844372017118e+02 -3.007852193663340472e+02 0.000000000000000000e+00
7.937473389045214844e+02 -3.090768018517181304e+02 0.000000000000000000e+00
7.983732634060557984e+02 -3.175109575505460953e+02 0.000000000000000000e+00
8.027608629058099723e+02 -3.260547578936925106e+02 0.000000000000000000e+00
8.069147096327588997e+02 -3.346756668436418067e+02 0.000000000000000000e+00
8.108371757342780484e+02 -3.433422564622279651e+02 0.000000000000000000e+00
8.145289099996593905e+02 -3.520251487717833925e+02 0.000000000000000000e+00
8.179894943545899650e+02 -3.606981105161561914e+02 0.000000000000000000e+00
8.212182019032059088e+02 -3.693392015769827594e+02 0.000000000000000000e+00
8.242147718706761452e+02 -3.779318617871989545e+02 0.000000000000000000e+00
8.269801182841025593e+02 -3.864658166159404118e+02 0.000000000000000000e+00
8.295168983075714095e+02 -3.949376904161710513e+02 0.000000000000000000e+00
8.318298818188870882e+02 -4.033512361162975139e+02 0.000000000000000000e+00
8.339260844979361309e+02 -4.117171206755170374e+02 0.000000000000000000e+00
8.358146503771868083e+02 -4.200522435332672444e+02 0.000000000000000000e+00
8.390137370881732295e+02 -4.367218000618406109e+02 0.000000000000000000e+00
