0.000000000000000000e+00 -2.910775898105608106e-01 -1.851382877741049870e-01
0.000000000000000000e+00 -2.909722266727768902e-01 -1.901440075215158065e-01
0.000000000000000000e+00 -2.911578867836757678e-01 -1.951661136866370827e-01
0.000000000000000000e+00 -2.916328087496958266e-01 -2.001946326016136313e-01
0.000000000000000000e+00 -2.923936537122499013e-01 -2.052192214594631414e-01
0.000000000000000000e+00 -2.934355797155914214e-01 -2.102292813448695674e-01
0.000000000000000000e+00 -2.947523390193381165e-01 -2.152140778608171434e-01
0.000000000000000000e+00 -2.963363958006223209e-01 -2.201628663788361695e-01
0.000000000000000000e+00 -2.981790612772453608e-01 -2.250650188048122502e-01
0.000000000000000000e+00 -3.002706429542781885e-01 -2.299101487119066534e-01
0.000000000000000000e+00 -3.026006044594834465e-01 -2.346882317478672098e-01
0.000000000000000000e+00 -3.051577322921367186e-01 -2.393897183733993961e-01
0.000000000000000000e+00 -3.079303057668894006e-01 -2.440056362257858880e-01
0.000000000000000000e+00 -3.109062664879524984e-01 -2.485276797191906528e-01
0.000000000000000000e+00 -3.140733838350636686e-01 -2.529482848791199112e-01
0.000000000000000000e+00 -3.174194131748180325e-01 -2.572606878502302630e-01
0.000000000000000000e+00 -3.209322438200757910e-01 -2.614589659992622717e-01
0.000000000000000000e+00 -3.246000341353478813e-01 -2.655380610423655474e-01
0.000000000000000000e+00 -3.284113316147834749e-01 -2.694937841418325042e-01
0.000000000000000000e+00 -3.323551762278328936e-01 -2.733228034246150129e-01
0.000000000000000000e+00 -3.364211858213556061e-01 -2.770226148577778491e-01
0.000000000000000000e+00 -3.405996228710377882e-01 -2.805914978591245168e-01
0.000000000000000000e+00 -3.448814423748575164e-01 -2.840284574110524818e-01
0.000000000000000000e+00 -3.492583211629231577e-01 -2.873331547706612366e-01
0.000000000000000000e+00 -3.537226693483397910e-01 -2.905058291200485199e-01
0.000000000000000000e+00 -3.582676250511750982e-01 -2.935472126710150786e-01
0.000000000000000000e+00 -3.628870338822512420e-01 -2.964584418243239039e-01
0.000000000000000000e+00 -3.675754149674214100e-01 -2.992409669844283693e-01
0.000000000000000000e+00 -3.723279155204523017e-01 -3.018964635482992986e-01
0.000000000000000000e+00 -3.771402561301095413e-01 -3.044267464265474898e-01
0.000000000000000000e+00 -3.820086690133288609e-01 -3.068336902239465203e-01
0.000000000000000000e+00 -3.869298315024904400e-01 -3.091191569144753348e-01
0.000000000000000000e+00 -3.919007969839852779e-01 -3.112849325048078208e-01
0.000000000000000000e+00 -3.969189253926173611e-01 -3.133326738029184599e-01
0.000000000000000000e+00 -4.019818151987717969e-01 -3.152638660092740852e-01
0.000000000000000000e+00 -4.070872386110010455e-01 -3.170797914415470764e-01
0.000000000000000000e+00 -4.122330814651241626e-01 -3.187815093044385484e-01
0.000000000000000000e+00 -4.174172889922295182e-01 -3.203698460380197122e-01
0.000000000000000000e+00 -4.226378183626567919e-01 -3.218453954338718059e-01
0.000000000000000000e+00 -4.278925986016313687e-01 -3.232085274096329619e-01
0.000000000000000000e+00 -4.331794981749400586e-01 -3.244594040888322262e-01
0.000000000000000000e+00 -4.384963002593963433e-01 -3.255980016514077313e-01
0.000000000000000000e+00 -4.438406854514105326e-01 -3.266241363059058656e-01
0.000000000000000000e+00 -4.492102214351061940e-01 -3.275374926893372951e-01
0.000000000000000000e+00 -4.546023589350393634e-01 -3.283376530246734371e-01
0.000000000000000000e+00 -4.600144331220626381e-01 -3.290241254560961059e-01
0.000000000000000000e+00 -4.654436695269687507e-01 -3.295963701330532625e-01
0.000000000000000000e+00 -4.708871934463206288e-01 -3.300538218183908246e-01
0.000000000000000000e+00 -4.763420417978067034e-01 -3.303959080439477503e-01
0.000000000000000000e+00 -4.818051763964535383e-01 -3.306220621181250041e-01
0.000000000000000000e+00 -4.872734976746864177e-01 -3.307317305920892681e-01
0.000000000000000000e+00 -4.927438579538984120e-01 -3.307243751018825173e-01
0.000000000000000000e+00 -4.982130734873219113e-01 -3.305994688100661327e-01
0.000000000000000000e+00 -5.036779346273135838e-01 -3.303564879602592375e-01
0.000000000000000000e+00 -5.091352136179811971e-01 -3.299948993195138680e-01
0.000000000000000000e+00 -5.145816696695493242e-01 -3.295141445065782326e-01
0.000000000000000000e+00 -5.200140511272755006e-01 -3.289136223800746550e-01
0.000000000000000000e+00 -5.254290946987495436e-01 -3.281926707827115264e-01
0.000000000000000000e+00 -5.308235218433084990e-01 -3.273505490013070562e-01
0.000000000000000000e+00 -5.361940325511834748e-01 -3.263864223054091518e-01
0.000000000000000000e+00 -5.415372968439110535e-01 -3.252993498698372732e-01
0.000000000000000000e+00 -5.468499444086369898e-01 -3.240882772711177195e-01
0.000000000000000000e+00 -5.521285528355204253e-01 -3.227520345793946088e-01
0.000000000000000000e+00 -5.573696349589731813e-01 -3.212893408528708639e-01
0.000000000000000000e+00 -5.625696258105442604e-01 -3.196988155899113671e-01
0.000000000000000000e+00 -5.677248696755508028e-01 -3.179789974147823606e-01
0.000000000000000000e+00 -5.728316077096686776e-01 -3.161283699778557610e-01
0.000000000000000000e+00 -5.778859665190076988e-01 -3.141453947518270673e-01
0.000000000000000000e+00 -5.828839480417149499e-01 -3.120285501141241702e-01
0.000000000000000000e+00 -5.878214209952278280e-01 -3.097763758339349693e-01
0.000000000000000000e+00 -5.926941140755356274e-01 -3.073875218411562527e-01
0.000000000000000000e+00 -5.974976110176942745e-01 -3.048607999538524571e-01
0.000000000000000000e+00 -6.022273475546583432e-01 -3.021952370887936445e-01
0.000000000000000000e+00 -6.068786102480682176e-01 -2.993901283826691517e-01
0.000000000000000000e+00 -6.114465371131482252e-01 -2.964450886139425312e-01
0.000000000000000000e+00 -6.159261199227775707e-01 -2.933601003389630368e-01
0.000000000000000000e+00 -6.203122080546472628e-01 -2.901355572404971661e-01
0.000000000000000000e+00 -6.245995137408507647e-01 -2.867723013295049306e-01
0.000000000000000000e+00 -6.287826185909428656e-01 -2.832716528367111297e-01
0.000000000000000000e+00 -6.328559812861841438e-01 -2.796354318721932519e-01
0.000000000000000000e+00 -6.368139463822383162e-01 -2.758659712098438521e-01
0.000000000000000000e+00 -6.406507542071117056e-01 -2.719661198587261519e-01
0.000000000000000000e+00 -6.443605518971006196e-01 -2.679392374034633706e-01
0.000000000000000000e+00 -6.479374056719661157e-01 -2.637891794186550953e-01
0.000000000000000000e+00 -6.513753145072547213e-01 -2.595202745754719431e-01
0.000000000000000000e+00 -6.546682254123140643e-01 -2.551372943498586010e-01
0.000000000000000000e+00 -6.578100505629912442e-01 -2.506454164997488632e-01
0.000000000000000000e+00 -6.607946865644291901e-01 -2.460501836930807373e-01
0.000000000000000000e+00 -6.636160361285883269e-01 -2.413574588305063551e-01
0.000000000000000000e+00 -6.662680324405810817e-01 -2.365733787097188123e-01
0.000000000000000000e+00 -6.687446664559951737e-01 -2.317043077176813848e-01
0.000000000000000000e+00 -6.710400173174285721e-01 -2.267567932105124806e-01
0.000000000000000000e+00 -6.731482860028594750e-01 -2.217375241486380932e-01
0.000000000000000000e+00 -6.750638322226997223e-01 -2.166532943998402128e-01
0.000000000000000000e+00 -6.767812144689374643e-01 -2.115109719102178654e-01
0.000000000000000000e+00 -6.782952329921836387e-01 -2.063174746802999282e-01
0.000000000000000000e+00 -6.796009753450851232e-01 -2.010797541800756205e-01
0.000000000000000000e+00 -6.806938639885332654e-01 -1.958047865036804114e-01
0.000000000000000000e+00 -6.815697053160840735e-01 -1.904995712143202347e-01
0.000000000000000000e+00 -6.822247393179283748e-01 -1.851711374759777984e-01
0.000000000000000000e+00 -6.826556889847167353e-01 -1.798265567241268126e-01
0.000000000000000000e+00 -6.828598084494363896e-01 -1.744729608065274939e-01
0.000000000000000000e+00 -6.828349287878577867e-01 -1.691175642399839196e-01
0.000000000000000000e+00 -6.825795003496837321e-01 -1.637676889913716460e-01
0.000000000000000000e+00 -6.820926304774233007e-01 -1.584307900113721967e-01
0.000000000000000000e+00 -6.813741154910915032e-01 -1.531144796352911508e-01
0.000000000000000000e+00 -6.804244658758298314e-01 -1.478265489229002860e-01
0.000000000000000000e+00 -6.792449237067785806e-01 -1.425749840417020742e-01
0.000000000000000000e+00 -6.778374714799854095e-01 -1.373679759059424355e-01
0.000000000000000000e+00 -6.762048316873076059e-01 -1.322139214649097894e-01
0.000000000000000000e+00 -6.743504566732939631e-01 -1.271214152836552536e-01
0.000000000000000000e+00 -6.722785085377361858e-01 -1.220992303697642362e-01
0.000000000000000000e+00 -6.699938290926255036e-01 -1.171562875613803012e-01
0.000000000000000000e+00 -6.675019001393381890e-01 -1.123016131924561012e-01
0.000000000000000000e+00 -6.648087945929591625e-01 -1.075442851777058811e-01
0.000000000000000000e+00 -6.619211192372301822e-01 -1.028933680972657083e-01
0.000000000000000000e+00 -6.588459501369869908e-01 -9.835783829431776759e-02
0.000000000000000000e+00 -6.555907619565829458e-01 -9.394650041240407146e-02
0.000000000000000000e+00 -6.521633526245554924e-01 -8.966789717779129198e-02
0.000000000000000000e+00 -6.485717649393312190e-01 -8.553021456193420080e-02
0.000000000000000000e+00 -6.448242068217284739e-01 -8.154118472715843335e-02
0.000000000000000000e+00 -6.409289719823855203e-01 -7.770798935441197708e-02
0.000000000000000000e+00 -6.368943627824603659e-01 -7.403716606691344848e-02
0.000000000000000000e+00 -6.327286170221759765e-01 -7.053452069198209995e-02
0.000000000000000000e+00 -6.284398402939385120e-01 -6.720504804240906571e-02
0.000000000000000000e+00 -6.240359453866266559e-01 -6.405286374855162501e-02
0.000000000000000000e+00 -6.195246000288442412e-01 -6.108114943610869901e-02
0.000000000000000000e+00 -6.149131840167962881e-01 -5.829211322844347898e-02
0.000000000000000000e+00 -6.102087564940047448e-01 -5.568696716533612368e-02
0.000000000000000000e+00 -6.054180338436875308e-01 -5.326592268368322836e-02
0.000000000000000000e+00 -6.005473783298714840e-01 -5.102820481357742827e-02
0.000000000000000000e+00 -5.956027972905933998e-01 -4.897208522077581977e-02
0.000000000000000000e+00 -5.905899523568132192e-01 -4.709493369039261662e-02
0.000000000000000000e+00 -5.855141778550132514e-01 -4.539328711395915900e-02
0.000000000000000000e+00 -5.803805072607464144e-01 -4.386293453010630533e-02
0.000000000000000000e+00 -5.751937063149040741e-01 -4.249901629483192333e-02
0.000000000000000000e+00 -5.699583112035020438e-01 -4.129613503632786203e-02
0.000000000000000000e+00 -5.646786700432955275e-01 -4.024847569574478701e-02
0.000000000000000000e+00 -5.593589858159474515e-01 -3.934993168102249306e-02
0.000000000000000000e+00 -5.540033588572528256e-01 -3.859423397544087947e-02
0.000000000000000000e+00 -5.486158270375515178e-01 -3.797507995240035489e-02
0.000000000000000000e+00 -5.432004018651654942e-01 -3.748625865656479705e-02
0.000000000000000000e+00 -5.377610989045072953e-01 -3.712176941909026140e-02
0.000000000000000000e+00 -5.323019611201869061e-01 -3.687593087814657750e-02
0.000000000000000000e+00 -5.268270740316706169e-01 -3.674347776905827201e-02
0.000000000000000000e+00 -5.213405718814632106e-01 -3.671964322191123564e-02
0.000000000000000000e+00 -5.158466343734304793e-01 -3.680022474645764513e-02
0.000000000000000000e+00 -5.103494739152346638e-01 -3.698163258038669743e-02
0.000000000000000000e+00 -5.048533136874787663e-01 -3.726091961146117681e-02
0.000000000000000000e+00 -4.993623572488334883e-01 -3.763579263931649682e-02
0.000000000000000000e+00 -4.938807507577994138e-01 -3.810460530083364938e-02
0.000000000000000000e+00 -4.884125392346269079e-01 -3.866633352578315030e-02
0.000000000000000000e+00 -4.829616185887734003e-01 -3.932053489925643047e-02
0.000000000000000000e+00 -4.775316853867036526e-01 -4.006729376771886453e-02
0.000000000000000000e+00 -4.721261865218890907e-01 -4.090715432147336988e-02
0.000000000000000000e+00 -4.667482710654813904e-01 -4.184104420519925427e-02
0.000000000000000000e+00 -4.614007466163987381e-01 -4.287019143994524190e-02
0.000000000000000000e+00 -4.560860424299733040e-01 -4.399603757732649389e-02
0.000000000000000000e+00 -4.508061814838973391e-01 -4.522015004574221619e-02
0.000000000000000000e+00 -4.455627634406888471e-01 -4.654413658852542268e-02
0.000000000000000000e+00 -4.403569601915816034e-01 -4.796956453774568058e-02
0.000000000000000000e+00 -4.351895253245220418e-01 -4.949788742083978399e-02
0.000000000000000000e+00 -4.300608184580645421e-01 -5.113038106932044774e-02
0.000000000000000000e+00 -4.249708449347540662e-01 -5.286809100121946103e-02
0.000000000000000000e+00 -4.199193108852027345e-01 -5.471179239571695441e-02
0.000000000000000000e+00 -4.149056931720458974e-01 -5.666196348548867279e-02
0.000000000000000000e+00 -4.099293232167591228e-01 -5.871877267689232238e-02
0.000000000000000000e+00 -4.049894832178747572e-01 -6.088207918815248532e-02
0.000000000000000000e+00 -4.000855128023652063e-01 -6.315144648922975390e-02
0.000000000000000000e+00 -3.952169237281878411e-01 -6.552616735162564154e-02
0.000000000000000000e+00 -3.903835198895692082e-01 -6.800529888839559889e-02
0.000000000000000000e+00 -3.855855195803082891e-01 -7.058770559888914720e-02
0.000000000000000000e+00 -3.808236767550961521e-01 -7.327210814178392040e-02
0.000000000000000000e+00 -3.760993979031371781e-01 -7.605713535381142254e-02
0.000000000000000000e+00 -3.714148511181618040e-01 -7.894137691722713512e-02
0.000000000000000000e+00 -3.667730640173848533e-01 -8.192343406040152043e-02
0.000000000000000000e+00 -3.621780073292461544e-01 -8.500196575344702576e-02
0.000000000000000000e+00 -3.576346612330298935e-01 -8.817572803176534912e-02
0.000000000000000000e+00 -3.531490618869303488e-01 -9.144360433877576910e-02
0.000000000000000000e+00 -3.487283260162024612e-01 -9.480462511583917506e-02
0.000000000000000000e+00 -3.443806519385751996e-01 -9.825797527077975713e-02
0.000000000000000000e+00 -3.401152959666898790e-01 -1.018029886123711647e-01
0.000000000000000000e+00 -3.359425237317046342e-01 -1.054391288308456631e-01
0.000000000000000000e+00 -3.318735366016937749e-01 -1.091659571167492154e-01
0.000000000000000000e+00 -3.279203740054963401e-01 -1.129830870244824120e-01
0.000000000000000000e+00 -3.240957930992378611e-01 -1.168901276847428838e-01
0.000000000000000000e+00 -3.204131278110781134e-01 -1.208866169344493674e-01
0.000000000000000000e+00 -3.168861298526732262e-01 -1.249719463473593500e-01
0.000000000000000000e+00 -3.135287947775167727e-01 -1.291452804989480785e-01
0.000000000000000000e+00 -3.103551765824923980e-01 -1.334054730728390925e-01
0.000000000000000000e+00 -3.073791946775955575e-01 -1.377509826034049589e-01
0.000000000000000000e+00 -3.046144372802465083e-01 -1.421797907432726937e-01
0.000000000000000000e+00 -3.020739654181369693e-01 -1.466893259417024475e-01
0.000000000000000000e+00 -2.997701217443151100e-01 -1.512763953197839850e-01
0.000000000000000000e+00 -2.977143482795002738e-01 -1.559371273340262321e-01
0.000000000000000000e+00 -2.959170170018289858e-01 -1.606669275372905048e-01
0.000000000000000000e+00 -2.943872769088174413e-01 -1.654604493842210811e-01
0.000000000000000000e+00 -2.931329207885665089e-01 -1.703115815990843274e-01
0.000000000000000000e+00 -2.921602744680529273e-01 -1.752134531412327390e-01
0.000000000000000000e+00 -2.910775898105608106e-01 -1.851382877741049870e-01
