-3.462154612368351786e-02 0.000000000000000000e+00 -1.416453485594301176e-01
-3.367043995638998449e-02 0.000000000000000000e+00 -1.462157687375039705e-01
-3.302147857308772999e-02 0.000000000000000000e+00 -1.508118658522023814e-01
-3.267970904492142892e-02 0.000000000000000000e+00 -1.554214278620248968e-01
-3.264838574918894204e-02 0.000000000000000000e+00 -1.600318991260615831e-01
-3.292892510100482034e-02 0.000000000000000000e+00 -1.646305187514302826e-01
-3.352088749260343642e-02 0.000000000000000000e+00 -1.692044645979798034e-01
-3.442198657108089255e-02 0.000000000000000000e+00 -1.737410003121613034e-01
-3.562812545792914259e-02 0.000000000000000000e+00 -1.782276226913264705e-01
-3.713345900007993666e-02 0.000000000000000000e+00 -1.826522066667356781e-01
-3.893048065338319125e-02 0.000000000000000000e+00 -1.870031452384093296e-01
-4.101013214583747180e-02 0.000000000000000000e+00 -1.912694817964734340e-01
-4.336193365894019242e-02 0.000000000000000000e+00 -1.954410324193812942e-01
-4.597413190955344786e-02 0.000000000000000000e+00 -1.995084959456445428e-01
-4.883386321874084307e-02 0.000000000000000000e+00 -2.034635498676488075e-01
-5.192732842370485769e-02 0.000000000000000000e+00 -2.072989303879132217e-01
-5.523997632827336302e-02 0.000000000000000000e+00 -2.110084953030411103e-01
-5.875669229872793053e-02 0.000000000000000000e+00 -2.145872687311526361e-01
-6.246198859584566748e-02 0.000000000000000000e+00 -2.180314670667973798e-01
-6.634019308985916741e-02 0.000000000000000000e+00 -2.213385059248763609e-01
-7.037563313002768994e-02 0.000000000000000000e+00 -2.245069882134741179e-01
-7.455281153049039822e-02 0.000000000000000000e+00 -2.275366738462643312e-01
-7.885657188344329105e-02 0.000000000000000000e+00 -2.304284319601335174e-01
-8.327225071257270128e-02 0.000000000000000000e+00 -2.331841768351031186e-01
-8.778581432610042812e-02 0.000000000000000000e+00 -2.358067890144053547e-01
-9.238397861086604379e-02 0.000000000000000000e+00 -2.383000233863363515e-01
-9.705431041704737360e-02 0.000000000000000000e+00 -2.406684062108555011e-01
-1.017853096073918356e-01 0.000000000000000000e+00 -2.429171232484639564e-01
-1.065664712750426651e-01 0.000000000000000000e+00 -2.450519012734498903e-01
-1.113883280600588555e-01 0.000000000000000000e+00 -2.470788853261311480e-01
-1.162424729067479401e-01 0.000000000000000000e+00 -2.490045140784896971e-01
-1.211215629926730986e-01 0.000000000000000000e+00 -2.508353956550667951e-01
-1.260193059171511309e-01 0.000000000000000000e+00 -2.525781861678965678e-01
-1.309304295546573627e-01 0.000000000000000000e+00 -2.542394730934883218e-01
-1.358506372503723858e-01 0.000000000000000000e+00 -2.558256654454166279e-01
-1.407765502559585324e-01 0.000000000000000000e+00 -2.573428924829149755e-01
-1.457056394697674728e-01 0.000000000000000000e+00 -2.587969124498161744e-01
-1.506361486546931028e-01 0.000000000000000000e+00 -2.601930325657785814e-01
-1.555670113579490643e-01 0.000000000000000000e+00 -2.615360412000399815e-01
-1.604977637507803145e-01 0.000000000000000000e+00 -2.628301528543693366e-01
-1.654284555445868776e-01 0.000000000000000000e+00 -2.640789662740435362e-01
-1.703595610265755678e-01 0.000000000000000000e+00 -2.652854357011160125e-01
-1.752918920975572725e-01 0.000000000000000000e+00 -2.664518549903481803e-01
-1.802265149926873533e-01 0.000000000000000000e+00 -2.675798540319100360e-01
-1.851646721295747422e-01 0.000000000000000000e+00 -2.686704066727472195e-01
-1.901077102647825701e-01 0.000000000000000000e+00 -2.697238491060734433e-01
-1.950570158574130020e-01 0.000000000000000000e+00 -2.707399075106391995e-01
-2.000139582456210985e-01 0.000000000000000000e+00 -2.717177335721550624e-01
-2.049798409470836580e-01 0.000000000000000000e+00 -2.726559464113755271e-01
-2.099558611060756697e-01 0.000000000000000000e+00 -2.735526793786198230e-01
-2.149430768359710253e-01 0.000000000000000000e+00 -2.744056301535325315e-01
-2.199423819542163094e-01 0.000000000000000000e+00 -2.752121126111323757e-01
-2.249544873839268155e-01 0.000000000000000000e+00 -2.759691089790071161e-01
-2.299799083081044415e-01 0.000000000000000000e+00 -2.766733209131637672e-01
-2.350189560138893075e-01 0.000000000000000000e+00 -2.773212182578324581e-01
-2.400717332588563901e-01 0.000000000000000000e+00 -2.779090844228613855e-01
-2.451381319315295571e-01 0.000000000000000000e+00 -2.784330575058849844e-01
-2.502178317650178285e-01 0.000000000000000000e+00 -2.788891664992599884e-01
-2.553102988956874597e-01 0.000000000000000000e+00 -2.792733621474312034e-01
-2.604147831364215793e-01 0.000000000000000000e+00 -2.795815422522555105e-01
-2.655303129533712614e-01 0.000000000000000000e+00 -2.798095714550888902e-01
-2.706556872920684031e-01 0.000000000000000000e+00 -2.799532957484420770e-01
-2.757894635881764089e-01 0.000000000000000000e+00 -2.800085521802935240e-01
-2.809299415138934441e-01 0.000000000000000000e+00 -2.799711744046938233e-01
-2.860751422462478044e-01 0.000000000000000000e+00 -2.798369948976770494e-01
-2.912227832908038105e-01 0.000000000000000000e+00 -2.796018447929924933e-01
-2.963702491458451438e-01 0.000000000000000000e+00 -2.792615523939248057e-01
-3.015145583399919671e-01 0.000000000000000000e+00 -2.788119414825607767e-01
-3.066523276125700526e-01 0.000000000000000000e+00 -2.782488305743896495e-01
-3.117797342233036839e-01 0.000000000000000000e+00 -2.775680342532693134e-01
-3.168924775689828111e-01 0.000000000000000000e+00 -2.767653676698153542e-01
-3.219857414432404918e-01 0.000000000000000000e+00 -2.758366551965303337e-01
-3.270541583959811760e-01 0.000000000000000000e+00 -2.747777441078894101e-01
-3.320917777267999860e-01 0.000000000000000000e+00 -2.735845239965257747e-01
-3.370920386786028788e-01 0.000000000000000000e+00 -2.722529524519038402e-01
-3.420477503814837172e-01 0.000000000000000000e+00 -2.707790873205099258e-01
-3.469510800319697275e-01 0.000000000000000000e+00 -2.691591256423590539e-01
-3.517935506795917822e-01 0.000000000000000000e+00 -2.673894491237515658e-01
-3.565660498333025341e-01 0.000000000000000000e+00 -2.654666757672947686e-01
-3.612588498977883922e-01 0.000000000000000000e+00 -2.633877170439823945e-01
-3.658616412086710401e-01 0.000000000000000000e+00 -2.611498397653413961e-01
-3.703635781615737255e-01 0.000000000000000000e+00 -2.587507316028749837e-01
-3.747533386296116320e-01 0.000000000000000000e+00 -2.561885690134436122e-01
-3.790191965444873468e-01 0.000000000000000000e+00 -2.534620861685230042e-01
-3.831491071860582132e-01 0.000000000000000000e+00 -2.505706433574513836e-01
-3.871308043925156817e-01 0.000000000000000000e+00 -2.475142932440279886e-01
-3.909519085768404789e-01 0.000000000000000000e+00 -2.442938433054159253e-01
-3.946000441237134115e-01 0.000000000000000000e+00 -2.409109127744839818e-01
-3.980629644530020439e-01 0.000000000000000000e+00 -2.373679824426649654e-01
-4.013286827793327016e-01 0.000000000000000000e+00 -2.336684357601491457e-01
-4.043856063794432631e-01 0.000000000000000000e+00 -2.298165897926879864e-01
-4.072226720064544003e-01 0.000000000000000000e+00 -2.258177147572458798e-01
-4.098294799683425138e-01 0.000000000000000000e+00 -2.216780410589326011e-01
-4.121964243209945145e-01 0.000000000000000000e+00 -2.174047529848098792e-01
-4.143148166171820024e-01 0.000000000000000000e+00 -2.130059684711251289e-01
-4.161770007031484475e-01 0.000000000000000000e+00 -2.084907046433513433e-01
-4.177764561643131369e-01 0.000000000000000000e+00 -2.038688291265328134e-01
-4.191078881894357289e-01 0.000000000000000000e+00 -1.991509974298232843e-01
-4.201673018455828745e-01 0.000000000000000000e+00 -1.943485770164161131e-01
-4.209520590301036314e-01 0.000000000000000000e+00 -1.894735589708622381e-01
-4.214609166849462851e-01 0.000000000000000000e+00 -1.845384584626643953e-01
-4.216940452162583064e-01 0.000000000000000000e+00 -1.795562054709039512e-01
-4.216530264504539383e-01 0.000000000000000000e+00 -1.745400274727984813e-01
-4.213408308681572123e-01 0.000000000000000000e+00 -1.695033260034125300e-01
-4.207617742802809424e-01 0.000000000000000000e+00 -1.644595491589171399e-01
-4.199214545362573436e-01 0.000000000000000000e+00 -1.594220622373661855e-01
-4.188266692731375529e-01 0.000000000000000000e+00 -1.544040187855058588e-01
-4.174853161160579917e-01 0.000000000000000000e+00 -1.494182343453254735e-01
-4.159062771158266170e-01 0.000000000000000000e+00 -1.444770651687324603e-01
-4.140992895490901438e-01 0.000000000000000000e+00 -1.395922940929380518e-01
-4.120748055023660261e-01 0.000000000000000000e+00 -1.347750256441273553e-01
-4.098438429058869348e-01 0.000000000000000000e+00 -1.300355922652029761e-01
-4.074178308705043716e-01 0.000000000000000000e+00 -1.253834733484158470e-01
-4.048084523059956585e-01 0.000000000000000000e+00 -1.208272285001732588e-01
-4.020274868586025674e-01 0.000000000000000000e+00 -1.163744461788233098e-01
-3.990866571976239285e-01 0.000000000000000000e+00 -1.120317085331764134e-01
-3.959974816051071711e-01 0.000000000000000000e+00 -1.078045729370055716e-01
-3.927711356804781673e-01 0.000000000000000000e+00 -1.036975703703559987e-01
-3.894183257662225950e-01 0.000000000000000000e+00 -9.971422045008351831e-02
-3.859491764359562205e-01 0.000000000000000000e+00 -9.585706256766694799e-02
-3.823731340682764435e-01 0.000000000000000000e+00 -9.212770225996261275e-02
-3.786988881658679973e-01 0.000000000000000000e+00 -8.852687162590626435e-02
-3.749343116777620888e-01 0.000000000000000000e+00 -8.505450231648765957e-02
-3.710864211526950229e-01 0.000000000000000000e+00 -8.170980937327083915e-02
-3.671613571031588918e-01 0.000000000000000000e+00 -7.849138397818494761e-02
-3.631643845034730478e-01 0.000000000000000000e+00 -7.539729300920049171e-02
-3.590999128917259364e-01 0.000000000000000000e+00 -7.242518317673095340e-02
-3.549715351054467116e-01 0.000000000000000000e+00 -6.957238744691261745e-02
-3.507820832647799425e-01 0.000000000000000000e+00 -6.683603144184420419e-02
-3.465337002346180473e-01 0.000000000000000000e+00 -6.421313754370473748e-02
-3.422279244577363100e-01 0.000000000000000000e+00 -6.170072451842276845e-02
-3.378657857625615435e-01 0.000000000000000000e+00 -5.929590061302961873e-02
-3.334479095187347086e-01 0.000000000000000000e+00 -5.699594826557254079e-02
-3.289746263466369891e-01 0.000000000000000000e+00 -5.479839879298083194e-02
-3.244460844876082550e-01 0.000000000000000000e+00 -5.270109568503276304e-02
-3.198623619121191419e-01 0.000000000000000000e+00 -5.070224542518481092e-02
-3.152235752844400607e-01 0.000000000000000000e+00 -4.880045507438098007e-02
-3.105299830134475858e-01 0.000000000000000000e+00 -4.699475618441122104e-02
-3.057820797974942773e-01 0.000000000000000000e+00 -4.528461494492653366e-02
-3.009806803125068542e-01 0.000000000000000000e+00 -4.366992880466490090e-02
-2.961269899908806069e-01 0.000000000000000000e+00 -4.215101013466114599e-02
-2.912226611871417403e-01 0.000000000000000000e+00 -4.072855781129365582e-02
-2.862698334163351066e-01 0.000000000000000000e+00 -3.940361788247653818e-02
-2.812711567732392726e-01 0.000000000000000000e+00 -3.817753473426264976e-02
-2.762297980845596079e-01 0.000000000000000000e+00 -3.705189439147461156e-02
-2.711494298014008320e-01 0.000000000000000000e+00 -3.602846175955107949e-02
-2.660342020944562180e-01 0.000000000000000000e+00 -3.510911374145661568e-02
-2.608886990583244025e-01 0.000000000000000000e+00 -3.429577024028051396e-02
-2.557178803532532130e-01 0.000000000000000000e+00 -3.359032508329485439e-02
-2.505270100019953983e-01 0.000000000000000000e+00 -3.299457887627938596e-02
-2.453215744066519488e-01 0.000000000000000000e+00 -3.251017571864966288e-02
-2.401071919467012983e-01 0.000000000000000000e+00 -3.213854558242504322e-02
-2.348895167573634701e-01 0.000000000000000000e+00 -3.188085398461680542e-02
-2.296741394609036202e-01 0.000000000000000000e+00 -3.173796036763527895e-02
-2.244664877278884363e-01 0.000000000000000000e+00 -3.171038635124998062e-02
-2.192717295778127407e-01 0.000000000000000000e+00 -3.179829473883903634e-02
-2.140946822877370370e-01 0.000000000000000000e+00 -3.200147985721705363e-02
-2.089397296641710422e-01 0.000000000000000000e+00 -3.231936949089462413e-02
-2.038107502497158996e-01 0.000000000000000000e+00 -3.275103834623198373e-02
-1.987110587859847177e-01 0.000000000000000000e+00 -3.329523265683494160e-02
-1.936433629436698500e-01 0.000000000000000000e+00 -3.395040522690252055e-02
-1.886097369664769818e-01 0.000000000000000000e+00 -3.471475991207194356e-02
-1.836116134664246280e-01 0.000000000000000000e+00 -3.558630426518828022e-02
-1.786497941633138353e-01 0.000000000000000000e+00 -3.656290883433143540e-02
-1.737244798914725497e-01 0.000000000000000000e+00 -3.764237139856378700e-02
-1.688353197133063699e-01 0.000000000000000000e+00 -3.882248426849585488e-02
-1.639814784932756564e-01 0.000000000000000000e+00 -4.010110266811284935e-02
-1.591617218092984121e-01 0.000000000000000000e+00 -4.147621215442703207e-02
-1.543745166227416254e-01 0.000000000000000000e+00 -4.294599302421447939e-02
-1.496181457041562413e-01 0.000000000000000000e+00 -4.450887970288713164e-02
-1.448908334300943734e-01 0.000000000000000000e+00 -4.616361320865397522e-02
-1.401908802361283846e-01 0.000000000000000000e+00 -4.790928493345157635e-02
-1.355168027408142073e-01 0.000000000000000000e+00 -4.974537017735967265e-02
-1.308674763516822215e-01 0.000000000000000000e+00 -5.167175011086400094e-02
-1.262422770327319144e-01 0.000000000000000000e+00 -5.368872111383176521e-02
-1.216412188570325098e-01 0.000000000000000000e+00 -5.579699074494885030e-02
-1.170650839897991874e-01 0.000000000000000000e+00 -5.799765992336148451e-02
-1.125155418468458818e-01 0.000000000000000000e+00 -6.029219124751929171e-02
-1.079952543488961331e-01 0.000000000000000000e+00 -6.268236372644685195e-02
-1.035079644403951032e-01 0.000000000000000000e+00 -6.517021454739277408e-02
-9.905856535702174670e-02 0.000000000000000000e+00 -6.775796884252159591e-02
-9.465314850229199217e-02 0.000000000000000000e+00 -7.044795873771315942e-02
-9.029902822228290382e-02 0.000000000000000000e+00 -7.324253326071809844e-02
-8.600474223916729222e-02 0.000000000000000000e+00 -7.614396094655800917e-02
-8.178002700849289208e-02 0.000000000000000000e+00 -7.915432719860727995e-02
-7.763576779072452194e-02 0.000000000000000000e+00 -8.227542863861629641e-02
-7.358392376279045133e-02 0.000000000000000000e+00 -8.550866680346884408e-02
-6.963742902820845015e-02 0.000000000000000000e+00 -8.885494361731954838e-02
-6.581007090290634520e-02 0.000000000000000000e+00 -9.231456108279775807e-02
-6.211634734642453720e-02 0.000000000000000000e+00 -9.588712759337587876e-02
-5.857130586375838138e-02 0.000000000000000000e+00 -9.957147317130157771e-02
-5.519036661143509465e-02 0.000000000000000000e+00 -1.033655757835323513e-01
-5.198913279337676052e-02 0.000000000000000000e+00 -1.072665006850183900e-01
-4.898319171980700798e-02 0.000000000000000000e+00 -1.112703544888047069e-01
-4.618791011951649955e-02 0.000000000000000000e+00 -1.153722553712255294e-01
-4.361822743739507402e-02 0.000000000000000000e+00 -1.195663204943903657e-01
-4.128845091219856406e-02 0.000000000000000000e+00 -1.238456713744911786e-01
-3.921205621272615821e-02 0.000000000000000000e+00 -1.282024575511431508e-01
-3.740149731443843245e-02 0.000000000000000000e+00 -1.326278985284219669e-01
-3.462154612368351786e-02 0.000000000000000000e+00 -1.416453485594301176e-01
