-3.616775412463428552e+02 6.224491269985187500e+02 0.000000000000000000e+00
-3.615550138899959052e+02 6.190316672392098098e+02 0.000000000000000000e+00
-3.616675355496603288e+02 6.156043812335133225e+02 0.000000000000000000e+00
-3.620140957232557639e+02 6.121738085686884006e+02 0.000000000000000000e+00
-3.625926029648298368e+02 6.087464268410030854e+02 0.000000000000000000e+00
-3.633998985553277521e+02 6.053286135459479738e+02 0.000000000000000000e+00
-3.644317809384600650e+02 6.019266081100478232e+02 0.000000000000000000e+00
-3.656830407305793074e+02 5.985464744117338114e+02 0.000000000000000000e+00
-3.671475059809184813e+02 5.951940641467666637e+02 0.000000000000000000e+00
-3.688180972291366402e+02 5.918749813981053194e+02 0.000000000000000000e+00
-3.706868917826341203e+02 5.885945487706960648e+02 0.000000000000000000e+00
-3.727451965182440290e+02 5.853577754482131468e+02 0.000000000000000000e+00
-3.749836284033468701e+02 5.821693275211908940e+02 0.000000000000000000e+00
-3.773922018316803815e+02 5.790335009241575790e+02 0.000000000000000000e+00
-3.799604217805606368e+02 5.759541973032979740e+02 0.000000000000000000e+00
-3.826773817201249699e+02 5.729349031158462822e+02 0.000000000000000000e+00
-3.855318651426359224e+02 5.699786722379529920e+02 0.000000000000000000e+00
-3.885124495317515994e+02 5.670881123293042947e+02 0.000000000000000000e+00
-3.916076115586661786e+02 5.642653751705234981e+02 0.000000000000000000e+00
-3.948058322746421140e+02 5.615121511536034404e+02 0.000000000000000000e+00
-3.980957010679861696e+02 5.588296680666391012e+02 0.000000000000000000e+00
-4.014660171679873883e+02 5.562186942723099037e+02 0.000000000000000000e+00
-4.049058875086103058e+02 5.536795463353338391e+02 0.000000000000000000e+00
-4.084048198104003973e+02 5.512121011079514119e+02 0.000000000000000000e+00
-4.119528097995345775e+02 5.488158122348896768e+02 0.000000000000000000e+00
-4.155404215574207569e+02 5.464897309907617000e+02 0.000000000000000000e+00
-4.191588600817182737e+02 5.442325313140369190e+02 0.000000000000000000e+00
-4.228000352389473733e+02 5.420425388531519957e+02 0.000000000000000000e+00
-4.264566163986143579e+02 5.399177637926416082e+02 0.000000000000000000e+00
-4.301220771575374897e+02 5.378559371809304821e+02 0.000000000000000000e+00
-4.337907296891906981e+02 5.358545504372700634e+02 0.000000000000000000e+00
-4.374577483846823611e+02 5.339108976737894636e+02 0.000000000000000000e+00
-4.411191825876706503e+02 5.320221204303495597e+02 0.000000000000000000e+00
-4.447719583632472222e+02 5.301852543853643738e+02 0.000000000000000000e+00
-4.484138693787431862e+02 5.283972775754941722e+02 0.000000000000000000e+00
-4.520435571106608563e+02 5.266551596315892994e+02 0.000000000000000000e+00
-4.556604807246970381e+02 5.249559115178550428e+02 0.000000000000000000e+00
-4.592648771033163939e+02 5.232966352462966597e+02 0.000000000000000000e+00
-4.628577116158718354e+02 5.216745730293557699e+02 0.000000000000000000e+00
-4.664406203382666831e+02 5.200871553304932604e+02 0.000000000000000000e+00
-4.700158445311462287e+02 5.185320472754573302e+02 0.000000000000000000e+00
-4.735861582762879038e+02 5.170071928961663161e+02 0.000000000000000000e+00
-4.771547902490689239e+02 5.155108566945358461e+02 0.000000000000000000e+00
-4.807253406696799516e+02 5.140416620350938501e+02 0.000000000000000000e+00
-4.843016945263237858e+02 5.125986259027151846e+02 0.000000000000000000e+00
-4.878879321994411953e+02 5.111811895949942368e+02 0.000000000000000000e+00
-4.914882386366645619e+02 5.097892449573868703e+02 0.000000000000000000e+00
-4.951068122335773865e+02 5.084231558128718120e+02 0.000000000000000000e+00
-4.987477745655193644e+02 5.070837742860629760e+02 0.000000000000000000e+00
-5.024150820909036952e+02 5.057724517739388261e+02 0.000000000000000000e+00
-5.061124409072915569e+02 5.044910443710507479e+02 0.000000000000000000e+00
-5.098432255885010136e+02 5.032419126156194693e+02 0.000000000000000000e+00
-5.136104030651542871e+02 5.020279154836510997e+02 0.000000000000000000e+00
-5.174164624333827760e+02 5.008523986204070866e+02 0.000000000000000000e+00
-5.212633514880726580e+02 4.997191768615160186e+02 0.000000000000000000e+00
-5.251524206794116481e+02 4.986325111589762287e+02 0.000000000000000000e+00
-5.290843750860503860e+02 4.975970800895255479e+02 0.000000000000000000e+00
-5.330592348864520318e+02 4.966179461835922098e+02 0.000000000000000000e+00
-5.370763046936169758e+02 4.957005173715660362e+02 0.000000000000000000e+00
-5.411341519990011193e+02 4.948505038997250836e+02 0.000000000000000000e+00
-5.452305948507793119e+02 4.940738711201468050e+02 0.000000000000000000e+00
-5.493626987713453218e+02 4.933767886066806341e+02 0.000000000000000000e+00
-5.535267828007450817e+02 4.927655760919785166e+02 0.000000000000000000e+00
-5.577184344382058043e+02 4.922466467581340908e+02 0.000000000000000000e+00
-5.619325331446204927e+02 4.918264484452107013e+02 0.000000000000000000e+00
-5.661632819661705298e+02 4.915114033674301481e+02 0.000000000000000000e+00
-5.704042467445796092e+02 4.913078469457475421e+02 0.000000000000000000e+00
-5.746484022939566785e+02 4.912219663776913876e+02 0.000000000000000000e+00
-5.788881848488356354e+02 4.912597395705540748e+02 0.000000000000000000e+00
-5.831155500237522347e+02 4.914268750622042035e+02 0.000000000000000000e+00
-5.873220354721742069e+02 4.917287535449592042e+02 0.000000000000000000e+00
-5.914988273923638644e+02 4.921703715922261608e+02 0.000000000000000000e+00
-5.956368300001037142e+02 4.927562881651442694e+02 0.000000000000000000e+00
-5.997267370733026155e+02 4.934905744475468623e+02 0.000000000000000000e+00
-6.037591046712489060e+02 4.943767675225176390e+02 0.000000000000000000e+00
-6.077244241414616681e+02 4.954178283630877218e+02 0.000000000000000000e+00
-6.116131945492608111e+02 4.966161045636900440e+02 0.000000000000000000e+00
-6.154159936987636002e+02 4.979732981884003493e+02 0.000000000000000000e+00
-6.191235469582260293e+02 4.994904390573777846e+02 0.000000000000000000e+00
-6.227267931566163952e+02 5.011678637349014025e+02 0.000000000000000000e+00
-6.262169468809680666e+02 5.030052004217026251e+02 0.000000000000000000e+00
-6.295855565742879207e+02 5.050013598916218598e+02 0.000000000000000000e+00
-6.328245579103474938e+02 5.071545325487242053e+02 0.000000000000000000e+00
-6.359263220032404433e+02 5.094621916166502729e+02 0.000000000000000000e+00
-6.388836980948133260e+02 5.119211024079050958e+02 0.000000000000000000e+00
-6.416900504505530307e+02 5.145273375577479555e+02 0.000000000000000000e+00
-6.443392892828676395e+02 5.172762980460774997e+02 0.000000000000000000e+00
-6.468258956085492173e+02 5.201627397718957582e+02 0.000000000000000000e+00
-6.491449400332070354e+02 5.231808053892614225e+02 0.000000000000000000e+00
-6.512920955383382307e+02 5.263240610617202719e+02 0.000000000000000000e+00
-6.532636444252545971e+02 5.295855377445990371e+02 0.000000000000000000e+00
-6.550564796431974628e+02 5.329577765617749492e+02 0.000000000000000000e+00
-6.566681007956594840e+02 5.364328778060432796e+02 0.000000000000000000e+00
-6.580966051783231023e+02 5.400025530603581956e+02 0.000000000000000000e+00
-6.593406742533908300e+02 5.436581799113264424e+02 0.000000000000000000e+00
-6.603995560078433300e+02 5.473908587066223390e+02 0.000000000000000000e+00
-6.612730436768923710e+02 5.511914707945863938e+02 0.000000000000000000e+00
-6.619614513383363601e+02 5.550507376772667385e+02 0.000000000000000000e+00
-6.624655868985569214e+02 5.589592805075080832e+02 0.000000000000000000e+00
-6.627867229966084324e+02 5.629076793663402896e+02 0.000000000000000000e+00
-6.629265663494167029e+02 5.668865317686469325e+02 0.000000000000000000e+00
-6.628872260489290511e+02 5.708865098627107955e+02 0.000000000000000000e+00
-6.626711813016232782e+02 5.748984158123928410e+02 0.000000000000000000e+00
-6.622812490727502563e+02 5.789132348790412834e+02 0.000000000000000000e+00
-6.617205520627896931e+02 5.829221857533223101e+02 0.000000000000000000e+00
-6.609924874027406076e+02 5.869167677245300183e+02 0.000000000000000000e+00
-6.601006964089533540e+02 5.908888043160255847e+02 0.000000000000000000e+00
-6.590490356883015011e+02 5.948304830597501223e+02 0.000000000000000000e+00
-6.578415498316378489e+02 5.987343911296256920e+02 0.000000000000000000e+00
-6.564824458787873027e+02 6.025935466025168807e+02 0.000000000000000000e+00
-6.549760696829232529e+02 6.064014251656495844e+02 0.000000000000000000e+00
-6.533268842471545668e+02 6.101519821403397827e+02 0.000000000000000000e+00
-6.515394500526052752e+02 6.138396697429757296e+02 0.000000000000000000e+00
-6.496184073462114839e+02 6.174594495547912629e+02 0.000000000000000000e+00
-6.475684603089019902e+02 6.210068002215214165e+02 0.000000000000000000e+00
-6.453943629816045586e+02 6.244777204519504039e+02 0.000000000000000000e+00
-6.431009067884647266e+02 6.278687274301570369e+02 0.000000000000000000e+00
-6.406929094644394809e+02 6.311768507994540869e+02 0.000000000000000000e+00
-6.381752051685934930e+02 6.343996224161559212e+02 0.000000000000000000e+00
-6.355526355454229588e+02 6.375350621080448263e+02 0.000000000000000000e+00
-6.328300414846371496e+02 6.405816597053940313e+02 0.000000000000000000e+00
-6.300122553252051603e+02 6.435383536413920638e+02 0.000000000000000000e+00
-6.271040932521203786e+02 6.464045064435872519e+02 0.000000000000000000e+00
-6.241103476441107887e+02 6.491798774583916156e+02 0.000000000000000000e+00
-6.210357791471602695e+02 6.518645931666726483e+02 0.000000000000000000e+00
-6.178851082717671943e+02 6.544591154599763740e+02 0.000000000000000000e+00
-6.146630063408456408e+02 6.569642082540325418e+02 0.000000000000000000e+00
-6.113740856493685669e+02 6.593809028189565424e+02 0.000000000000000000e+00
-6.080228887355453935e+02 6.617104622041413222e+02 0.000000000000000000e+00
-6.046138767056157803e+02 6.639543451304231212e+02 0.000000000000000000e+00
-6.011514165993410188e+02 6.661141697129388604e+02 0.000000000000000000e+00
-5.976397678299643985e+02 6.681916773654426152e+02 0.000000000000000000e+00
-5.940830677797724775e+02 6.701886972210572821e+02 0.000000000000000000e+00
-5.904853166793885748e+02 6.721071113857991577e+02 0.000000000000000000e+00
-5.868503619444784363e+02 6.739488213201306053e+02 0.000000000000000000e+00
-5.831818821866557983e+02 6.757157156206286572e+02 0.000000000000000000e+00
-5.794833711549997588e+02 6.774096394489960176e+02 0.000000000000000000e+00
-5.757581218998385566e+02 6.790323658294774987e+02 0.000000000000000000e+00
-5.720092114803926506e+02 6.805855690086718823e+02 0.000000000000000000e+00
-5.682394865617860660e+02 6.820708000441208014e+02 0.000000000000000000e+00
-5.644515502640811064e+02 6.834894647602739042e+02 0.000000000000000000e+00
-5.606477506358711480e+02 6.848428041828434516e+02 0.000000000000000000e+00
-5.568301711271092245e+02 6.861318775354534409e+02 0.000000000000000000e+00
-5.530006234299813741e+02 6.873575478562017906e+02 0.000000000000000000e+00
-5.491606430426023735e+02 6.885204702665004106e+02 0.000000000000000000e+00
-5.453114878881199274e+02 6.896210829006246286e+02 0.000000000000000000e+00
-5.414541402916202060e+02 6.906596004819230075e+02 0.000000000000000000e+00
-5.375893125793386389e+02 6.916360105108217340e+02 0.000000000000000000e+00
-5.337174565195341529e+02 6.925500720106872450e+02 0.000000000000000000e+00
-5.298387767726095490e+02 6.934013167603779948e+02 0.000000000000000000e+00
-5.259532484603446392e+02 6.941890529269728631e+02 0.000000000000000000e+00
-5.220606389013382795e+02 6.949123709987030679e+02 0.000000000000000000e+00
-5.181605334928711954e+02 6.955701519065157754e+02 0.000000000000000000e+00
-5.142523656494679472e+02 6.961610772129137104e+02 0.000000000000000000e+00
-5.103354506365857901e+02 6.966836412386345501e+02 0.000000000000000000e+00
-5.064090230652932405e+02 6.971361649912823850e+02 0.000000000000000000e+00
-5.024722777417439943e+02 6.975168117550333591e+02 0.000000000000000000e+00
-4.985244134949738850e+02 6.978236041968929158e+02 0.000000000000000000e+00
-4.945646795392979698e+02 6.980544428424977923e+02 0.000000000000000000e+00
-4.905924238645967534e+02 6.982071257729875242e+02 0.000000000000000000e+00
-4.866071430902555903e+02 6.982793693938299384e+02 0.000000000000000000e+00
-4.826085331675728298e+02 6.982688301265121709e+02 0.000000000000000000e+00
-4.785965402721526516e+02 6.981731268745420493e+02 0.000000000000000000e+00
-4.745714111930629997e+02 6.979898641160783654e+02 0.000000000000000000e+00
-4.705337425002226723e+02 6.977166554766066611e+02 0.000000000000000000e+00
-4.664845277562606611e+02 6.973511476362363055e+02 0.000000000000000000e+00
-4.624252020345121537e+02 6.968910444273579969e+02 0.000000000000000000e+00
-4.583576830112754124e+02 6.963341309794448080e+02 0.000000000000000000e+00
-4.542844079181596157e+02 6.956782977686704044e+02 0.000000000000000000e+00
-4.502083656693556009e+02 6.949215644307148523e+02 0.000000000000000000e+00
-4.461331235188283699e+02 6.940621031956176239e+02 0.000000000000000000e+00
-4.420628476534429865e+02 6.930982618038524379e+02 0.000000000000000000e+00
-4.380023171894166012e+02 6.920285857629601196e+02 0.000000000000000000e+00
-4.339569311105749989e+02 6.908518398041804858e+02 0.000000000000000000e+00
-4.299327077668472725e+02 6.895670283986313507e+02 0.000000000000000000e+00
-4.259362766393143716e+02 6.881734151928289975e+02 0.000000000000000000e+00
-4.219748621727710542e+02 6.866705412238417239e+02 0.000000000000000000e+00
-4.180562595769711720e+02 6.850582417752621041e+02 0.000000000000000000e+00
-4.141888026021173346e+02 6.833366617366331184e+02 0.000000000000000000e+00
-4.103813234013122724e+02 6.815062693311131170e+02 0.000000000000000000e+00
-4.066431047010865996e+02 6.795678680791959323e+02 0.000000000000000000e+00
-4.029838246092169811e+02 6.775226068703578903e+02 0.000000000000000000e+00
-3.994134944952622277e+02 6.753719880197438670e+02 0.000000000000000000e+00
-3.959423904820122289e+02 6.731178731935740416e+02 0.000000000000000000e+00
-3.925809791838025831e+02 6.707624870949796332e+02 0.000000000000000000e+00
-3.893398384188981254e+02 6.683084188115560664e+02 0.000000000000000000e+00
-3.862295737064785044e+02 6.657586207371696219e+02 0.000000000000000000e+00
-3.832607314328058123e+02 6.631164049934872082e+02 0.000000000000000000e+00
-3.804437096347277816e+02 6.603854372913937141e+02 0.000000000000000000e+00
-3.777886674006631438e+02 6.575697281888730004e+02 0.000000000000000000e+00
-3.753054339287172638e+02 6.546736217200509600e+02 0.000000000000000000e+00
-3.730034183078108754e+02 6.517017813898440863e+02 0.000000000000000000e+00
-3.708915211000989984e+02 6.486591735499171136e+02 0.000000000000000000e+00
-3.689780488011206216e+02 6.455510481942862953e+02 0.000000000000000000e+00
-3.672706322378699042e+02 6.423829172367346700e+02 0.000000000000000000e+00
-3.657761499343295668e+02 6.391605303569929220e+02 0.000000000000000000e+00
-3.645006574291832067e+02 6.358898485281672492e+02 0.000000000000000000e+00
-3.634493234718564167e+02 6.325770153638584361e+02 0.000000000000000000e+00
-3.626263739513605628e+02 6.292283264495152935e+02 0.000000000000000000e+00
-3.616775412463428552e+02 6.224491269985187500e+02 0.000000000000000000e+00
