7.500970089731570090e-01 -4.805224759284922320e-01 0.000000000000000000e+00
7.512440320798675630e-01 -4.861666543408235674e-01 0.000000000000000000e+00
7.522462729051710983e-01 -4.918427205053296225e-01 0.000000000000000000e+00
7.531032779255495413e-01 -4.975579544755473482e-01 0.000000000000000000e+00
7.538142368294384887e-01 -5.033190522830558455e-01 0.000000000000000000e+00
7.543780819649542613e-01 -5.091317293843646841e-01 0.000000000000000000e+00
7.547935878644701502e-01 -5.150003787946336731e-01 0.000000000000000000e+00
7.550594658032654394e-01 -5.209277946844470542e-01 0.000000000000000000e+00
7.551744489445277875e-01 -5.269149692841152977e-01 0.000000000000000000e+00
7.551373644061745161e-01 -5.329609677768770704e-01 0.000000000000000000e+00
7.549471895127554122e-01 -5.390628826054267853e-01 0.000000000000000000e+00
7.546030905187192106e-01 -5.452158654039819252e-01 0.000000000000000000e+00
7.541044431549572824e-01 -5.514132317342106404e-01 0.000000000000000000e+00
7.534508354053894852e-01 -5.576466310706139629e-01 0.000000000000000000e+00
7.526420539128009235e-01 -5.639062721563626868e-01 0.000000000000000000e+00
7.516780562958242928e-01 -5.701811920207732198e-01 0.000000000000000000e+00
7.505589323908702371e-01 -5.764595556776235252e-01 0.000000000000000000e+00
7.492848579812074750e-01 -5.827289728464067897e-01 0.000000000000000000e+00
7.478560449172085844e-01 -5.889768179664690573e-01 0.000000000000000000e+00
7.462726916545223688e-01 -5.951905402900238284e-01 0.000000000000000000e+00
7.445349381391593857e-01 -6.013579519020085806e-01 0.000000000000000000e+00
7.426428286596663542e-01 -6.074674830574532391e-01 0.000000000000000000e+00
7.405962857863965798e-01 -6.135083961657387119e-01 0.000000000000000000e+00
7.383950978552776823e-01 -6.194709519859487035e-01 0.000000000000000000e+00
7.360389216648518529e-01 -6.253465240182647378e-01 0.000000000000000000e+00
7.335273011829003265e-01 -6.311276595678136925e-01 0.000000000000000000e+00
7.308597021483764777e-01 -6.368080884047109258e-01 0.000000000000000000e+00
7.280355615526263868e-01 -6.423826822380064305e-01 0.000000000000000000e+00
7.250543501369124400e-01 -6.478473702631099007e-01 0.000000000000000000e+00
7.219156452937122159e-01 -6.531990177480365700e-01 0.000000000000000000e+00
7.186192111444410502e-01 -6.584352759277899425e-01 0.000000000000000000e+00
7.151650821163305638e-01 -6.635544123334571331e-01 0.000000000000000000e+00
7.115536460779078309e-01 -6.685551310705922790e-01 0.000000000000000000e+00
7.077857230280882872e-01 -6.734363924804763757e-01 0.000000000000000000e+00
7.038626354705970201e-01 -6.781972410902346038e-01 0.000000000000000000e+00
6.997862669356120779e-01 -6.828366498264574203e-01 0.000000000000000000e+00
6.955591056170388198e-01 -6.873533871926775785e-01 0.000000000000000000e+00
6.911842707509856520e-01 -6.917459125689785493e-01 0.000000000000000000e+00
6.866655201360229999e-01 -6.960123030678834199e-01 0.000000000000000000e+00
6.820072380502774090e-01 -7.001502135661742399e-01 0.000000000000000000e+00
6.772144037124881999e-01 -7.041568697206136429e-01 0.000000000000000000e+00
6.722925413204479117e-01 -7.080290920566838508e-01 0.000000000000000000e+00
6.672476535380542639e-01 -7.117633476760221178e-01 0.000000000000000000e+00
6.620861410515804790e-01 -7.153558248314959567e-01 0.000000000000000000e+00
6.568147114413990240e-01 -7.188025246256009027e-01 0.000000000000000000e+00
6.514402810883562767e-01 -7.220993634379664350e-01 0.000000000000000000e+00
6.459698741329894522e-01 -7.252422794025767949e-01 0.000000000000000000e+00
6.404105226181859845e-01 -7.282273363372143704e-01 0.000000000000000000e+00
6.347691718682209050e-01 -7.310508189602319407e-01 0.000000000000000000e+00
6.290525948950996815e-01 -7.337093139793061658e-01 0.000000000000000000e+00
6.232673191913197241e-01 -7.361997726542458542e-01 0.000000000000000000e+00
6.174195686891205126e-01 -7.385195516597349297e-01 0.000000000000000000e+00
6.115152229693209263e-01 -7.406664304335695004e-01 0.000000000000000000e+00
6.055597950225882764e-01 -7.426386046157427145e-01 0.000000000000000000e+00
5.995584280405181765e-01 -7.444346565866248877e-01 0.000000000000000000e+00
5.935159108829337615e-01 -7.460535054242244390e-01 0.000000000000000000e+00
5.874367110705891459e-01 -7.474943397532786138e-01 0.000000000000000000e+00
5.813250234259695892e-01 -7.487565378947520500e-01 0.000000000000000000e+00
5.751848318619119382e-01 -7.498395803979027718e-01 0.000000000000000000e+00
5.690199813255025774e-01 -7.507429604177976445e-01 0.000000000000000000e+00
5.628342565633268624e-01 -7.514660974744861166e-01 0.000000000000000000e+00
5.566314641960089515e-01 -7.520082598979402899e-01 0.000000000000000000e+00
5.504155145791422843e-01 -7.523685007434135485e-01 0.000000000000000000e+00
5.441905000797753189e-01 -7.525456111880395316e-01 0.000000000000000000e+00
5.379607667002224147e-01 -7.525380944372090930e-01 0.000000000000000000e+00
5.317309764144094730e-01 -7.523441620347323111e-01 0.000000000000000000e+00
5.255061581204464316e-01 -7.519617532474544008e-01 0.000000000000000000e+00
5.192917457260771696e-01 -7.513885769500376899e-01 0.000000000000000000e+00
5.130936025374744913e-01 -7.506221742363901051e-01 0.000000000000000000e+00
5.069180317815982217e-01 -7.496599988946696103e-01 0.000000000000000000e+00
5.007717737236582201e-01 -7.484995119601294267e-01 0.000000000000000000e+00
4.946619904120478917e-01 -7.471382858518089698e-01 0.000000000000000000e+00
4.885962395653803969e-01 -7.455741131406100619e-01 0.000000000000000000e+00
4.825824394873073908e-01 -7.438051148091932019e-01 0.000000000000000000e+00
4.766288271384420128e-01 -7.418298429550376216e-01 0.000000000000000000e+00
4.707439116021450154e-01 -7.396473732485289165e-01 0.000000000000000000e+00
4.649364251509907064e-01 -7.372573830651746318e-01 0.000000000000000000e+00
4.592152739599258959e-01 -7.346602120289168480e-01 0.000000000000000000e+00
4.535894902342414436e-01 -7.318569026848618098e-01 0.000000000000000000e+00
4.480681871456750898e-01 -7.288492201088648814e-01 0.000000000000000000e+00
4.426605175237171008e-01 -7.256396503971882517e-01 0.000000000000000000e+00
4.373756367608513940e-01 -7.222313790985934734e-01 0.000000000000000000e+00
4.322226698915235810e-01 -7.186282516917747998e-01 0.000000000000000000e+00
4.272106823271550335e-01 -7.148347191156739777e-01 0.000000000000000000e+00
4.223486533041638236e-01 -7.108557720793260426e-01 0.000000000000000000e+00
4.176454507564324459e-01 -7.066968683723158229e-01 0.000000000000000000e+00
4.131098060810645123e-01 -7.023638576400107469e-01 0.000000000000000000e+00
4.087502871438231100e-01 -6.978629080668201645e-01 0.000000000000000000e+00
4.045752678786744272e-01 -6.932004391277962752e-01 0.000000000000000000e+00
4.005928929771567226e-01 -6.883830640405471657e-01 0.000000000000000000e+00
3.968110364328665263e-01 -6.834175448059981450e-01 0.000000000000000000e+00
3.932372530916118936e-01 -6.783107618104418091e-01 0.000000000000000000e+00
3.898787228391004667e-01 -6.730696989249033146e-01 0.000000000000000000e+00
3.867421876097364430e-01 -6.677014439404778123e-01 0.000000000000000000e+00
3.838338819917484490e-01 -6.622132030832494909e-01 0.000000000000000000e+00
3.811594588018369367e-01 -6.566123273234143465e-01 0.000000000000000000e+00
3.787239115717643267e-01 -6.509063472910040504e-01 0.000000000000000000e+00
3.765314963952003380e-01 -6.451030128895642868e-01 0.000000000000000000e+00
3.745856559933938845e-01 -6.392103332042624597e-01 0.000000000000000000e+00
3.728889491446704674e-01 -6.332366120652934693e-01 0.000000000000000000e+00
3.714429887628770688e-01 -6.271904746703438338e-01 0.000000000000000000e+00
3.702483918882509828e-01 -6.210808809953713983e-01 0.000000000000000000e+00
3.693047446633657138e-01 -6.149171223196178149e-01 0.000000000000000000e+00
3.686105850080081403e-01 -6.087087980320086134e-01 0.000000000000000000e+00
3.681634051900690707e-01 -6.024657709312866150e-01 0.000000000000000000e+00
3.679596758332779327e-01 -5.961981004287194574e-01 0.000000000000000000e+00
3.679948921332003020e-01 -5.899159543479060019e-01 0.000000000000000000e+00
3.682636422032352641e-01 -5.836295013226532324e-01 0.000000000000000000e+00
3.687596965805313709e-01 -5.773487870498593688e-01 0.000000000000000000e+00
3.694761170292033547e-01 -5.710835987895320764e-01 0.000000000000000000e+00
3.704053819278118609e-01 -5.648433234528170699e-01 0.000000000000000000e+00
3.715395247618596963e-01 -5.586368053237873443e-01 0.000000000000000000e+00
3.728702815992939734e-01 -5.524722098757028910e-01 0.000000000000000000e+00
3.743892429420997425e-01 -5.463569002355102011e-01 0.000000000000000000e+00
3.760880050477388159e-01 -5.402973326055956482e-01 0.000000000000000000e+00
3.779583157199939425e-01 -5.342989763704900641e-01 0.000000000000000000e+00
3.799922096899307489e-01 -5.283662637172240606e-01 0.000000000000000000e+00
3.821821290443757069e-01 -5.225025724171412644e-01 0.000000000000000000e+00
3.845210247014269056e-01 -5.167102440055713064e-01 0.000000000000000000e+00
3.870024356599734983e-01 -5.109906380184365826e-01 0.000000000000000000e+00
3.896205436336272476e-01 -5.053442212765151265e-01 0.000000000000000000e+00
3.923702016814919480e-01 -4.997706895302757579e-01 0.000000000000000000e+00
3.952469365249922650e-01 -4.942691171752265356e-01 0.000000000000000000e+00
3.982469253433469358e-01 -4.888381293023909557e-01 0.000000000000000000e+00
4.013669489197256857e-01 -4.834760891379193959e-01 0.000000000000000000e+00
4.046043240153902598e-01 -4.781812930173501286e-01 0.000000000000000000e+00
4.079568187324277284e-01 -4.729521644876985009e-01 0.000000000000000000e+00
4.114225553441306915e-01 -4.677874389720673154e-01 0.000000000000000000e+00
4.149999055897833355e-01 -4.626863306859108627e-01 0.000000000000000000e+00
4.186873837204638793e-01 -4.576486741605300668e-01 0.000000000000000000e+00
4.224835426276413175e-01 -4.526750337864228202e-01 0.000000000000000000e+00
4.263868781812189535e-01 -4.477667761955440584e-01 0.000000000000000000e+00
4.303957464543085587e-01 -4.429261019977666081e-01 0.000000000000000000e+00
4.345082978360858550e-01 -4.381560352975155115e-01 0.000000000000000000e+00
4.387224311601564120e-01 -4.334603714538318164e-01 0.000000000000000000e+00
4.430357699423640438e-01 -4.288435856146442515e-01 0.000000000000000000e+00
4.474456616754030613e-01 -4.243107065534847400e-01 0.000000000000000000e+00
4.519491999205675903e-01 -4.198671621647544483e-01 0.000000000000000000e+00
4.565432677258008387e-01 -4.155186045380722115e-01 0.000000000000000000e+00
4.612245997413373932e-01 -4.112707237497020274e-01 0.000000000000000000e+00
4.659898593555925617e-01 -4.071290603106493267e-01 0.000000000000000000e+00
4.708357262862779002e-01 -4.030988265461148412e-01 0.000000000000000000e+00
4.757589893801184022e-01 -3.991847470200828862e-01 0.000000000000000000e+00
4.807566389352633252e-01 -3.953909274554515685e-01 0.000000000000000000e+00
4.858259526891063329e-01 -3.917207604517007336e-01 0.000000000000000000e+00
4.909645697243223972e-01 -3.881768747096514538e-01 0.000000000000000000e+00
4.961705469382494127e-01 -3.847611324996251803e-01 0.000000000000000000e+00
5.014423933829578184e-01 -3.814746778381891135e-01 0.000000000000000000e+00
5.067790786905154166e-01 -3.783180353688401776e-01 0.000000000000000000e+00
5.121800129133368129e-01 -3.752912573845556543e-01 0.000000000000000000e+00
5.176449963862482795e-01 -3.723941139032309056e-01 0.000000000000000000e+00
5.231741395998902311e-01 -3.696263183303606925e-01 0.000000000000000000e+00
5.287677545034525917e-01 -3.669877791327212369e-01 0.000000000000000000e+00
5.344262200645113481e-01 -3.644788662086794195e-01 0.000000000000000000e+00
5.401498262406790873e-01 -3.621006793669978019e-01 0.000000000000000000e+00
5.459386017003619029e-01 -3.598553055893981001e-01 0.000000000000000000e+00
5.517921316120680819e-01 -3.577460516026937376e-01 0.000000000000000000e+00
5.577093725554416181e-01 -3.557776387483304603e-01 0.000000000000000000e+00
5.636884720548747119e-01 -3.539563482078399992e-01 0.000000000000000000e+00
5.697266003726558781e-01 -3.522901062914634007e-01 0.000000000000000000e+00
5.758198020110559812e-01 -3.507885016667022238e-01 0.000000000000000000e+00
5.819628738635392873e-01 -3.494627290117422458e-01 0.000000000000000000e+00
5.881492761405614500e-01 -3.483254565220020860e-01 0.000000000000000000e+00
5.943710811048916742e-01 -3.473906178557181201e-01 0.000000000000000000e+00
6.006189633271507011e-01 -3.466731323435904288e-01 0.000000000000000000e+00
6.068822336669895678e-01 -3.461885604688274554e-01 0.000000000000000000e+00
6.131489175600834951e-01 -3.459527046079006185e-01 0.000000000000000000e+00
6.194058765127036237e-01 -3.459811676753383192e-01 0.000000000000000000e+00
6.256389700436881807e-01 -3.462888845162712115e-01 0.000000000000000000e+00
6.318332537376130098e-01 -3.468896425340189382e-01 0.000000000000000000e+00
6.379732076490954862e-01 -3.477956090449148552e-01 0.000000000000000000e+00
6.440429880865434775e-01 -3.490168831632173285e-01 0.000000000000000000e+00
6.500266948555889490e-01 -3.505610896087478778e-01 0.000000000000000000e+00
6.559086453982455600e-01 -3.524330307028099574e-01 0.000000000000000000e+00
6.616736469509533203e-01 -3.546344110086576129e-01 0.000000000000000000e+00
6.673072578766573448e-01 -3.571636466455611059e-01 0.000000000000000000e+00
6.727960297017707703e-01 -3.600157683516920226e-01 0.000000000000000000e+00
6.781277220927017790e-01 -3.631824240053377895e-01 0.000000000000000000e+00
6.832914840091003361e-01 -3.666519826697058337e-01 0.000000000000000000e+00
6.882779955301392416e-01 -3.704097384501702228e-01 0.000000000000000000e+00
6.930795663133675344e-01 -3.744382086974590851e-01 0.000000000000000000e+00
6.976901882519667142e-01 -3.787175175094597557e-01 0.000000000000000000e+00
7.021055415790432574e-01 -3.832258522252502408e-01 0.000000000000000000e+00
7.063229553575199882e-01 -3.879399778021834777e-01 0.000000000000000000e+00
7.103413249222415571e-01 -3.928357917365041252e-01 0.000000000000000000e+00
7.141609903413362881e-01 -3.978889006227170344e-01 0.000000000000000000e+00
7.177835812770614332e-01 -4.030751986119415209e-01 0.000000000000000000e+00
7.212118347013634079e-01 -4.083714279596843411e-01 0.000000000000000000e+00
7.244493927180406523e-01 -4.137557025519329468e-01 0.000000000000000000e+00
7.275005882340107588e-01 -4.192079767363854903e-01 0.000000000000000000e+00
7.303702263925303528e-01 -4.247104439034826706e-01 0.000000000000000000e+00
7.330633695310265763e-01 -4.302478519721236183e-01 0.000000000000000000e+00
7.355851329690581419e-01 -4.358077261256340096e-01 0.000000000000000000e+00
7.379404981943165076e-01 -4.413804926834394293e-01 0.000000000000000000e+00
7.401341490347346230e-01 -4.469595017378666935e-01 0.000000000000000000e+00
7.421703352306389112e-01 -4.525409499809665559e-01 0.000000000000000000e+00
7.440527665079423869e-01 -4.581237088396054036e-01 0.000000000000000000e+00
7.457845388619931404e-01 -4.637090664802756002e-01 0.000000000000000000e+00
7.473680933543872529e-01 -4.693003953018891616e-01 0.000000000000000000e+00
7.500970089731570090e-01 -4.805224759284922320e-01 0.000000000000000000e+00
