8.405611312910994393e-01 3.565296931336663921e-01 0.000000000000000000e+00
8.401103260939171147e-01 3.398827454124785374e-01 0.000000000000000000e+00
8.392823519249629216e-01 3.222046242511963365e-01 0.000000000000000000e+00
8.380963255328813810e-01 3.031350096357205426e-01 0.000000000000000000e+00
8.365932260860351466e-01 2.826940807388164667e-01 0.000000000000000000e+00
8.348422208865082794e-01 2.612388647278486298e-01 0.000000000000000000e+00
8.329409854340482644e-01 2.393139705282567586e-01 0.000000000000000000e+00
8.310130314171958466e-01 2.174561501661967655e-01 0.000000000000000000e+00
8.292046958291469094e-01 1.960254304333930442e-01 0.000000000000000000e+00
8.276822851081404586e-01 1.751207080607505850e-01 0.000000000000000000e+00
8.266273652437245989e-01 1.546017002084811021e-01 0.000000000000000000e+00
8.262270026843236970e-01 1.341970987261161263e-01 0.000000000000000000e+00
8.266568737344170970e-01 1.136475368477063430e-01 0.000000000000000000e+00
8.280583226504586447e-01 9.282323652337823305e-02 0.000000000000000000e+00
8.305142367732830655e-01 7.177198157188087457e-02 0.000000000000000000e+00
8.340310750535379070e-01 5.068533093123239741e-02 0.000000000000000000e+00
8.385340147067047445e-01 2.980548021280110885e-02 0.000000000000000000e+00
8.438786681099212927e-01 9.317610532312682256e-03 0.000000000000000000e+00
8.498773331442349699e-01 -1.072544450856208025e-02 0.000000000000000000e+00
8.563324684869892955e-01 -3.041713451845113811e-02 0.000000000000000000e+00
8.630673080284795295e-01 -4.994920765667019980e-02 0.000000000000000000e+00
8.699445738453006616e-01 -6.952773638533532585e-02 0.000000000000000000e+00
8.768688477154198413e-01 -8.929229714651197580e-02 0.000000000000000000e+00
8.837745030455367301e-01 -1.092727127272243998e-01 0.000000000000000000e+00
8.906065657944970404e-01 -1.293984456922534498e-01 0.000000000000000000e+00
8.973041690738401410e-01 -1.495513062229470169e-01 0.000000000000000000e+00
9.037944264009755146e-01 -1.696337017588243901e-01 0.000000000000000000e+00
9.099993810386408644e-01 -1.896199505477603187e-01 0.000000000000000000e+00
9.158524450616724044e-01 -2.095683760417746122e-01 0.000000000000000000e+00
9.213161498920148240e-01 -2.295914510191469637e-01 0.000000000000000000e+00
9.263921093496315651e-01 -2.498007642653485016e-01 0.000000000000000000e+00
9.311172729164428619e-01 -2.702541991630510454e-01 0.000000000000000000e+00
9.355464604295278264e-01 -2.909301195320384004e-01 0.000000000000000000e+00
9.397272577605702004e-01 -3.117394689690602960e-01 0.000000000000000000e+00
9.436769621340080905e-01 -3.325684782900201752e-01 0.000000000000000000e+00
9.473707999105935862e-01 -3.533307486148632437e-01 0.000000000000000000e+00
9.507462522660700133e-01 -3.740040633392944236e-01 0.000000000000000000e+00
9.537218501934408010e-01 -3.946354780611321389e-01 0.000000000000000000e+00
9.562229640191654001e-01 -4.153137265068149175e-01 0.000000000000000000e+00
9.582043585235878735e-01 -4.361232498720811757e-01 0.000000000000000000e+00
9.596607382338472325e-01 -4.571021044480512163e-01 0.000000000000000000e+00
9.606215117543166482e-01 -4.782232168134586403e-01 0.000000000000000000e+00
9.611324232730814598e-01 -4.994066666862008175e-01 0.000000000000000000e+00
9.612318459619484390e-01 -5.205557621275802571e-01 0.000000000000000000e+00
9.609313100862573176e-01 -5.415987606273351407e-01 0.000000000000000000e+00
9.602076125769337667e-01 -5.625161771076554462e-01 0.000000000000000000e+00
9.590086790618455037e-01 -5.833412804478559366e-01 0.000000000000000000e+00
9.572694794975297183e-01 -6.041346302183826511e-01 0.000000000000000000e+00
9.549302108844222037e-01 -6.249458223993733519e-01 0.000000000000000000e+00
9.519483098574323954e-01 -6.457811085826352659e-01 0.000000000000000000e+00
9.482988146970393606e-01 -6.665917752966719068e-01 0.000000000000000000e+00
9.439628279515344111e-01 -6.872872109952814501e-01 0.000000000000000000e+00
9.389091092259588267e-01 -7.077639993754994974e-01 0.000000000000000000e+00
9.330769817516478826e-01 -7.279344364905822040e-01 0.000000000000000000e+00
9.263685376086741030e-01 -7.477385206527513706e-01 0.000000000000000000e+00
9.186547433692588971e-01 -7.671324035311367640e-01 0.000000000000000000e+00
9.097949056516142496e-01 -7.860591016924801666e-01 0.000000000000000000e+00
8.996640956517077958e-01 -8.044175493518551656e-01 0.000000000000000000e+00
8.881803641692355145e-01 -8.220485423043317752e-01 0.000000000000000000e+00
8.753237939759568320e-01 -8.387492107385138285e-01 0.000000000000000000e+00
8.611423356428683507e-01 -8.543143527205750987e-01 0.000000000000000000e+00
8.457436944484504338e-01 -8.685894731453273065e-01 0.000000000000000000e+00
8.292766365745118939e-01 -8.815132402480138074e-01 0.000000000000000000e+00
8.119076025036540134e-01 -8.931300348972500691e-01 0.000000000000000000e+00
7.937988486395639587e-01 -9.035654151984395810e-01 0.000000000000000000e+00
7.750927457364820139e-01 -9.129733818759726560e-01 0.000000000000000000e+00
7.559042311438767259e-01 -9.214770330547570332e-01 0.000000000000000000e+00
7.363208088297454879e-01 -9.291275974714422459e-01 0.000000000000000000e+00
7.164077332028475631e-01 -9.358991106331145948e-01 0.000000000000000000e+00
6.962154201125401176e-01 -9.417203806728894344e-01 0.000000000000000000e+00
6.757865322337924807e-01 -9.465292825564941559e-01 0.000000000000000000e+00
6.551611315459373586e-01 -9.503243016072948635e-01 0.000000000000000000e+00
6.343793035652472989e-01 -9.531892747023849033e-01 0.000000000000000000e+00
6.134814341798142667e-01 -9.552791218216358793e-01 0.000000000000000000e+00
5.925067813322351107e-01 -9.567718012191755994e-01 0.000000000000000000e+00
5.714911977484458117e-01 -9.578069616545294984e-01 0.000000000000000000e+00
5.504649169855621027e-01 -9.584379373342323261e-01 0.000000000000000000e+00
5.294512424170632059e-01 -9.586180050650249251e-01 0.000000000000000000e+00
5.084667507385487450e-01 -9.582267038028510209e-01 0.000000000000000000e+00
4.875232280296969978e-01 -9.571242390456471405e-01 0.000000000000000000e+00
4.666310772308618349e-01 -9.552095065656045492e-01 0.000000000000000000e+00
4.458035482049422238e-01 -9.524556674995066086e-01 0.000000000000000000e+00
4.250610382471556870e-01 -9.489072255120996058e-01 0.000000000000000000e+00
4.044349714890792535e-01 -9.446397505829782215e-01 0.000000000000000000e+00
3.839712628161811581e-01 -9.397001364266114321e-01 0.000000000000000000e+00
3.637337899289718735e-01 -9.340541762229435108e-01 0.000000000000000000e+00
3.438082801676430322e-01 -9.275654186248590838e-01 0.000000000000000000e+00
3.243063878784911980e-01 -9.200160497678269156e-01 0.000000000000000000e+00
3.053686605575017254e-01 -9.111628132997754426e-01 0.000000000000000000e+00
2.871640882364454028e-01 -9.008064851664230321e-01 0.000000000000000000e+00
2.698836774401781047e-01 -8.888483372882758360e-01 0.000000000000000000e+00
2.537264846939742413e-01 -8.753132561191665495e-01 0.000000000000000000e+00
2.388787775276949576e-01 -8.603336282479895347e-01 0.000000000000000000e+00
2.254898193408523821e-01 -8.441041821825936431e-01 0.000000000000000000e+00
2.136500831731113770e-01 -8.268286501776643815e-01 0.000000000000000000e+00
2.033783374847399905e-01 -8.086800509199570941e-01 0.000000000000000000e+00
1.946223653835028877e-01 -7.897877924605710698e-01 0.000000000000000000e+00
1.872743238791527987e-01 -7.702511202594479744e-01 0.000000000000000000e+00
1.811971030510206859e-01 -7.501662233683853431e-01 0.000000000000000000e+00
1.762542378067978588e-01 -7.296491020377223746e-01 0.000000000000000000e+00
1.723345528408892213e-01 -7.088401258345647937e-01 0.000000000000000000e+00
1.693645367239279831e-01 -6.878867872568195097e-01 0.000000000000000000e+00
1.673059423909191434e-01 -6.669130924923192261e-01 0.000000000000000000e+00
1.661416458725644696e-01 -6.459914642135371476e-01 0.000000000000000000e+00
1.658571746228040267e-01 -6.251324076866557888e-01 0.000000000000000000e+00
1.664267151123716981e-01 -6.042989047689696358e-01 0.000000000000000000e+00
1.678101649614405777e-01 -5.834406328005724562e-01 0.000000000000000000e+00
1.699627563079458836e-01 -5.625334270276444171e-01 0.000000000000000000e+00
1.728530104321132355e-01 -5.416065995857846094e-01 0.000000000000000000e+00
1.764807350360690918e-01 -5.207461638946332405e-01 0.000000000000000000e+00
1.808862300648835519e-01 -5.000731101826088043e-01 0.000000000000000000e+00
1.861451541766403761e-01 -4.797073535466904737e-01 0.000000000000000000e+00
1.923493059318453768e-01 -4.597343722637708963e-01 0.000000000000000000e+00
1.995794565078838623e-01 -4.401898384190667812e-01 0.000000000000000000e+00
2.078798128081980334e-01 -4.210685522447186746e-01 0.000000000000000000e+00
2.172431821260972507e-01 -4.023520362293190877e-01 0.000000000000000000e+00
2.276116351427188156e-01 -3.840399613956451130e-01 0.000000000000000000e+00
2.388912455985383321e-01 -3.661685989551867748e-01 0.000000000000000000e+00
2.509740042050765396e-01 -3.488057258922040993e-01 0.000000000000000000e+00
2.637576253697279105e-01 -3.320229472449501285e-01 0.000000000000000000e+00
2.771556799524412806e-01 -3.158577477358398000e-01 0.000000000000000000e+00
2.910954595093586672e-01 -3.002832861716139834e-01 0.000000000000000000e+00
3.055069049946419479e-01 -2.852011491706151203e-01 0.000000000000000000e+00
3.203100795114224297e-01 -2.704621359102729050e-01 0.000000000000000000e+00
3.354091083665456385e-01 -2.559073046934320916e-01 0.000000000000000000e+00
3.506970407075833407e-01 -2.414119746975985359e-01 0.000000000000000000e+00
3.660703359184770411e-01 -2.269136767795235099e-01 0.000000000000000000e+00
3.814463933567349141e-01 -2.124121029972342867e-01 0.000000000000000000e+00
3.967753294687713095e-01 -1.979417419780816756e-01 0.000000000000000000e+00
4.120392838580383410e-01 -1.835302844014206070e-01 0.000000000000000000e+00
4.272381116260588474e-01 -1.691622690419018193e-01 0.000000000000000000e+00
4.423668694673849600e-01 -1.547647987628583688e-01 0.000000000000000000e+00
4.573948860354374868e-01 -1.402216657222939422e-01 0.000000000000000000e+00
4.722561222789929403e-01 -1.254087495973096322e-01 0.000000000000000000e+00
4.868556589426261128e-01 -1.102334027953481427e-01 0.000000000000000000e+00
5.010894480476784096e-01 -9.465853211963753955e-02 0.000000000000000000e+00
5.148673961198556581e-01 -7.869928249672682175e-02 0.000000000000000000e+00
5.281268775686804862e-01 -6.239337521551377441e-02 0.000000000000000000e+00
5.408267703735264442e-01 -4.575915627559446613e-02 0.000000000000000000e+00
5.529203346309453648e-01 -2.876213346063970222e-02 0.000000000000000000e+00
5.643155175217680064e-01 -1.130789991899533269e-02 0.000000000000000000e+00
5.748391342178494900e-01 6.732070573732755470e-03 0.000000000000000000e+00
5.842230531589062137e-01 2.547018112720529290e-02 0.000000000000000000e+00
5.921245723284764839e-01 4.494812130862072680e-02 0.000000000000000000e+00
5.981813288260161565e-01 6.510110517058077806e-02 0.000000000000000000e+00
6.020876893080747694e-01 8.575705901608202120e-02 0.000000000000000000e+00
6.036699375948428870e-01 1.066727068928625816e-01 0.000000000000000000e+00
6.029358203572529051e-01 1.275934191653564087e-01 0.000000000000000000e+00
6.000812879695869295e-01 1.483142929112682695e-01 0.000000000000000000e+00
5.954511810038667363e-01 1.687202300984421977e-01 0.000000000000000000e+00
5.894660719634307045e-01 1.887924126335636388e-01 0.000000000000000000e+00
5.825386679545893065e-01 2.085830439507435907e-01 0.000000000000000000e+00
5.750058956824907197e-01 2.281730040576173957e-01 0.000000000000000000e+00
5.670960886791459599e-01 2.476325898385243751e-01 0.000000000000000000e+00
5.589372918949293556e-01 2.670017034517910837e-01 0.000000000000000000e+00
5.505978501497005295e-01 2.862949616323020030e-01 0.000000000000000000e+00
5.421398355618572973e-01 3.055246482177604306e-01 0.000000000000000000e+00
5.336633321289392384e-01 3.247261929255803037e-01 0.000000000000000000e+00
5.253256485589156144e-01 3.439706331525512750e-01 0.000000000000000000e+00
5.173312696431940916e-01 3.633560401731569800e-01 0.000000000000000000e+00
5.099007538621497249e-01 3.829811613126601899e-01 0.000000000000000000e+00
5.032348078616792897e-01 4.029138082713724089e-01 0.000000000000000000e+00
4.974904274002064919e-01 4.231691639242596836e-01 0.000000000000000000e+00
4.927794735126499459e-01 4.437079065788142040e-01 0.000000000000000000e+00
4.891894847029917281e-01 4.644535714057798081e-01 0.000000000000000000e+00
4.868165538240728507e-01 4.853182463568908034e-01 0.000000000000000000e+00
4.857948707467912297e-01 5.062208952329464440e-01 0.000000000000000000e+00
4.863089974733026399e-01 5.270859834766457030e-01 0.000000000000000000e+00
4.885821473183602492e-01 5.478202284929374333e-01 0.000000000000000000e+00
4.928433841900545231e-01 5.682772866494572028e-01 0.000000000000000000e+00
4.992846169869822326e-01 5.882279635909399840e-01 0.000000000000000000e+00
5.080213813758291952e-01 6.073528900429445709e-01 0.000000000000000000e+00
5.190687727610688862e-01 6.252653791315425647e-01 0.000000000000000000e+00
5.323371139001555896e-01 6.415585145167679304e-01 0.000000000000000000e+00
5.476442507568837215e-01 6.558589951190343381e-01 0.000000000000000000e+00
5.647361413229837757e-01 6.678667488466165647e-01 0.000000000000000000e+00
5.833066402807529638e-01 6.773660115968060946e-01 0.000000000000000000e+00
6.030109222732706886e-01 6.842076550199610585e-01 0.000000000000000000e+00
6.234726984582477094e-01 6.882773480410935285e-01 0.000000000000000000e+00
6.442902551201247219e-01 6.894721422269434186e-01 0.000000000000000000e+00
6.650479281929226882e-01 6.877046242208899596e-01 0.000000000000000000e+00
6.853371596587279901e-01 6.829396060844145078e-01 0.000000000000000000e+00
7.047859993235523479e-01 6.752496112760231206e-01 0.000000000000000000e+00
7.230904395123419759e-01 6.648612271485986325e-01 0.000000000000000000e+00
7.400380556503916019e-01 6.521625082225226411e-01 0.000000000000000000e+00
7.555156667642238810e-01 6.376546160038766287e-01 0.000000000000000000e+00
7.694978123467481890e-01 6.218544313712128790e-01 0.000000000000000000e+00
7.820196745345262546e-01 6.051790987781389131e-01 0.000000000000000000e+00
7.931437290305350940e-01 5.878570502217453919e-01 0.000000000000000000e+00
8.029314333003247928e-01 5.699053852731335024e-01 0.000000000000000000e+00
8.114287725609238278e-01 5.511904490974871562e-01 0.000000000000000000e+00
8.186685491533046699e-01 5.315552009270854139e-01 0.000000000000000000e+00
8.246854489053843107e-01 5.109669659325503099e-01 0.000000000000000000e+00
8.295350195393348391e-01 4.896256771481989900e-01 0.000000000000000000e+00
8.333067131712473818e-01 4.679829875023573948e-01 0.000000000000000000e+00
8.361243116140086862e-01 4.466543304261750835e-01 0.000000000000000000e+00
8.381328355963204579e-01 4.262475862717910458e-01 0.000000000000000000e+00
8.394768683955680100e-01 4.071670640874767155e-01 0.000000000000000000e+00
8.402786533777387712e-01 3.894654032457072201e-01 0.000000000000000000e+00
8.405611312910994393e-01 3.565296931336663921e-01 0.000000000000000000e+00
