6.997191373838518302e+02 -5.196263337401572926e+02 0.000000000000000000e+00
7.001041078381391571e+02 -5.237450184879151038e+02 0.000000000000000000e+00
7.003829483020708722e+02 -5.278687635801491069e+02 0.000000000000000000e+00
7.005571867011320819e+02 -5.319949502359301050e+02 0.000000000000000000e+00
7.006281410293903491e+02 -5.361211664454536958e+02 0.000000000000000000e+00
7.005969056954868392e+02 -5.402451844060897201e+02 0.000000000000000000e+00
7.004643430806025890e+02 -5.443649362437939772e+02 0.000000000000000000e+00
7.002310803282161942e+02 -5.484784884287643081e+02 0.000000000000000000e+00
6.998975113023554968e+02 -5.525840153019740910e+02 0.000000000000000000e+00
6.994638035699936154e+02 -5.566797721308082600e+02 0.000000000000000000e+00
6.989299101855191338e+02 -5.607640681075570228e+02 0.000000000000000000e+00
6.982955859820224305e+02 -5.648352396941500047e+02 0.000000000000000000e+00
6.975604080066004826e+02 -5.688916247005196283e+02 0.000000000000000000e+00
6.967237996760374017e+02 -5.729315374627026358e+02 0.000000000000000000e+00
6.957850581759475972e+02 -5.769532454606303418e+02 0.000000000000000000e+00
6.947433845815804716e+02 -5.809549476850432939e+02 0.000000000000000000e+00
6.935979161426126893e+02 -5.849347550285958732e+02 0.000000000000000000e+00
6.923477601478873567e+02 -5.888906729386281995e+02 0.000000000000000000e+00
6.909920287695362049e+02 -5.928205865288972518e+02 0.000000000000000000e+00
6.895298742794293503e+02 -5.967222483054418944e+02 0.000000000000000000e+00
6.879605240344228605e+02 -6.005932686184032718e+02 0.000000000000000000e+00
6.862833146403006594e+02 -6.044311089077309589e+02 0.000000000000000000e+00
6.844977247272930754e+02 -6.082330777669568533e+02 0.000000000000000000e+00
6.826034058021622286e+02 -6.119963298063041748e+02 0.000000000000000000e+00
6.806002106824439579e+02 -6.157178672549749763e+02 0.000000000000000000e+00
6.784882190668059820e+02 -6.193945442031298398e+02 0.000000000000000000e+00
6.762677598507335688e+02 -6.230230733474381850e+02 0.000000000000000000e+00
6.739394298579362612e+02 -6.266000350706402742e+02 0.000000000000000000e+00
6.715041087238947739e+02 -6.301218886558033319e+02 0.000000000000000000e+00
6.689629697377235971e+02 -6.335849854102518748e+02 0.000000000000000000e+00
6.663174865207948869e+02 -6.369855834528524383e+02 0.000000000000000000e+00
6.635694354941291522e+02 -6.403198639016575271e+02 0.000000000000000000e+00
6.607208941601923016e+02 -6.435839481870568761e+02 0.000000000000000000e+00
6.577742352971548598e+02 -6.467739162085973703e+02 0.000000000000000000e+00
6.547321172337124153e+02 -6.498858250515561394e+02 0.000000000000000000e+00
6.515974704390260968e+02 -6.529157279820683470e+02 0.000000000000000000e+00
6.483734807241388580e+02 -6.558596934469954931e+02 0.000000000000000000e+00
6.450635694073298509e+02 -6.587138238165092616e+02 0.000000000000000000e+00
6.416713708453578420e+02 -6.614742736232893776e+02 0.000000000000000000e+00
6.382007077746160348e+02 -6.641372670718765221e+02 0.000000000000000000e+00
6.346555649401909704e+02 -6.666991146147058771e+02 0.000000000000000000e+00
6.310400615161370297e+02 -6.691562284171573083e+02 0.000000000000000000e+00
6.273584228365494937e+02 -6.715051365620870456e+02 0.000000000000000000e+00
6.236149519640151766e+02 -6.737424958742141143e+02 0.000000000000000000e+00
6.198140016196153965e+02 -6.758651032758231167e+02 0.000000000000000000e+00
6.159599469869609720e+02 -6.778699056169493815e+02 0.000000000000000000e+00
6.120571598819465180e+02 -6.797540079549247594e+02 0.000000000000000000e+00
6.081099847504173113e+02 -6.815146802893151516e+02 0.000000000000000000e+00
6.041227169182648140e+02 -6.831493627882940700e+02 0.000000000000000000e+00
6.000995834732594858e+02 -6.846556695708462712e+02 0.000000000000000000e+00
5.960447271059986178e+02 -6.860313911353698586e+02 0.000000000000000000e+00
5.919621931795683167e+02 -6.872744955487902416e+02 0.000000000000000000e+00
5.878559202349138104e+02 -6.883831285308086763e+02 0.000000000000000000e+00
5.837297340725440336e+02 -6.893556125850402623e+02 0.000000000000000000e+00
5.795873454822259419e+02 -6.901904453422637289e+02 0.000000000000000000e+00
5.754323516219224075e+02 -6.908862972905899369e+02 0.000000000000000000e+00
5.712682409766331375e+02 -6.914420090729391859e+02 0.000000000000000000e+00
5.670984017582077286e+02 -6.918565885337034160e+02 0.000000000000000000e+00
5.629261335398419988e+02 -6.921292076938932496e+02 0.000000000000000000e+00
5.587546618549938557e+02 -6.922591998275072456e+02 0.000000000000000000e+00
5.545871554310026568e+02 -6.922460568014573710e+02 0.000000000000000000e+00
5.504267456737882185e+02 -6.920894268273966645e+02 0.000000000000000000e+00
5.462765479726165267e+02 -6.917891127564914768e+02 0.000000000000000000e+00
5.421396843538811936e+02 -6.913450710279214491e+02 0.000000000000000000e+00
5.380193069809088229e+02 -6.907574113591122114e+02 0.000000000000000000e+00
5.339186219735244094e+02 -6.900263972408115478e+02 0.000000000000000000e+00
5.298409130069888988e+02 -6.891524472736725784e+02 0.000000000000000000e+00
5.257895641452290647e+02 -6.881361373554730108e+02 0.000000000000000000e+00
5.217680813681673726e+02 -6.869782037000708215e+02 0.000000000000000000e+00
5.177801122674253520e+02 -6.856795466412091855e+02 0.000000000000000000e+00
5.138294634085314101e+02 -6.842412351469008627e+02 0.000000000000000000e+00
5.099201148906904564e+02 -6.826645119439115206e+02 0.000000000000000000e+00
5.060562316766872186e+02 -6.809507991273396783e+02 0.000000000000000000e+00
5.022421713149637412e+02 -6.791017041079751380e+02 0.000000000000000000e+00
4.984824877325796137e+02 -6.771190257304810984e+02 0.000000000000000000e+00
4.947819308407384256e+02 -6.750047603789041659e+02 0.000000000000000000e+00
4.911454417628514761e+02 -6.727611078729498786e+02 0.000000000000000000e+00
4.875781435676266824e+02 -6.703904769491874731e+02 0.000000000000000000e+00
4.840853274652288860e+02 -6.678954901160984718e+02 0.000000000000000000e+00
4.806724345019702582e+02 -6.652789876708502561e+02 0.000000000000000000e+00
4.773450328669481451e+02 -6.625440306689620229e+02 0.000000000000000000e+00
4.741087910013094415e+02 -6.596939026456440160e+02 0.000000000000000000e+00
4.709694467760842826e+02 -6.567321098995089415e+02 0.000000000000000000e+00
4.679327730765476758e+02 -6.536623801654236559e+02 0.000000000000000000e+00
4.650045401986288311e+02 -6.504886595232990203e+02 0.000000000000000000e+00
4.621904755248366996e+02 -6.472151074133261091e+02 0.000000000000000000e+00
4.594962210024469300e+02 -6.438460896552123813e+02 0.000000000000000000e+00
4.569272889943296150e+02 -6.403861693989342712e+02 0.000000000000000000e+00
4.544890171119418483e+02 -6.368400959669455688e+02 0.000000000000000000e+00
4.521865226699335949e+02 -6.332127915821490660e+02 0.000000000000000000e+00
4.500246574219601712e+02 -6.295093360116620715e+02 0.000000000000000000e+00
4.480079632472060780e+02 -6.257349491929468286e+02 0.000000000000000000e+00
4.461406294565701955e+02 -6.218949719455590639e+02 0.000000000000000000e+00
4.444264523763045531e+02 -6.179948449080046657e+02 0.000000000000000000e+00
4.428687978452418861e+02 -6.140400858743328172e+02 0.000000000000000000e+00
4.414705672297876617e+02 -6.100362657385215925e+02 0.000000000000000000e+00
4.402341675190303931e+02 -6.059889832858051477e+02 0.000000000000000000e+00
4.391614860111522489e+02 -6.019038390982948385e+02 0.000000000000000000e+00
4.382538700425614024e+02 -5.977864088669970215e+02 0.000000000000000000e+00
4.375121121436166050e+02 -5.936422164231549914e+02 0.000000000000000000e+00
4.369364409305040908e+02 -5.894767068182940193e+02 0.000000000000000000e+00
4.365265179628049736e+02 -5.852952197940516044e+02 0.000000000000000000e+00
4.362814407117822952e+02 -5.811029639895464243e+02 0.000000000000000000e+00
4.361997516966721378e+02 -5.769049922354357705e+02 0.000000000000000000e+00
4.362794537566124404e+02 -5.727061782797982232e+02 0.000000000000000000e+00
4.365180313356663078e+02 -5.685111952815015002e+02 0.000000000000000000e+00
4.369124775690623892e+02 -5.643244963917945825e+02 0.000000000000000000e+00
4.374593268716757848e+02 -5.601502977246227601e+02 0.000000000000000000e+00
4.381546926462652323e+02 -5.559925639908030917e+02 0.000000000000000000e+00
4.389943096503678248e+02 -5.518549970409998195e+02 0.000000000000000000e+00
4.399735804882797083e+02 -5.477410275277807159e+02 0.000000000000000000e+00
4.410876256293748270e+02 -5.436538098583514511e+02 0.000000000000000000e+00
4.423313362971799734e+02 -5.395962205673771450e+02 0.000000000000000000e+00
4.436994295260649892e+02 -5.355708601941764755e+02 0.000000000000000000e+00
4.451865046449067904e+02 -5.315800587011575544e+02 0.000000000000000000e+00
4.467871004202943368e+02 -5.276258844213193697e+02 0.000000000000000000e+00
4.484957520762308150e+02 -5.237101564726860943e+02 0.000000000000000000e+00
4.503070474031716799e+02 -5.198344605274165815e+02 0.000000000000000000e+00
4.522156811767545719e+02 -5.160001677737672026e+02 0.000000000000000000e+00
4.542165071256893611e+02 -5.122084568608642030e+02 0.000000000000000000e+00
4.563045867187556723e+02 -5.084603385700671083e+02 0.000000000000000000e+00
4.584752340823324062e+02 -5.047566829133376132e+02 0.000000000000000000e+00
4.607240564117700501e+02 -5.010982483191225469e+02 0.000000000000000000e+00
4.630469893015181242e+02 -4.974857125304791339e+02 0.000000000000000000e+00
4.654403264893474557e+02 -4.939197048091056672e+02 0.000000000000000000e+00
4.679007435882511459e+02 -4.904008390131072019e+02 0.000000000000000000e+00
4.704253154645480208e+02 -4.869297470961978433e+02 0.000000000000000000e+00
4.730115270110982237e+02 -4.835071125619764985e+02 0.000000000000000000e+00
4.756572771590455773e+02 -4.801337033992198826e+02 0.000000000000000000e+00
4.783608760687507129e+02 -4.768104040229997622e+02 0.000000000000000000e+00
4.811210355391046960e+02 -4.735382457519645527e+02 0.000000000000000000e+00
4.839368527727792753e+02 -4.703184353643400755e+02 0.000000000000000000e+00
4.868077877316964077e+02 -4.671523812939871050e+02 0.000000000000000000e+00
4.897336344106420825e+02 -4.640417170530545263e+02 0.000000000000000000e+00
4.927144864461150746e+02 -4.609883214990513238e+02 0.000000000000000000e+00
4.957506975608388302e+02 -4.579943356012115032e+02 0.000000000000000000e+00
4.988428374206289959e+02 -4.550621754033118123e+02 0.000000000000000000e+00
5.019916435483463601e+02 -4.521945409271443737e+02 0.000000000000000000e+00
5.051979699984481158e+02 -4.493944208119758628e+02 0.000000000000000000e+00
5.084627335442769436e+02 -4.466650925398783443e+02 0.000000000000000000e+00
5.117868581679825297e+02 -4.440101181540645712e+02 0.000000000000000000e+00
5.151712186692334399e+02 -4.414333354364964634e+02 0.000000000000000000e+00
5.186165842232900332e+02 -4.389388445712589260e+02 0.000000000000000000e+00
5.221235627212951158e+02 -4.365309903806602279e+02 0.000000000000000000e+00
5.256925467157900584e+02 -4.342143402808879387e+02 0.000000000000000000e+00
5.293236617725832502e+02 -4.319936581624588712e+02 0.000000000000000000e+00
5.330167179965201285e+02 -4.298738744568516381e+02 0.000000000000000000e+00
5.367711654539101573e+02 -4.278600527037657457e+02 0.000000000000000000e+00
5.405860541590142248e+02 -4.259573529826803338e+02 0.000000000000000000e+00
5.444599992269138511e+02 -4.241709926170544804e+02 0.000000000000000000e+00
5.483911517212142144e+02 -4.225062045989935200e+02 0.000000000000000000e+00
5.523771756434938425e+02 -4.209681942158987340e+02 0.000000000000000000e+00
5.564152314234000869e+02 -4.195620943880520599e+02 0.000000000000000000e+00
5.605019661751048261e+02 -4.182929202468251901e+02 0.000000000000000000e+00
5.646335108888782770e+02 -4.171655234969544495e+02 0.000000000000000000e+00
5.688054846272237910e+02 -4.161845471128486906e+02 0.000000000000000000e+00
5.730130056948463562e+02 -4.153543809180964672e+02 0.000000000000000000e+00
5.772507096521441099e+02 -4.146791185891999021e+02 0.000000000000000000e+00
5.815127739444379813e+02 -4.141625166091654364e+02 0.000000000000000000e+00
5.857929488251783141e+02 -4.138079556741413398e+02 0.000000000000000000e+00
5.900845941623111912e+02 -4.136184050270906027e+02 0.000000000000000000e+00
5.943807216341397179e+02 -4.135963901569290329e+02 0.000000000000000000e+00
5.986740417455829402e+02 -4.137439642601154333e+02 0.000000000000000000e+00
6.029570150288445802e+02 -4.140626838149358377e+02 0.000000000000000000e+00
6.072219067350755495e+02 -4.145535885673013468e+02 0.000000000000000000e+00
6.114608442765220389e+02 -4.152171861715104342e+02 0.000000000000000000e+00
6.156658766425136946e+02 -4.160534416708537719e+02 0.000000000000000000e+00
6.198290349879962378e+02 -4.170617719419927312e+02 0.000000000000000000e+00
6.239423935804499024e+02 -4.182410451645492913e+02 0.000000000000000000e+00
6.279981302901202298e+02 -4.195895853141798284e+02 0.000000000000000000e+00
6.319885858194750199e+02 -4.211051816144293980e+02 0.000000000000000000e+00
6.359063208904816520e+02 -4.227851028207558670e+02 0.000000000000000000e+00
6.397441706422770267e+02 -4.246261161501081460e+02 0.000000000000000000e+00
6.434952955365293974e+02 -4.266245106121809272e+02 0.000000000000000000e+00
6.471532281225270253e+02 -4.287761244447049194e+02 0.000000000000000000e+00
6.507119150779282108e+02 -4.310763763056166908e+02 0.000000000000000000e+00
6.541657540131526503e+02 -4.335202998303309414e+02 0.000000000000000000e+00
6.575096246064641718e+02 -4.361025811232121896e+02 0.000000000000000000e+00
6.607389137216702011e+02 -4.388175987192196317e+02 0.000000000000000000e+00
6.638495342497409410e+02 -4.416594655250006554e+02 0.000000000000000000e+00
6.668379375081455009e+02 -4.446220722287638978e+02 0.000000000000000000e+00
6.697011191259301768e+02 -4.476991316553069282e+02 0.000000000000000000e+00
6.724366184370755946e+02 -4.508842235367293938e+02 0.000000000000000000e+00
6.750425114980470198e+02 -4.541708391706613384e+02 0.000000000000000000e+00
6.775173979363023591e+02 -4.575524254462097247e+02 0.000000000000000000e+00
6.798603819234780303e+02 -4.610224277330809741e+02 0.000000000000000000e+00
6.820710476487527103e+02 -4.645743311512259197e+02 0.000000000000000000e+00
6.841494297433064276e+02 -4.682016997664811697e+02 0.000000000000000000e+00
6.860959791747163763e+02 -4.718982132916253818e+02 0.000000000000000000e+00
6.879115251896269001e+02 -4.756577009114675434e+02 0.000000000000000000e+00
6.895972339332375896e+02 -4.794741718944556510e+02 0.000000000000000000e+00
6.911545644143695881e+02 -4.833418427011637277e+02 0.000000000000000000e+00
6.925852225145981720e+02 -4.872551603511574285e+02 0.000000000000000000e+00
6.938911137587690519e+02 -4.912088218634090708e+02 0.000000000000000000e+00
6.950742955719806560e+02 -4.951977896408337187e+02 0.000000000000000000e+00
6.961369297447753297e+02 -4.992173027258423872e+02 0.000000000000000000e+00
6.970812358139902472e+02 -5.032628839102551979e+02 0.000000000000000000e+00
6.979094460417853725e+02 -5.073303427386697422e+02 0.000000000000000000e+00
6.986237626402785281e+02 -5.114157744986622447e+02 0.000000000000000000e+00
6.997191373838518302e+02 -5.196263337401572926e+02 0.000000000000000000e+00
