8.498613391973950382e-01 5.523808199237375538e-01 0.000000000000000000e+00
8.498586485540816637e-01 5.432119550200749103e-01 0.000000000000000000e+00
8.496547903646488598e-01 5.339655036282835443e-01 0.000000000000000000e+00
8.492425941371144482e-01 5.246038206887602140e-01 0.000000000000000000e+00
8.486142189292305016e-01 5.150994491141031029e-01 0.000000000000000000e+00
8.477618913802235090e-01 5.054374037019061516e-01 0.000000000000000000e+00
8.466785310582481960e-01 4.956162472079407855e-01 0.000000000000000000e+00
8.453582013716746113e-01 4.856478904054682966e-01 0.000000000000000000e+00
8.437963411566070659e-01 4.755561832041596548e-01 0.000000000000000000e+00
8.419897535700227031e-01 4.653744909375746031e-01 0.000000000000000000e+00
8.399363531773851310e-01 4.551425547762077417e-01 0.000000000000000000e+00
8.376346969204505610e-01 4.449030063681971292e-01 0.000000000000000000e+00
8.350833476835883840e-01 4.346979364902604503e-01 0.000000000000000000e+00
8.322801382575395479e-01 4.245659025729118241e-01 0.000000000000000000e+00
8.292214167567061311e-01 4.145397022924339203e-01 0.000000000000000000e+00
8.259013606010728870e-01 4.046451466155238652e-01 0.000000000000000000e+00
8.223114442743635344e-01 3.949009463852648505e-01 0.000000000000000000e+00
8.184401361684170428e-01 3.853196952202351255e-01 0.000000000000000000e+00
8.142728825928778891e-01 3.759098029431601762e-01 0.000000000000000000e+00
8.097924138131561422e-01 3.666781223901086628e-01 0.000000000000000000e+00
8.049793796835164050e-01 3.576329307322630990e-01 0.000000000000000000e+00
7.998132933710687675e-01 3.487868834607730228e-01 0.000000000000000000e+00
7.942737333263002464e-01 3.401595596563868340e-01 0.000000000000000000e+00
7.883417285347660286e-01 3.317792609156687278e-01 0.000000000000000000e+00
7.820012324340109844e-01 3.236838083112745235e-01 0.000000000000000000e+00
7.752405785141600614e-01 3.159201927384737707e-01 0.000000000000000000e+00
7.680538067540882974e-01 3.085430614584029341e-01 0.000000000000000000e+00
7.604417551800812802e-01 3.016121533255267106e-01 0.000000000000000000e+00
7.524128247106864897e-01 2.951889126503187133e-01 0.000000000000000000e+00
7.439833470644446889e-01 2.893326039197918198e-01 0.000000000000000000e+00
7.351775131860315282e-01 2.840963065996123804e-01 0.000000000000000000e+00
7.260268511952514547e-01 2.795231849017038028e-01 0.000000000000000000e+00
7.165692757464967588e-01 2.756434003055836524e-01 0.000000000000000000e+00
7.068477622430670015e-01 2.724719681268694682e-01 0.000000000000000000e+00
6.969087270220617469e-01 2.700077612368702029e-01 0.000000000000000000e+00
6.868002161715692777e-01 2.682337452936856548e-01 0.000000000000000000e+00
6.765700193319889033e-01 2.671184038340853606e-01 0.000000000000000000e+00
6.662638295919484088e-01 2.666181922085885114e-01 0.000000000000000000e+00
6.559235660847870797e-01 2.666807595835893330e-01 0.000000000000000000e+00
6.455859625606560348e-01 2.672486086526012494e-01 0.000000000000000000e+00
6.352815042150335989e-01 2.682628303091976196e-01 0.000000000000000000e+00
6.250337681818370905e-01 2.696665580609229895e-01 0.000000000000000000e+00
6.148591925978422745e-01 2.714078325987035467e-01 0.000000000000000000e+00
6.047672675323356728e-01 2.734416446211674900e-01 0.000000000000000000e+00
5.947611109196631052e-01 2.757310241997109612e-01 0.000000000000000000e+00
5.848383663307256120e-01 2.782471557710076704e-01 0.000000000000000000e+00
5.749923389982697364e-01 2.809686064343335787e-01 0.000000000000000000e+00
5.652132734557033800e-01 2.838798493369436571e-01 0.000000000000000000e+00
5.554896712877035458e-01 2.869693332284083409e-01 0.000000000000000000e+00
5.458095509339212503e-01 2.902273865360610050e-01 0.000000000000000000e+00
5.361615626344519159e-01 2.936442462216670712e-01 0.000000000000000000e+00
5.265358892147358194e-01 2.972084690822942021e-01 0.000000000000000000e+00
5.169248857176664824e-01 3.009059209302928917e-01 0.000000000000000000e+00
5.073234357921705406e-01 3.047194554737315819e-01 0.000000000000000000e+00
4.977290279785110405e-01 3.086293003078675601e-01 0.000000000000000000e+00
4.881415783837945721e-01 3.126140738640484362e-01 0.000000000000000000e+00
4.785630457618434419e-01 3.166522757520466302e-01 0.000000000000000000e+00
4.689968991677952448e-01 3.207240333135608634e-01 0.000000000000000000e+00
4.594475061684193951e-01 3.248128562311500267e-01 0.000000000000000000e+00
4.499195106977629810e-01 3.289071520023243433e-01 0.000000000000000000e+00
4.404172643365962814e-01 3.330012873867139733e-01 0.000000000000000000e+00
4.309443639373145563e-01 3.370960401829327102e-01 0.000000000000000000e+00
4.215033334776576712e-01 3.411983643031141211e-01 0.000000000000000000e+00
4.120954705143224928e-01 3.453204792381528443e-01 0.000000000000000000e+00
4.027208594954347909e-01 3.494783817378507296e-01 0.000000000000000000e+00
3.933785373303709254e-01 3.536899522172504695e-01 0.000000000000000000e+00
3.840667826520420269e-01 3.579728819229994752e-01 0.000000000000000000e+00
3.747834904204590534e-01 3.623426727394091773e-01 0.000000000000000000e+00
3.655265887015470838e-01 3.668109565379045200e-01 0.000000000000000000e+00
3.562944548512569920e-01 3.713843457498801071e-01 0.000000000000000000e+00
3.470862936145955868e-01 3.760639655721664254e-01 0.000000000000000000e+00
3.379024489640988782e-01 3.808457382007216507e-01 0.000000000000000000e+00
3.287446335827410859e-01 3.857214002528657204e-01 0.000000000000000000e+00
3.196160731929982846e-01 3.906801466757880981e-01 0.000000000000000000e+00
3.105215757880457339e-01 3.957107183548990159e-01 0.000000000000000000e+00
3.014675466456922526e-01 4.008036953163680582e-01 0.000000000000000000e+00
2.924619774581344034e-01 4.059537293777802924e-01 0.000000000000000000e+00
2.835144410404654702e-01 4.111614526272621695e-01 0.000000000000000000e+00
2.746361214362200709e-01 4.164348309002617876e-01 0.000000000000000000e+00
2.658399029197704988e-01 4.217897906380487782e-01 0.000000000000000000e+00
2.571405310525378130e-01 4.272500262608135424e-01 0.000000000000000000e+00
2.485548457181916138e-01 4.328459843556471953e-01 0.000000000000000000e+00
2.401020714480623375e-01 4.386131103137552167e-01 0.000000000000000000e+00
2.318041360734582057e-01 4.445895223738372537e-01 0.000000000000000000e+00
2.236859765612579931e-01 4.508133384247610120e-01 0.000000000000000000e+00
2.157757824018197990e-01 4.573199157670664872e-01 0.000000000000000000e+00
2.081051233899133546e-01 4.641392697445637650e-01 0.000000000000000000e+00
2.007089108571725733e-01 4.712939135680398461e-01 0.000000000000000000e+00
1.936251495867221395e-01 4.787973119876116623e-01 0.000000000000000000e+00
1.868944513541728192e-01 4.866530719165317320e-01 0.000000000000000000e+00
1.805592992801408059e-01 4.948549120461672168e-01 0.000000000000000000e+00
1.746630734154050735e-01 5.033873704679673322e-01 0.000000000000000000e+00
1.692488702972415326e-01 5.122271339061427176e-01 0.000000000000000000e+00
1.643581704993297421e-01 5.213448128293854955e-01 0.000000000000000000e+00
1.600294263359133828e-01 5.307069498252832140e-01 0.000000000000000000e+00
1.562966549741566236e-01 5.402780377516660515e-01 0.000000000000000000e+00
1.531881287635571409e-01 5.500223397086516641e-01 0.000000000000000000e+00
1.507252536788375452e-01 5.599053420226505207e-01 0.000000000000000000e+00
1.489217181345651730e-01 5.698947286504443266e-01 0.000000000000000000e+00
1.477829785211406677e-01 5.799608331065235767e-01 0.000000000000000000e+00
1.473061257763300380e-01 5.900765935181835342e-01 0.000000000000000000e+00
1.474801508833083474e-01 6.002170990464728018e-01 0.000000000000000000e+00
1.482865985582066670e-01 6.103588640645799535e-01 0.000000000000000000e+00
1.497005699873354134e-01 6.204789945266632190e-01 0.000000000000000000e+00
1.516920097500405462e-01 6.305544159019312866e-01 0.000000000000000000e+00
1.542271912660506672e-01 6.405613138773148529e-01 0.000000000000000000e+00
1.572703010681056335e-01 6.504749006667784883e-01 0.000000000000000000e+00
1.607850161630811348e-01 6.602695666543006991e-01 0.000000000000000000e+00
1.647359712394297071e-01 6.699194165037168913e-01 0.000000000000000000e+00
1.690900232748228926e-01 6.793991289355139074e-01 0.000000000000000000e+00
1.738172392215876216e-01 6.886850280855771889e-01 0.000000000000000000e+00
1.788915562717064145e-01 6.977562185437159448e-01 0.000000000000000000e+00
1.842910915988616449e-01 7.065956206128777284e-01 0.000000000000000000e+00
1.899981070106867564e-01 7.151907491949609508e-01 0.000000000000000000e+00
1.959986611129521106e-01 7.235341082553347070e-01 0.000000000000000000e+00
2.022820050397772240e-01 7.316231194948978889e-01 0.000000000000000000e+00
2.088397955661615568e-01 7.394595627503374180e-01 0.000000000000000000e+00
2.156652100721549725e-01 7.470485692124573252e-01 0.000000000000000000e+00
2.227520506333918737e-01 7.543972685866169314e-01 0.000000000000000000e+00
2.300939194715999059e-01 7.615132399671339369e-01 0.000000000000000000e+00
2.376835358396422460e-01 7.684029469636829424e-01 0.000000000000000000e+00
2.455122465124681408e-01 7.750703461942458627e-01 0.000000000000000000e+00
2.535697602842030274e-01 7.815158430881549156e-01 0.000000000000000000e+00
2.618441134212890486e-01 7.877357314407150701e-01 0.000000000000000000e+00
2.703218501766992410e-01 7.937221975739814361e-01 0.000000000000000000e+00
2.789883823884881653e-01 7.994639028650164514e-01 0.000000000000000000e+00
2.878284766915596982e-01 8.049470879227007547e-01 0.000000000000000000e+00
2.968268082853701695e-01 8.101570764976372407e-01 0.000000000000000000e+00
3.059685172222447180e-01 8.150800054514434345e-01 0.000000000000000000e+00
3.152397068363885224e-01 8.197045754158884812e-01 0.000000000000000000e+00
3.246278335873659660e-01 8.240236093961630370e-01 0.000000000000000000e+00
3.341219520279827271e-01 8.280352248525691961e-01 0.000000000000000000e+00
3.437127961648965835e-01 8.317434669453078744e-01 0.000000000000000000e+00
3.533926972344476058e-01 8.351583119190089111e-01 0.000000000000000000e+00
3.631553558749751609e-01 8.382950229063658165e-01 0.000000000000000000e+00
3.729955019884319545e-01 8.411729170513209120e-01 0.000000000000000000e+00
3.829084867218092159e-01 8.438136735777195252e-01 0.000000000000000000e+00
3.928898569104561922e-01 8.462393686383735680e-01 0.000000000000000000e+00
4.029349625306262728e-01 8.484704574988580772e-01 0.000000000000000000e+00
4.130386423365613457e-01 8.505239333801792867e-01 0.000000000000000000e+00
4.231950226203739507e-01 8.524118737276186186e-01 0.000000000000000000e+00
4.333974501403560220e-01 8.541405406972746306e-01 0.000000000000000000e+00
4.436385642861173650e-01 8.557101382554984648e-01 0.000000000000000000e+00
4.539104972486865397e-01 8.571152509885202608e-01 0.000000000000000000e+00
4.642051761046175895e-01 8.583459086788282066e-01 0.000000000000000000e+00
4.745146888870755975e-01 8.593891456315065902e-01 0.000000000000000000e+00
4.848316691399763845e-01 8.602308637238181843e-01 0.000000000000000000e+00
4.951496508994769341e-01 8.608577705830153803e-01 0.000000000000000000e+00
5.054633487424956551e-01 8.612591539236957860e-01 0.000000000000000000e+00
5.157688251470189389e-01 8.614282714246573880e-01 0.000000000000000000e+00
5.260635190701000719e-01 8.613631806812419578e-01 0.000000000000000000e+00
5.363461240935905039e-01 8.610669005701595546e-01 0.000000000000000000e+00
5.466163201620913847e-01 8.605468759881657048e-01 0.000000000000000000e+00
5.568743781773246582e-01 8.598138028070505534e-01 0.000000000000000000e+00
5.671206699178787947e-01 8.588799488468976673e-01 0.000000000000000000e+00
5.773551255559811191e-01 8.577571701359945067e-01 0.000000000000000000e+00
5.875766864513428667e-01 8.564548618920095890e-01 0.000000000000000000e+00
5.977828013995474254e-01 8.549780954399169852e-01 0.000000000000000000e+00
6.079690101072181552e-01 8.533261739541163626e-01 0.000000000000000000e+00
6.181286488849975225e-01 8.514917933561512164e-01 0.000000000000000000e+00
6.282527013759072743e-01 8.494609252124352139e-01 0.000000000000000000e+00
6.383298029023899423e-01 8.472134541715161671e-01 0.000000000000000000e+00
6.483463922544627778e-01 8.447245133415299811e-01 0.000000000000000000e+00
6.582869910252072687e-01 8.419663777106082270e-01 0.000000000000000000e+00
6.681345793687007983e-01 8.389107083463135384e-01 0.000000000000000000e+00
6.778710294658187863e-01 8.355308969603831848e-01 0.000000000000000000e+00
6.874775547856077917e-01 8.318042469561394148e-01 0.000000000000000000e+00
6.969351346908875255e-01 8.277137452397618222e-01 0.000000000000000000e+00
7.062248798134078687e-01 8.232492270355982189e-01 0.000000000000000000e+00
7.153283131921250870e-01 8.184078082462751258e-01 0.000000000000000000e+00
7.242275543026222007e-01 8.131935480800410732e-01 0.000000000000000000e+00
7.329054064024912440e-01 8.076163982399222618e-01 0.000000000000000000e+00
7.413453605465190055e-01 8.016905826435766214e-01 0.000000000000000000e+00
7.495315406965514793e-01 7.954326226773716924e-01 0.000000000000000000e+00
7.574486222755045794e-01 7.888592684848193537e-01 0.000000000000000000e+00
7.650817603475140727e-01 7.819856107879763485e-01 0.000000000000000000e+00
7.724165628488290913e-01 7.748236279784879166e-01 0.000000000000000000e+00
7.794391389544809146e-01 7.673813714580319800e-01 0.000000000000000000e+00
7.861362432618290708e-01 7.596629141042762212e-01 0.000000000000000000e+00
7.924955239819314601e-01 7.516690912104968536e-01 0.000000000000000000e+00
7.985058690929017766e-01 7.433989614846413518e-01 0.000000000000000000e+00
8.041578299888906267e-01 7.348518198632509879e-01 0.000000000000000000e+00
8.094440891770108282e-01 7.260295157134197819e-01 0.000000000000000000e+00
8.143599285438651858e-01 7.169387793316357449e-01 0.000000000000000000e+00
8.189036488710966788e-01 7.075932433248272035e-01 0.000000000000000000e+00
8.230768904535563646e-01 6.980148663909676587e-01 0.000000000000000000e+00
8.268848091870271144e-01 6.882345237947542493e-01 0.000000000000000000e+00
8.303360721175182535e-01 6.782916158084696390e-01 0.000000000000000000e+00
8.334426504142794512e-01 6.682326532500613148e-01 0.000000000000000000e+00
8.362194048041959871e-01 6.581088960480528938e-01 0.000000000000000000e+00
8.386834770890045920e-01 6.479732332417263985e-01 0.000000000000000000e+00
8.408535196579002280e-01 6.378765879394958649e-01 0.000000000000000000e+00
8.427488110789039810e-01 6.278641971813579969e-01 0.000000000000000000e+00
8.443883182310226720e-01 6.179721461070497579e-01 0.000000000000000000e+00
8.457897726802184879e-01 6.082245240955037602e-01 0.000000000000000000e+00
8.469688302272396774e-01 5.986315179874834858e-01 0.000000000000000000e+00
8.479383774506510374e-01 5.891886691310419533e-01 0.000000000000000000e+00
8.487080379279900999e-01 5.798774059202076447e-01 0.000000000000000000e+00
8.492839145284608593e-01 5.706668339944659385e-01 0.000000000000000000e+00
8.498613391973950382e-01 5.523808199237375538e-01 0.000000000000000000e+00
