3.177760839221584477e-01 0.000000000000000000e+00 -2.847017600478735644e-01
3.150566314001762569e-01 0.000000000000000000e+00 -2.921906618091971719e-01
3.113314707774327283e-01 0.000000000000000000e+00 -2.995324395809715323e-01
3.066848900131440292e-01 0.000000000000000000e+00 -3.066748548437293054e-01
3.012146912095086115e-01 0.000000000000000000e+00 -3.135713501239328349e-01
2.950273958814798037e-01 0.000000000000000000e+00 -3.201822108975446168e-01
2.882332621793378680e-01 0.000000000000000000e+00 -3.264755139770871284e-01
2.809414236540199172e-01 0.000000000000000000e+00 -3.324278260872122193e-01
2.732554398312290189e-01 0.000000000000000000e+00 -3.380246205924751224e-01
2.652695094819026433e-01 0.000000000000000000e+00 -3.432603868893042698e-01
2.570655414819564277e-01 0.000000000000000000e+00 -3.481384161991150084e-01
2.487112101884352833e-01 0.000000000000000000e+00 -3.526702594869113305e-01
2.402590477840788608e-01 0.000000000000000000e+00 -3.568748677010419867e-01
2.317465508865497181e-01 0.000000000000000000e+00 -3.607774408219336926e-01
2.231972086064650529e-01 0.000000000000000000e+00 -3.644080293003434945e-01
2.146222993355911823e-01 0.000000000000000000e+00 -3.677999480558533096e-01
2.060232580607574693e-01 0.000000000000000000e+00 -3.709880778233168863e-01
1.973943878667495377e-01 0.000000000000000000e+00 -3.740071397857916979e-01
1.887256799758560699e-01 0.000000000000000000e+00 -3.768900357621576824e-01
1.800055160858974601e-01 0.000000000000000000e+00 -3.796663466674496945e-01
1.712230533275571898e-01 0.000000000000000000e+00 -3.823610759101082057e-01
1.623701329572044272e-01 0.000000000000000000e+00 -3.849937117466675218e-01
1.534426049802048164e-01 0.000000000000000000e+00 -3.875776638859098067e-01
1.444410176227909071e-01 0.000000000000000000e+00 -3.901201059139359772e-01
1.353706780178394742e-01 0.000000000000000000e+00 -3.926222280156789757e-01
1.262411438579095213e-01 0.000000000000000000e+00 -3.950798760179513036e-01
1.170652508446417689e-01 0.000000000000000000e+00 -3.974845252322346534e-01
1.078578141427091880e-01 0.000000000000000000e+00 -3.998245132286602499e-01
9.863416146768451409e-02 0.000000000000000000e+00 -4.020864366488370312e-01
8.940865991469378049e-02 0.000000000000000000e+00 -4.042566052086011275e-01
8.019338849746947273e-02 0.000000000000000000e+00 -4.063224423410529695e-01
7.099708518538214164e-02 0.000000000000000000e+00 -4.082737269878478070e-01
6.182446363265496625e-02 0.000000000000000000e+00 -4.101035846091624637e-01
5.267595422312332243e-02 0.000000000000000000e+00 -4.118091565404976562e-01
4.354788041587921016e-02 0.000000000000000000e+00 -4.133919036835421168e-01
3.443303870369703035e-02 0.000000000000000000e+00 -4.148575309387796950e-01
2.532161258555288771e-02 0.000000000000000000e+00 -4.162155501771900301e-01
1.620232104785900712e-02 0.000000000000000000e+00 -4.174785291943450827e-01
7.063682564034601090e-03 0.000000000000000000e+00 -4.186610994066408131e-01
-2.104732032944376611e-03 0.000000000000000000e+00 -4.197788138183051743e-01
-1.131117996950061280e-02 0.000000000000000000e+00 -4.208469573690780674e-01
-2.056086658013069404e-02 0.000000000000000000e+00 -4.218794132625053317e-01
-2.985538593737633445e-02 0.000000000000000000e+00 -4.228876811978103389e-01
-3.919253066102496019e-02 0.000000000000000000e+00 -4.238801273498037925e-01
-4.856648333361766878e-02 0.000000000000000000e+00 -4.248615230018519817e-01
-5.796836537334904005e-02 0.000000000000000000e+00 -4.258329011111607887e-01
-6.738708559923872743e-02 0.000000000000000000e+00 -4.267917303792874151e-01
-7.681040308727719867e-02 0.000000000000000000e+00 -4.277323774045222460e-01
-8.622609967588806823e-02 0.000000000000000000e+00 -4.286468019164288989e-01
-9.562314824521238321e-02 0.000000000000000000e+00 -4.295254103053953165e-01
-1.049927643478909545e-01 0.000000000000000000e+00 -4.303579804610971893e-01
-1.143292406184641258e-01 0.000000000000000000e+00 -4.311345673787200794e-01
-1.236304844172576994e-01 0.000000000000000000e+00 -4.318463042886762082e-01
-1.328982073542219755e-01 0.000000000000000000e+00 -4.324860275543706556e-01
-1.421377480606835497e-01 0.000000000000000000e+00 -4.330486737995623558e-01
-1.513575438358472358e-01 0.000000000000000000e+00 -4.335314225487127970e-01
-1.605682994931950380e-01 0.000000000000000000e+00 -4.339335845178276529e-01
-1.697819299437637597e-01 0.000000000000000000e+00 -4.342562618142536413e-01
-1.790103742754669269e-01 0.000000000000000000e+00 -4.345018290109384784e-01
-1.882643914503887572e-01 0.000000000000000000e+00 -4.346733010290216304e-01
-1.975524501618056705e-01 0.000000000000000000e+00 -4.347736632614154217e-01
-2.068798176554987878e-01 0.000000000000000000e+00 -4.348052404427523721e-01
-2.162479350893303787e-01 0.000000000000000000e+00 -4.347691733397884284e-01
-2.256541417564905116e-01 0.000000000000000000e+00 -4.346650572182698680e-01
-2.350917793858727789e-01 0.000000000000000000e+00 -4.344907748756541843e-01
-2.445506734043519925e-01 0.000000000000000000e+00 -4.342425321147364015e-01
-2.540179534143843787e-01 0.000000000000000000e+00 -4.339150776059746972e-01
-2.634791431447123800e-01 0.000000000000000000e+00 -4.335020650383476504e-01
-2.729194234937142305e-01 0.000000000000000000e+00 -4.329964960415872977e-01
-2.823249532893218339e-01 0.000000000000000000e+00 -4.323911698981186547e-01
-2.916841227042608620e-01 0.000000000000000000e+00 -4.316790621902404923e-01
-3.009886148121822536e-01 0.000000000000000000e+00 -4.308535600152491041e-01
-3.102341616566106075e-01 0.000000000000000000e+00 -4.299084960408369183e-01
-3.194209017214246216e-01 0.000000000000000000e+00 -4.288379462731458092e-01
-3.285532743738269201e-01 0.000000000000000000e+00 -4.276357848842665121e-01
-3.376394215957212452e-01 0.000000000000000000e+00 -4.262950209978070837e-01
-3.466901055513501584e-01 0.000000000000000000e+00 -4.248069737124193779e-01
-3.557171894069089957e-01 0.000000000000000000e+00 -4.231603694677334992e-01
-3.647317654101995266e-01 0.000000000000000000e+00 -4.213404669370183209e-01
-3.737420457989932276e-01 0.000000000000000000e+00 -4.193283263036910458e-01
-3.827511562350154883e-01 0.000000000000000000e+00 -4.171003401940221456e-01
-3.917549862824645790e-01 0.000000000000000000e+00 -4.146281318732946697e-01
-4.007402557487305117e-01 0.000000000000000000e+00 -4.118789028952595244e-01
-4.096829490017410702e-01 0.000000000000000000e+00 -4.088162787189219549e-01
-4.185472519607069675e-01 0.000000000000000000e+00 -4.054016594358936798e-01
-4.272850993533023889e-01 0.000000000000000000e+00 -4.015960371161679809e-01
-4.358364047359509774e-01 0.000000000000000000e+00 -3.973621953862864209e-01
-4.441300049238292580e-01 0.000000000000000000e+00 -3.926671649277304610e-01
-4.520853065041589569e-01 0.000000000000000000e+00 -3.874847746842408625e-01
-4.596145778555831285e-01 0.000000000000000000e+00 -3.817981162034651543e-01
-4.666257884393990030e-01 0.000000000000000000e+00 -3.756017303256225515e-01
-4.730258607759106892e-01 0.000000000000000000e+00 -3.689033328198775274e-01
-4.787241718472319829e-01 0.000000000000000000e+00 -3.617249186724737497e-01
-4.836361215675628600e-01 0.000000000000000000e+00 -3.541031222757284325e-01
-4.876865777214284825e-01 0.000000000000000000e+00 -3.460887601642428368e-01
-4.908130099957815351e-01 0.000000000000000000e+00 -3.377455404827792163e-01
-4.929681403114096194e-01 0.000000000000000000e+00 -3.291479845157556650e-01
-4.941219617712676038e-01 0.000000000000000000e+00 -3.203786653862855660e-01
-4.942630127087189740e-01 0.000000000000000000e+00 -3.115249224545831863e-01
-4.933988334913215201e-01 0.000000000000000000e+00 -3.026752524464851879e-01
-4.915555794291276426e-01 0.000000000000000000e+00 -2.939156061888300586e-01
-4.887768105755968540e-01 0.000000000000000000e+00 -2.853258304563367487e-01
-4.851215255011617211e-01 0.000000000000000000e+00 -2.769764866932413749e-01
-4.806615484313536690e-01 0.000000000000000000e+00 -2.689262526425360567e-01
-4.754784148758773310e-01 0.000000000000000000e+00 -2.612200710935392300e-01
-4.696599278332320160e-01 0.000000000000000000e+00 -2.538881553111008160e-01
-4.632965731767666462e-01 0.000000000000000000e+00 -2.469458976025625807e-01
-4.564779878986149342e-01 0.000000000000000000e+00 -2.403946610080842650e-01
-4.492896682104900452e-01 0.000000000000000000e+00 -2.342233696586647762e-01
-4.418100865200548788e-01 0.000000000000000000e+00 -2.284107561602223002e-01
-4.341083581856743367e-01 0.000000000000000000e+00 -2.229280790416198199e-01
-4.262425625228786763e-01 0.000000000000000000e+00 -2.177420934474135761e-01
-4.182587801591274856e-01 0.000000000000000000e+00 -2.128180461402818524e-01
-4.101908632718014869e-01 0.000000000000000000e+00 -2.081224722696501384e-01
-4.020609094783415549e-01 0.000000000000000000e+00 -2.036255954574626992e-01
-3.938803671801415218e-01 0.000000000000000000e+00 -1.993031722534529537e-01
-3.856516628165079230e-01 0.000000000000000000e+00 -1.951376733432021449e-01
-3.773702112114105667e-01 0.000000000000000000e+00 -1.911187525151248623e-01
-3.690266508967234849e-01 0.000000000000000000e+00 -1.872430152132229519e-01
-3.606091381886992187e-01 0.000000000000000000e+00 -1.835131563201578275e-01
-3.521055373178655912e-01 0.000000000000000000e+00 -1.799365867774549710e-01
-3.435053586853450969e-01 0.000000000000000000e+00 -1.765237066723476245e-01
-3.348013221580442011e-01 0.000000000000000000e+00 -1.732860055355877338e-01
-3.259904553132987326e-01 0.000000000000000000e+00 -1.702341771933954806e-01
-3.170746751985519252e-01 0.000000000000000000e+00 -1.673764264722024109e-01
-3.080608435660376343e-01 0.000000000000000000e+00 -1.647171197071542192e-01
-2.989603265562604251e-01 0.000000000000000000e+00 -1.622558930182453618e-01
-2.897881273477307951e-01 0.000000000000000000e+00 -1.599872854182109172e-01
-2.805616915399036793e-01 0.000000000000000000e+00 -1.579009124415585441e-01
-2.712995076527134897e-01 0.000000000000000000e+00 -1.559821448721540327e-01
-2.620196374417251839e-01 0.000000000000000000e+00 -1.542132109040232901e-01
-2.527383118831388331e-01 0.000000000000000000e+00 -1.525746027589585663e-01
-2.434687187019869137e-01 0.000000000000000000e+00 -1.510466435668206264e-01
-2.342200871147313290e-01 0.000000000000000000e+00 -1.496110591820101754e-01
-2.249971467748720644e-01 0.000000000000000000e+00 -1.482524032263728420e-01
-2.158000031811371233e-01 0.000000000000000000e+00 -1.469592013162867306e-01
-2.066244339680063380e-01 0.000000000000000000e+00 -1.457247101794426625e-01
-1.974625727489072169e-01 0.000000000000000000e+00 -1.445472261578299444e-01
-1.883039127277919000e-01 0.000000000000000000e+00 -1.434299216234988517e-01
-1.791365340752825996e-01 0.000000000000000000e+00 -1.423802328960115104e-01
-1.699484395074097320e-01 0.000000000000000000e+00 -1.414088651309246825e-01
-1.607288733092090971e-01 0.000000000000000000e+00 -1.405285145143631842e-01
-1.514695010340829096e-01 0.000000000000000000e+00 -1.397524328449998854e-01
-1.421653401441612674e-01 0.000000000000000000e+00 -1.390929721082105053e-01
-1.328153548361967473e-01 0.000000000000000000e+00 -1.385602460216255327e-01
-1.234226592404828876e-01 0.000000000000000000e+00 -1.381610320714969364e-01
-1.139943093838109434e-01 0.000000000000000000e+00 -1.378980127684812096e-01
-1.045407025711764248e-01 0.000000000000000000e+00 -1.377694212597767032e-01
-9.507463973914898059e-02 0.000000000000000000e+00 -1.377691173450683315e-01
-8.561013851292191557e-02 0.000000000000000000e+00 -1.378870791111401484e-01
-7.616110917451714146e-02 0.000000000000000000e+00 -1.381102566733538317e-01
-6.674002017703063727e-02 0.000000000000000000e+00 -1.384237014751148742e-01
-5.735668273531935313e-02 0.000000000000000000e+00 -1.388118602387891365e-01
-4.801727491348373178e-02 0.000000000000000000e+00 -1.392599091119767762e-01
-3.872370511398341014e-02 0.000000000000000000e+00 -1.397550018968138075e-01
-2.947338459628216778e-02 0.000000000000000000e+00 -1.402873164468124989e-01
-2.025944117940198935e-02 0.000000000000000000e+00 -1.408508042241387037e-01
-1.107136489073973044e-02 0.000000000000000000e+00 -1.414435775133127682e-01
-1.896034728026663261e-03 0.000000000000000000e+00 -1.420679040071591015e-01
7.280962267192130598e-03 0.000000000000000000e+00 -1.427298160590202425e-01
1.647383916225659758e-02 0.000000000000000000e+00 -1.434383783126682577e-01
2.569508450203367850e-02 0.000000000000000000e+00 -1.442046893263366492e-01
3.495405284209521929e-02 0.000000000000000000e+00 -1.450407173216680667e-01
4.425581271505477782e-02 0.000000000000000000e+00 -1.459580851630865039e-01
5.360037503105084811e-02 0.000000000000000000e+00 -1.469669238711543702e-01
6.298239333643608495e-02 0.000000000000000000e+00 -1.480749071643540360e-01
7.239138589707821980e-02 0.000000000000000000e+00 -1.492865624830181925e-01
8.181248163215526503e-02 0.000000000000000000e+00 -1.506029283652234596e-01
9.122764159680907259e-02 0.000000000000000000e+00 -1.520215963436626905e-01
1.006172594510175294e-01 0.000000000000000000e+00 -1.535371406406670913e-01
1.099620025874446239e-01 0.000000000000000000e+00 -1.551419040030477259e-01
1.192447243391625278e-01 0.000000000000000000e+00 -1.568270761176554229e-01
1.284522601871185832e-01 0.000000000000000000e+00 -1.585839749159213552e-01
1.375769192897744464e-01 0.000000000000000000e+00 -1.604054228636473955e-01
1.466174978095853842e-01 0.000000000000000000e+00 -1.622871014372322118e-01
1.555796718380432209e-01 0.000000000000000000e+00 -1.642287679491170049e-01
1.644756732323611192e-01 0.000000000000000000e+00 -1.662352293683923010e-01
1.733232080935085684e-01 0.000000000000000000e+00 -1.683169866395338166e-01
1.821436406106748118e-01 0.000000000000000000e+00 -1.704904884072647175e-01
1.909595295339552579e-01 0.000000000000000000e+00 -1.727779626954236425e-01
1.997916652725297282e-01 0.000000000000000000e+00 -1.752068263896139622e-01
2.086558073434335303e-01 0.000000000000000000e+00 -1.778087027457414815e-01
2.175593599864400485e-01 0.000000000000000000e+00 -1.806181042102895096e-01
2.264982445622454044e-01 0.000000000000000000e+00 -1.836708596267462856e-01
2.354542285198075457e-01 0.000000000000000000e+00 -1.870023800128703395e-01
2.443929514432901517e-01 0.000000000000000000e+00 -1.906458647757846292e-01
2.532628497946139423e-01 0.000000000000000000e+00 -1.946305504133648279e-01
2.619951258841047292e-01 0.000000000000000000e+00 -1.989800969929869101e-01
2.705048371994485668e-01 0.000000000000000000e+00 -2.037111950993646947e-01
2.786931045263647544e-01 0.000000000000000000e+00 -2.088324589895405869e-01
2.864503570954611833e-01 0.000000000000000000e+00 -2.143436520912630205e-01
2.936604563946638713e-01 0.000000000000000000e+00 -2.202352704751340540e-01
3.002054732288761407e-01 0.000000000000000000e+00 -2.264884901328944600e-01
3.059708403712551039e-01 0.000000000000000000e+00 -2.330754661408287465e-01
3.108505699364648711e-01 0.000000000000000000e+00 -2.399599570381827363e-01
3.147522131918614741e-01 0.000000000000000000e+00 -2.470982365353716903e-01
3.176012520245815596e-01 0.000000000000000000e+00 -2.544402470841972685e-01
3.193446450578742990e-01 0.000000000000000000e+00 -2.619309456074590536e-01
3.199533050971364867e-01 0.000000000000000000e+00 -2.695117902180527714e-01
3.177760839221584477e-01 0.000000000000000000e+00 -2.847017600478735644e-01
