-2.758147869683411813e+01 -5.065814217800950132e+02 0.000000000000000000e+00
-2.688549870244001383e+01 -5.193790442251505510e+02 0.000000000000000000e+00
-2.625722516771380910e+01 -5.325312150738147920e+02 0.000000000000000000e+00
-2.563119853380163704e+01 -5.461860081409887471e+02 0.000000000000000000e+00
-2.499423725167937249e+01 -5.604139034702300251e+02 0.000000000000000000e+00
-2.437926421007320599e+01 -5.751987695128570977e+02 0.000000000000000000e+00
-2.385279617287081777e+01 -5.904464699307570754e+02 0.000000000000000000e+00
-2.349851867576514763e+01 -6.060081851058859002e+02 0.000000000000000000e+00
-2.339998196610607550e+01 -6.217125968089319485e+02 0.000000000000000000e+00
-2.362549843034667063e+01 -6.373995554674730784e+02 0.000000000000000000e+00
-2.421779728889005057e+01 -6.529480128874287175e+02 0.000000000000000000e+00
-2.519000802189825095e+01 -6.682927446243960503e+02 0.000000000000000000e+00
-2.652829819755074325e+01 -6.834272360227347463e+02 0.000000000000000000e+00
-2.820022988373353812e+01 -6.983933608886849242e+02 0.000000000000000000e+00
-3.016686499367075669e+01 -7.132613767318565579e+02 0.000000000000000000e+00
-3.239603583108088003e+01 -7.281056498036027733e+02 0.000000000000000000e+00
-3.487410604762938959e+01 -7.429820274691229542e+02 0.000000000000000000e+00
-3.761397515762667609e+01 -7.579118605955723069e+02 0.000000000000000000e+00
-4.065791929309517627e+01 -7.728756492948866708e+02 0.000000000000000000e+00
-4.407492656610188675e+01 -7.878166977712922971e+02 0.000000000000000000e+00
-4.795325441061704907e+01 -8.026526811923248488e+02 0.000000000000000000e+00
-5.238979563750906721e+01 -8.172912536260940897e+02 0.000000000000000000e+00
-5.747833011395466229e+01 -8.316451611052514181e+02 0.000000000000000000e+00
-6.329878463478031136e+01 -8.456428730378928549e+02 0.000000000000000000e+00
-6.990924537834531804e+01 -8.592323042095271148e+02 0.000000000000000000e+00
-7.734177302117718966e+01 -8.723773169819347686e+02 0.000000000000000000e+00
-8.560222758019986600e+01 -8.850487921166387650e+02 0.000000000000000000e+00
-9.467350669097719162e+01 -8.972135844220039189e+02 0.000000000000000000e+00
-1.045210048388182997e+02 -9.088252475784768194e+02 0.000000000000000000e+00
-1.150988234837892321e+02 -9.198198912413212156e+02 0.000000000000000000e+00
-1.263553370708611965e+02 -9.301190791458990361e+02 0.000000000000000000e+00
-1.382371008909918544e+02 -9.396396861639350391e+02 0.000000000000000000e+00
-1.506906610769418648e+02 -9.483086364571151989e+02 0.000000000000000000e+00
-1.636624451469147914e+02 -9.560789719042567185e+02 0.000000000000000000e+00
-1.770974229559619175e+02 -9.629431389461473145e+02 0.000000000000000000e+00
-1.909375158879404921e+02 -9.689398850426321133e+02 0.000000000000000000e+00
-2.051207390534323451e+02 -9.741526013508672577e+02 0.000000000000000000e+00
-2.195817997000493449e+02 -9.786989733842405030e+02 0.000000000000000000e+00
-2.342544219171083455e+02 -9.827138964477653644e+02 0.000000000000000000e+00
-2.490751438263280590e+02 -9.863292506180248438e+02 0.000000000000000000e+00
-2.639878733817216698e+02 -9.896549002659666030e+02 0.000000000000000000e+00
-2.789482086016819835e+02 -9.927649941613354940e+02 0.000000000000000000e+00
-2.939264976370633917e+02 -9.956923687053540561e+02 0.000000000000000000e+00
-3.089088420430967972e+02 -9.984319190477754091e+02 0.000000000000000000e+00
-3.238956788959381470e+02 -1.000951684381387054e+03 0.000000000000000000e+00
-3.388981110660790819e+02 -1.003208618950708569e+03 0.000000000000000000e+00
-3.539326632327719722e+02 -1.005165022509434607e+03 0.000000000000000000e+00
-3.690155035548224873e+02 -1.006801617371478187e+03 0.000000000000000000e+00
-3.841573012676623193e+02 -1.008124262226389533e+03 0.000000000000000000e+00
-3.993597571601458185e+02 -1.009163016120973907e+03 0.000000000000000000e+00
-4.146144765124198557e+02 -1.009964262637314846e+03 0.000000000000000000e+00
-4.299043362613792283e+02 -1.010578364676967226e+03 0.000000000000000000e+00
-4.452069478170199659e+02 -1.011046401377015286e+03 0.000000000000000000e+00
-4.604993589261948728e+02 -1.011389675731404282e+03 0.000000000000000000e+00
-4.757628753883493005e+02 -1.011604853482349654e+03 0.000000000000000000e+00
-4.909868742995756747e+02 -1.011666026932341424e+03 0.000000000000000000e+00
-5.061707249679363372e+02 -1.011533105347963897e+03 0.000000000000000000e+00
-5.213233744552973121e+02 -1.011164211276306901e+03 0.000000000000000000e+00
-5.364606907651814254e+02 -1.010528657996867537e+03 0.000000000000000000e+00
-5.516011663713752569e+02 -1.009616885311241958e+03 0.000000000000000000e+00
-5.667609535244058634e+02 -1.008444492511036060e+03 0.000000000000000000e+00
-5.819493488240997294e+02 -1.007049034400671076e+03 0.000000000000000000e+00
-5.971657369106267197e+02 -1.005480146198126022e+03 0.000000000000000000e+00
-6.123986679220196265e+02 -1.003785345459083032e+03 0.000000000000000000e+00
-6.276272573142630335e+02 -1.001995060595087807e+03 0.000000000000000000e+00
-6.428245693606334044e+02 -1.000110738706659731e+03 0.000000000000000000e+00
-6.579621948996305036e+02 -9.980992006932353888e+02 0.000000000000000000e+00
-6.730149593996104613e+02 -9.958949012699966943e+02 0.000000000000000000e+00
-6.879646590423199086e+02 -9.934097902491005243e+02 0.000000000000000000e+00
-7.028019277210794371e+02 -9.905485524341603423e+02 0.000000000000000000e+00
-7.175257406685518617e+02 -9.872256142660452269e+02 0.000000000000000000e+00
-7.321405723960060641e+02 -9.833798043283375137e+02 0.000000000000000000e+00
-7.466517366223979479e+02 -9.789830796567915741e+02 0.000000000000000000e+00
-7.610598345840074899e+02 -9.740411610769376693e+02 0.000000000000000000e+00
-7.753554415919563780e+02 -9.685859101128022530e+02 0.000000000000000000e+00
-7.895151289267037100e+02 -9.626613358241841070e+02 0.000000000000000000e+00
-8.034996589660224799e+02 -9.563067297884093705e+02 0.000000000000000000e+00
-8.172547633518814791e+02 -9.495411860739129679e+02 0.000000000000000000e+00
-8.307144088893059006e+02 -9.423534742336619274e+02 0.000000000000000000e+00
-8.438059796686427489e+02 -9.346999599577565050e+02 0.000000000000000000e+00
-8.564564538470413027e+02 -9.265113176265830361e+02 0.000000000000000000e+00
-8.685984978881263032e+02 -9.177066283642221833e+02 0.000000000000000000e+00
-8.801754656114607087e+02 -9.082116344645135086e+02 0.000000000000000000e+00
-8.911445532662792175e+02 -8.979768749640649048e+02 0.000000000000000000e+00
-9.014777633102730761e+02 -8.869914156818242645e+02 0.000000000000000000e+00
-9.111607803443802140e+02 -8.752889136050974912e+02 0.000000000000000000e+00
-9.201902672027895278e+02 -8.629445681136018038e+02 0.000000000000000000e+00
-9.285703650239424860e+02 -8.500636656024929607e+02 0.000000000000000000e+00
-9.363092756197399922e+02 -8.367643927937058379e+02 0.000000000000000000e+00
-9.434167049470920574e+02 -8.231588989805800338e+02 0.000000000000000000e+00
-9.499026816346704436e+02 -8.093369167130229016e+02 0.000000000000000000e+00
-9.557778970616506058e+02 -7.953555348894341250e+02 0.000000000000000000e+00
-9.610553260975200374e+02 -7.812371471232620479e+02 0.000000000000000000e+00
-9.657525650661737018e+02 -7.669755703141768208e+02 0.000000000000000000e+00
-9.698941349101066862e+02 -7.525483509071881372e+02 0.000000000000000000e+00
-9.735129823223263656e+02 -7.379318379202535425e+02 0.000000000000000000e+00
-9.766505719395480583e+02 -7.231150503392103701e+02 0.000000000000000000e+00
-9.793552636805741258e+02 -7.081088232775040296e+02 0.000000000000000000e+00
-9.816790468539204539e+02 -6.929480488469653210e+02 0.000000000000000000e+00
-9.836730769368290339e+02 -6.776866815633501346e+02 0.000000000000000000e+00
-9.853827528921043495e+02 -6.623870740322041684e+02 0.000000000000000000e+00
-9.868432202760005794e+02 -6.471066613322141166e+02 0.000000000000000000e+00
-9.880761551652020671e+02 -6.318856551008415181e+02 0.000000000000000000e+00
-9.890884787782472358e+02 -6.167390852304253031e+02 0.000000000000000000e+00
-9.898733103737623651e+02 -6.016553325042422102e+02 0.000000000000000000e+00
-9.904130519833232711e+02 -5.866015480746336834e+02 0.000000000000000000e+00
-9.906840930076258473e+02 -5.715345156798151720e+02 0.000000000000000000e+00
-9.906623051102467343e+02 -5.564140627468111688e+02 0.000000000000000000e+00
-9.903283314298927280e+02 -5.412154475120911457e+02 0.000000000000000000e+00
-9.896716936665993671e+02 -5.259374203677955393e+02 0.000000000000000000e+00
-9.886929455031336147e+02 -5.106038098900349382e+02 0.000000000000000000e+00
-9.874034550121635903e+02 -4.952582170281224307e+02 0.000000000000000000e+00
-9.858228371326642900e+02 -4.799532596663388517e+02 0.000000000000000000e+00
-9.839744980562077217e+02 -4.647373019628468569e+02 0.000000000000000000e+00
-9.818801130044577121e+02 -4.496423272989109705e+02 0.000000000000000000e+00
-9.795540682406684709e+02 -4.346763661287261016e+02 0.000000000000000000e+00
-9.769989156506833297e+02 -4.198227194978334182e+02 0.000000000000000000e+00
-9.742027081099686256e+02 -4.050464189313367456e+02 0.000000000000000000e+00
-9.711387378559248873e+02 -3.903063993093989552e+02 0.000000000000000000e+00
-9.677677519859163340e+02 -3.755702525903868718e+02 0.000000000000000000e+00
-9.640422532159794855e+02 -3.608276154699489098e+02 0.000000000000000000e+00
-9.599120991025862395e+02 -3.460984648534284247e+02 0.000000000000000000e+00
-9.553303657814029748e+02 -3.314338278484882494e+02 0.000000000000000000e+00
-9.502583924790922083e+02 -3.169083680625773241e+02 0.000000000000000000e+00
-9.446690829378025001e+02 -3.026064986679423896e+02 0.000000000000000000e+00
-9.385478814298703583e+02 -2.886055277862952835e+02 0.000000000000000000e+00
-9.318913004576045296e+02 -2.749603612672005397e+02 0.000000000000000000e+00
-9.247033666652414468e+02 -2.616941662760109466e+02 0.000000000000000000e+00
-9.169907756056535391e+02 -2.487981119615978969e+02 0.000000000000000000e+00
-9.087578204721546626e+02 -2.362411238778176141e+02 0.000000000000000000e+00
-9.000022281249958951e+02 -2.239880284749502835e+02 0.000000000000000000e+00
-8.907128804854143027e+02 -2.120221526066962667e+02 0.000000000000000000e+00
-8.808700469019970569e+02 -2.003669745614292310e+02 0.000000000000000000e+00
-8.704482687647717967e+02 -1.891012062389841049e+02 0.000000000000000000e+00
-8.594215136396830985e+02 -1.783628362027899072e+02 0.000000000000000000e+00
-8.477697537462972832e+02 -1.683399643903694880e+02 0.000000000000000000e+00
-8.354858130915400807e+02 -1.592492060809239831e+02 0.000000000000000000e+00
-8.225812305720928634e+02 -1.513053555164555064e+02 0.000000000000000000e+00
-8.090900232185894083e+02 -1.446881841714347559e+02 0.000000000000000000e+00
-7.950695793797859778e+02 -1.395131640912447040e+02 0.000000000000000000e+00
-7.805984003916312304e+02 -1.358122994267450849e+02 0.000000000000000000e+00
-7.657709480593395028e+02 -1.335292206452166113e+02 0.000000000000000000e+00
-7.506903422316989918e+02 -1.325296852823836389e+02 0.000000000000000000e+00
-7.354599975924029422e+02 -1.326253153322912226e+02 0.000000000000000000e+00
-7.201754307223186515e+02 -1.336055449851836556e+02 0.000000000000000000e+00
-7.049173877903750736e+02 -1.352710160973942379e+02 0.000000000000000000e+00
-6.897471643082888022e+02 -1.374614489479715189e+02 0.000000000000000000e+00
-6.747045735575493381e+02 -1.400723839084573683e+02 0.000000000000000000e+00
-6.598085558537088673e+02 -1.430578172013628091e+02 0.000000000000000000e+00
-6.450599983730666054e+02 -1.464190262063444834e+02 0.000000000000000000e+00
-6.304460325655322777e+02 -1.501830305342320457e+02 0.000000000000000000e+00
-6.159449414479256575e+02 -1.543764282933360619e+02 0.000000000000000000e+00
-6.015308523684107058e+02 -1.590012519486679992e+02 0.000000000000000000e+00
-5.871775840436614544e+02 -1.640188059798266238e+02 0.000000000000000000e+00
-5.728613019890365194e+02 -1.693453589479579762e+02 0.000000000000000000e+00
-5.585619411641706620e+02 -1.748605801397805237e+02 0.000000000000000000e+00
-5.442636086189123716e+02 -1.804264605728905906e+02 0.000000000000000000e+00
-5.299543307424681871e+02 -1.859119000842208891e+02 0.000000000000000000e+00
-5.156255376696329904e+02 -1.912167887997727576e+02 0.000000000000000000e+00
-5.012715927813521262e+02 -1.962895796149922489e+02 0.000000000000000000e+00
-4.868895174746093630e+02 -2.011339847905518639e+02 0.000000000000000000e+00
-4.724788862661837925e+02 -2.058031245595540781e+02 0.000000000000000000e+00
-4.580417314677509921e+02 -2.103825436914367231e+02 0.000000000000000000e+00
-4.435822422304515840e+02 -2.149662358407144893e+02 0.000000000000000000e+00
-4.291060860212328407e+02 -2.196315104794751392e+02 0.000000000000000000e+00
-4.146193078207788858e+02 -2.244187933007583808e+02 0.000000000000000000e+00
-4.001269335877415187e+02 -2.293212125697156409e+02 0.000000000000000000e+00
-3.856315647398272404e+02 -2.342864024589613905e+02 0.000000000000000000e+00
-3.711323447895301797e+02 -2.392299512390783889e+02 0.000000000000000000e+00
-3.566246692176410988e+02 -2.440570801108933949e+02 0.000000000000000000e+00
-3.421008847127994841e+02 -2.486871586674124899e+02 0.000000000000000000e+00
-3.275520065984115945e+02 -2.530750321053776872e+02 0.000000000000000000e+00
-3.129702252125186988e+02 -2.572240051604519522e+02 0.000000000000000000e+00
-2.983517417196509314e+02 -2.611874773265407725e+02 0.000000000000000000e+00
-2.836993391790973078e+02 -2.650591134803261184e+02 0.000000000000000000e+00
-2.690241041883195976e+02 -2.689543380131159438e+02 0.000000000000000000e+00
-2.543458822594534752e+02 -2.729881271321525560e+02 0.000000000000000000e+00
-2.396923490508599741e+02 -2.772549870383048187e+02 0.000000000000000000e+00
-2.250969442174243227e+02 -2.818164045826065376e+02 0.000000000000000000e+00
-2.105962547056723508e+02 -2.866990792650771596e+02 0.000000000000000000e+00
-1.962276557350422195e+02 -2.919043763907012021e+02 0.000000000000000000e+00
-1.820280464514714822e+02 -2.974263973299514987e+02 0.000000000000000000e+00
-1.680343202829582765e+02 -3.032736167811958126e+02 0.000000000000000000e+00
-1.542858079287229600e+02 -3.094878265281832341e+02 0.000000000000000000e+00
-1.408283983005455013e+02 -3.161544932376425550e+02 0.000000000000000000e+00
-1.277194955728428738e+02 -3.234005422251990467e+02 0.000000000000000000e+00
-1.150325421977255047e+02 -3.313785958905003781e+02 0.000000000000000000e+00
-1.028596489512910210e+02 -3.402401153603611306e+02 0.000000000000000000e+00
-9.131100185506500111e+01 -3.501028894360562163e+02 0.000000000000000000e+00
-8.051017522484357869e+01 -3.610201393549330078e+02 0.000000000000000000e+00
-7.058520900328446146e+01 -3.729586767679276136e+02 0.000000000000000000e+00
-6.165617866984526074e+01 -3.857919652559851897e+02 0.000000000000000000e+00
-5.382082485827105245e+01 -3.993109072452119221e+02 0.000000000000000000e+00
-4.714043505491453345e+01 -4.132513704027696804e+02 0.000000000000000000e+00
-4.162842849664485811e+01 -4.273337391475538993e+02 0.000000000000000000e+00
-3.724389944850919676e+01 -4.413069840338806671e+02 0.000000000000000000e+00
-3.389172341271816435e+01 -4.549885381721795170e+02 0.000000000000000000e+00
-3.142981946503347501e+01 -4.682919527701100719e+02 0.000000000000000000e+00
-2.968296370644466720e+01 -4.812367427802738007e+02 0.000000000000000000e+00
-2.758147869683411813e+01 -5.065814217800950132e+02 0.000000000000000000e+00
