0.000000000000000000e+00 3.896018865695488609e-01 -1.645867833543628311e-01
0.000000000000000000e+00 3.898152544772927608e-01 -1.649302540122279948e-01
0.000000000000000000e+00 3.900196715990150720e-01 -1.652781196319280388e-01
0.000000000000000000e+00 3.902149361996961052e-01 -1.656300369120946303e-01
0.000000000000000000e+00 3.904008555767496391e-01 -1.659856585528597384e-01
0.000000000000000000e+00 3.905772462501969078e-01 -1.663446335985986069e-01
0.000000000000000000e+00 3.907439341437389246e-01 -1.667066077842807581e-01
0.000000000000000000e+00 3.909007547565495067e-01 -1.670712238850865228e-01
0.000000000000000000e+00 3.910475533256167480e-01 -1.674381220689450389e-01
0.000000000000000000e+00 3.911841849784763459e-01 -1.678069402516450814e-01
0.000000000000000000e+00 3.913105148761825691e-01 -1.681773144541681975e-01
0.000000000000000000e+00 3.914264183463784241e-01 -1.685488791618923177e-01
0.000000000000000000e+00 3.915317810063320136e-01 -1.689212676853104889e-01
0.000000000000000000e+00 3.916264988758185739e-01 -1.692941125219091514e-01
0.000000000000000000e+00 3.917104784797362793e-01 -1.696670457188486081e-01
0.000000000000000000e+00 3.917836369403551178e-01 -1.700396992360883319e-01
0.000000000000000000e+00 3.918459020591069653e-01 -1.704117053095977052e-01
0.000000000000000000e+00 3.918972123878369795e-01 -1.707826968142951429e-01
0.000000000000000000e+00 3.919375172894454251e-01 -1.711523076263557208e-01
0.000000000000000000e+00 3.919667769878604768e-01 -1.715201729845317047e-01
0.000000000000000000e+00 3.919849626072924864e-01 -1.718859298501274335e-01
0.000000000000000000e+00 3.919920562007305764e-01 -1.722492172652749509e-01
0.000000000000000000e+00 3.919880507676544168e-01 -1.726096767091557238e-01
0.000000000000000000e+00 3.919729502609428651e-01 -1.729669524518174240e-01
0.000000000000000000e+00 3.919467695829730314e-01 -1.733206919052364681e-01
0.000000000000000000e+00 3.919095345709130984e-01 -1.736705459712798161e-01
0.000000000000000000e+00 3.918612819712247175e-01 -1.740161693862226910e-01
0.000000000000000000e+00 3.918020594033979620e-01 -1.743572210614821316e-01
0.000000000000000000e+00 3.917319253129574186e-01 -1.746933644202303682e-01
0.000000000000000000e+00 3.916509489137828814e-01 -1.750242677295553717e-01
0.000000000000000000e+00 3.915592101198039909e-01 -1.753496044278412824e-01
0.000000000000000000e+00 3.914567994661345418e-01 -1.756690534470452814e-01
0.000000000000000000e+00 3.913438180197256200e-01 -1.759822995295529380e-01
0.000000000000000000e+00 3.912203772796243872e-01 -1.762890335392994501e-01
0.000000000000000000e+00 3.910865990669381009e-01 -1.765889527668497438e-01
0.000000000000000000e+00 3.909426154046115043e-01 -1.768817612281358143e-01
0.000000000000000000e+00 3.907885683871359372e-01 -1.771671699565575964e-01
0.000000000000000000e+00 3.906246100403193422e-01 -1.774448972881579600e-01
0.000000000000000000e+00 3.904509021712549988e-01 -1.777146691395910527e-01
0.000000000000000000e+00 3.902676162086377576e-01 -1.779762192786094599e-01
0.000000000000000000e+00 3.900749330335843146e-01 -1.782292895868032578e-01
0.000000000000000000e+00 3.898730428011255578e-01 -1.784736303143318326e-01
0.000000000000000000e+00 3.896621447525464021e-01 -1.787090003263967219e-01
0.000000000000000000e+00 3.894424470187587417e-01 -1.789351673412126476e-01
0.000000000000000000e+00 3.892141664149014746e-01 -1.791519081592413409e-01
0.000000000000000000e+00 3.889775282263698841e-01 -1.793590088834629281e-01
0.000000000000000000e+00 3.887327659864863172e-01 -1.795562651304661861e-01
0.000000000000000000e+00 3.884801212460310960e-01 -1.797434822321503090e-01
0.000000000000000000e+00 3.882198433348609812e-01 -1.799204754278389828e-01
0.000000000000000000e+00 3.879521891158504432e-01 -1.800870700466166152e-01
0.000000000000000000e+00 3.876774227313993237e-01 -1.802431016797078345e-01
0.000000000000000000e+00 3.873958153427563000e-01 -1.803884163427285359e-01
0.000000000000000000e+00 3.871076448624149458e-01 -1.805228706276504891e-01
0.000000000000000000e+00 3.868131956798481763e-01 -1.806463318443272958e-01
0.000000000000000000e+00 3.865127583808498080e-01 -1.807586781514437801e-01
0.000000000000000000e+00 3.862066294607618966e-01 -1.808597986767584986e-01
0.000000000000000000e+00 3.858951110318689648e-01 -1.809495936265214100e-01
0.000000000000000000e+00 3.855785105252503842e-01 -1.810279743839582067e-01
0.000000000000000000e+00 3.852571403873825684e-01 -1.810948635967243037e-01
0.000000000000000000e+00 3.849313177717920698e-01 -1.811501952532423576e-01
0.000000000000000000e+00 3.846013642260633913e-01 -1.811939147478476009e-01
0.000000000000000000e+00 3.842676053745104348e-01 -1.812259789346772343e-01
0.000000000000000000e+00 3.839303705968244995e-01 -1.812463561702499504e-01
0.000000000000000000e+00 3.835899927030163026e-01 -1.812550263446944809e-01
0.000000000000000000e+00 3.832468076049726502e-01 -1.812519809015953887e-01
0.000000000000000000e+00 3.829011539849521695e-01 -1.812372228464373125e-01
0.000000000000000000e+00 3.825533729613465606e-01 -1.812107667436389236e-01
0.000000000000000000e+00 3.822038077520378829e-01 -1.811726387021796170e-01
0.000000000000000000e+00 3.818528033356842211e-01 -1.811228763498330674e-01
0.000000000000000000e+00 3.815007061112673514e-01 -1.810615287960331832e-01
0.000000000000000000e+00 3.811478635562386419e-01 -1.809886565834089023e-01
0.000000000000000000e+00 3.807946238836004138e-01 -1.809043316280362357e-01
0.000000000000000000e+00 3.804413356982626615e-01 -1.808086371484653454e-01
0.000000000000000000e+00 3.800883476530111937e-01 -1.807016675835942665e-01
0.000000000000000000e+00 3.797360081044299784e-01 -1.805835284994689871e-01
0.000000000000000000e+00 3.793846647691149210e-01 -1.804543364851023957e-01
0.000000000000000000e+00 3.790346643805198590e-01 -1.803142190374151521e-01
0.000000000000000000e+00 3.786863523467722814e-01 -1.801633144354114480e-01
0.000000000000000000e+00 3.783400724097972234e-01 -1.800017716037146387e-01
0.000000000000000000e+00 3.779961663060855681e-01 -1.798297499655962806e-01
0.000000000000000000e+00 3.776549734294415428e-01 -1.796474192856447605e-01
0.000000000000000000e+00 3.773168304960414221e-01 -1.794549595022280897e-01
0.000000000000000000e+00 3.769820712121362272e-01 -1.792525605499166452e-01
0.000000000000000000e+00 3.766510259447231057e-01 -1.790404221720404143e-01
0.000000000000000000e+00 3.763240213955134084e-01 -1.788187537235665092e-01
0.000000000000000000e+00 3.760013802785174275e-01 -1.785877739644912698e-01
0.000000000000000000e+00 3.756834210015647102e-01 -1.783477108439503744e-01
0.000000000000000000e+00 3.753704573520739163e-01 -1.780988012752606486e-01
0.000000000000000000e+00 3.750627981873828065e-01 -1.778412909021151456e-01
0.000000000000000000e+00 3.747607471299423398e-01 -1.775754338561625900e-01
0.000000000000000000e+00 3.744646022676794139e-01 -1.773014925062099678e-01
0.000000000000000000e+00 3.741746558598190164e-01 -1.770197371992963675e-01
0.000000000000000000e+00 3.738911940484600516e-01 -1.767304459938930095e-01
0.000000000000000000e+00 3.736144965761876158e-01 -1.764339043854930844e-01
0.000000000000000000e+00 3.733448365100007771e-01 -1.761304050248620745e-01
0.000000000000000000e+00 3.730824799718282514e-01 -1.758202474292271389e-01
0.000000000000000000e+00 3.728276858758987067e-01 -1.755037376866893095e-01
0.000000000000000000e+00 3.725807056732229339e-01 -1.751811881541518179e-01
0.000000000000000000e+00 3.723417831034429581e-01 -1.748529171490613709e-01
0.000000000000000000e+00 3.721111539542895641e-01 -1.745192486352673822e-01
0.000000000000000000e+00 3.718890458288886536e-01 -1.741805119033086324e-01
0.000000000000000000e+00 3.716756779211447537e-01 -1.738370412454434966e-01
0.000000000000000000e+00 3.714712607994224980e-01 -1.734891756257434248e-01
0.000000000000000000e+00 3.712759961987414092e-01 -1.731372583455768610e-01
0.000000000000000000e+00 3.710900768216878753e-01 -1.727816367048117807e-01
0.000000000000000000e+00 3.709136861482406622e-01 -1.724226616590728567e-01
0.000000000000000000e+00 3.707469982546984788e-01 -1.720606874733907055e-01
0.000000000000000000e+00 3.705901776418880078e-01 -1.716960713725849685e-01
0.000000000000000000e+00 3.704433790728207665e-01 -1.713291731887263969e-01
0.000000000000000000e+00 3.703067474199612241e-01 -1.709603550060263821e-01
0.000000000000000000e+00 3.701804175222549453e-01 -1.705899808035032938e-01
0.000000000000000000e+00 3.700645140520590903e-01 -1.702184160957791459e-01
0.000000000000000000e+00 3.699591513921055563e-01 -1.698460275723609747e-01
0.000000000000000000e+00 3.698644335226189406e-01 -1.694731827357622844e-01
0.000000000000000000e+00 3.697804539187012351e-01 -1.691002495388228555e-01
0.000000000000000000e+00 3.697072954580823967e-01 -1.687275960215831594e-01
0.000000000000000000e+00 3.696450303393305492e-01 -1.683555899480737306e-01
0.000000000000000000e+00 3.695937200106005904e-01 -1.679845984433763206e-01
0.000000000000000000e+00 3.695534151089922004e-01 -1.676149876313157150e-01
0.000000000000000000e+00 3.695241554105769821e-01 -1.672471222731397311e-01
0.000000000000000000e+00 3.695059697911450280e-01 -1.668813654075440300e-01
0.000000000000000000e+00 3.694988761977069380e-01 -1.665180779923965126e-01
0.000000000000000000e+00 3.695028816307830422e-01 -1.661576185485157675e-01
0.000000000000000000e+00 3.695179821374946494e-01 -1.658003428058540674e-01
0.000000000000000000e+00 3.695441628154644831e-01 -1.654466033524350232e-01
0.000000000000000000e+00 3.695813978275244160e-01 -1.650967492863916475e-01
0.000000000000000000e+00 3.696296504272127970e-01 -1.647511258714487725e-01
0.000000000000000000e+00 3.696888729950395525e-01 -1.644100741961893319e-01
0.000000000000000000e+00 3.697590070854800959e-01 -1.640739308374411232e-01
0.000000000000000000e+00 3.698399834846546330e-01 -1.637430275281160919e-01
0.000000000000000000e+00 3.699317222786335235e-01 -1.634176908298302089e-01
0.000000000000000000e+00 3.700341329323029727e-01 -1.630982418106262100e-01
0.000000000000000000e+00 3.701471143787119500e-01 -1.627849957281185256e-01
0.000000000000000000e+00 3.702705551188131827e-01 -1.624782617183720135e-01
0.000000000000000000e+00 3.704043333314994135e-01 -1.621783424908217475e-01
0.000000000000000000e+00 3.705483169938259547e-01 -1.618855340295356771e-01
0.000000000000000000e+00 3.707023640113015772e-01 -1.616001253011138394e-01
0.000000000000000000e+00 3.708663223581182278e-01 -1.613223979695135035e-01
0.000000000000000000e+00 3.710400302271825157e-01 -1.610526261180804108e-01
0.000000000000000000e+00 3.712233161897997569e-01 -1.607910759790620592e-01
0.000000000000000000e+00 3.714159993648531999e-01 -1.605380056708682612e-01
0.000000000000000000e+00 3.716178895973119012e-01 -1.602936649433396865e-01
0.000000000000000000e+00 3.718287876458911123e-01 -1.600582949312747139e-01
0.000000000000000000e+00 3.720484853796787172e-01 -1.598321279164588438e-01
0.000000000000000000e+00 3.722767659835360399e-01 -1.596153870984301504e-01
0.000000000000000000e+00 3.725134041720676303e-01 -1.594082863742085354e-01
0.000000000000000000e+00 3.727581664119511973e-01 -1.592110301272052497e-01
0.000000000000000000e+00 3.730108111524064185e-01 -1.590238130255211546e-01
0.000000000000000000e+00 3.732710890635765888e-01 -1.588468198298324807e-01
0.000000000000000000e+00 3.735387432825871268e-01 -1.586802252110548206e-01
0.000000000000000000e+00 3.738135096670381352e-01 -1.585241935779636568e-01
0.000000000000000000e+00 3.740951170556812144e-01 -1.583788789149429277e-01
0.000000000000000000e+00 3.743832875360226242e-01 -1.582444246300209745e-01
0.000000000000000000e+00 3.746777367185894492e-01 -1.581209634133441677e-01
0.000000000000000000e+00 3.749781740175876510e-01 -1.580086171062277112e-01
0.000000000000000000e+00 3.752843029376757289e-01 -1.579074965809129649e-01
0.000000000000000000e+00 3.755958213665686052e-01 -1.578177016311500536e-01
0.000000000000000000e+00 3.759124218731871303e-01 -1.577393208737132568e-01
0.000000000000000000e+00 3.762337920110549461e-01 -1.576724316609471321e-01
0.000000000000000000e+00 3.765596146266454447e-01 -1.576171000044291060e-01
0.000000000000000000e+00 3.768895681723741231e-01 -1.575733805098238627e-01
0.000000000000000000e+00 3.772233270239270797e-01 -1.575413163229942570e-01
0.000000000000000000e+00 3.775605618016130149e-01 -1.575209390874215132e-01
0.000000000000000000e+00 3.779009396954212674e-01 -1.575122689129769826e-01
0.000000000000000000e+00 3.782441247934648643e-01 -1.575153143560761027e-01
0.000000000000000000e+00 3.785897784134853450e-01 -1.575300724112341788e-01
0.000000000000000000e+00 3.789375594370909539e-01 -1.575565285140325400e-01
0.000000000000000000e+00 3.792871246463996315e-01 -1.575946565554918466e-01
0.000000000000000000e+00 3.796381290627532379e-01 -1.576444189078383962e-01
0.000000000000000000e+00 3.799902262871701075e-01 -1.577057664616382804e-01
0.000000000000000000e+00 3.803430688421988726e-01 -1.577786386742625613e-01
0.000000000000000000e+00 3.806963085148371007e-01 -1.578629636296352279e-01
0.000000000000000000e+00 3.810495967001748530e-01 -1.579586581092061459e-01
0.000000000000000000e+00 3.814025847454263207e-01 -1.580656276740771971e-01
0.000000000000000000e+00 3.817549242940075360e-01 -1.581837667582024765e-01
0.000000000000000000e+00 3.821062676293225935e-01 -1.583129587725690957e-01
0.000000000000000000e+00 3.824562680179176000e-01 -1.584530762202563392e-01
0.000000000000000000e+00 3.828045800516652331e-01 -1.586039808222600156e-01
0.000000000000000000e+00 3.831508599886403466e-01 -1.587655236539568249e-01
0.000000000000000000e+00 3.834947660923518908e-01 -1.589375452920752108e-01
0.000000000000000000e+00 3.838359589689960827e-01 -1.591198759720267031e-01
0.000000000000000000e+00 3.841741019023960924e-01 -1.593123357554433739e-01
0.000000000000000000e+00 3.845088611863012873e-01 -1.595147347077547906e-01
0.000000000000000000e+00 3.848399064537144088e-01 -1.597268730856311048e-01
0.000000000000000000e+00 3.851669110029241061e-01 -1.599485415341049821e-01
0.000000000000000000e+00 3.854895521199200870e-01 -1.601795212931802215e-01
0.000000000000000000e+00 3.858075113968728043e-01 -1.604195844137210891e-01
0.000000000000000000e+00 3.861204750463635982e-01 -1.606684939824108149e-01
0.000000000000000000e+00 3.864281342110548190e-01 -1.609260043555562902e-01
0.000000000000000000e+00 3.867301852684951746e-01 -1.611918614015089013e-01
0.000000000000000000e+00 3.870263301307581005e-01 -1.614658027514614957e-01
0.000000000000000000e+00 3.873162765386184980e-01 -1.617475580583750960e-01
0.000000000000000000e+00 3.875997383499774629e-01 -1.620368492637784263e-01
0.000000000000000000e+00 3.878764358222498987e-01 -1.623333908721784347e-01
0.000000000000000000e+00 3.881460958884367374e-01 -1.626368902328093891e-01
0.000000000000000000e+00 3.884084524266092631e-01 -1.629470478284443524e-01
0.000000000000000000e+00 3.886632465225388633e-01 -1.632635575709821818e-01
0.000000000000000000e+00 3.889102267252145806e-01 -1.635861071035196457e-01
0.000000000000000000e+00 3.891491492949945563e-01 -1.639143781086101481e-01
0.000000000000000000e+00 3.896018865695488609e-01 -1.645867833543628311e-01
