-4.807560840793856300e+02 0.000000000000000000e+00 -6.077853527873915027e+02
-4.777362027071602029e+02 0.000000000000000000e+00 -6.125518771516733523e+02
-4.748512152697291526e+02 0.000000000000000000e+00 -6.174432707309078978e+02
-4.721195628339658583e+02 0.000000000000000000e+00 -6.224698585408119698e+02
-4.695608615337008018e+02 0.000000000000000000e+00 -6.276383777643817439e+02
-4.671956075557255303e+02 0.000000000000000000e+00 -6.329515929123950855e+02
-4.650448442796447353e+02 0.000000000000000000e+00 -6.384080448290361574e+02
-4.631297991031044035e+02 0.000000000000000000e+00 -6.440019413418879139e+02
-4.614714984857813533e+02 0.000000000000000000e+00 -6.497231917880278615e+02
-4.600903705234531458e+02 0.000000000000000000e+00 -6.555575821134018497e+02
-4.590058448930364534e+02 0.000000000000000000e+00 -6.614870819693522890e+02
-4.582359602726747312e+02 0.000000000000000000e+00 -6.674902704298577873e+02
-4.577969893268315218e+02 0.000000000000000000e+00 -6.735428628122607506e+02
-4.577030910513076378e+02 0.000000000000000000e+00 -6.796183177564846574e+02
-4.579659997013589532e+02 0.000000000000000000e+00 -6.856885013178799682e+02
-4.585947586895243830e+02 0.000000000000000000e+00 -6.917243834287332902e+02
-4.595955067579432693e+02 0.000000000000000000e+00 -6.976967417101933506e+02
-4.609713224296522185e+02 0.000000000000000000e+00 -7.035768482519866893e+02
-4.627221312581646089e+02 0.000000000000000000e+00 -7.093371165610137723e+02
-4.648446787640498314e+02 0.000000000000000000e+00 -7.149516883119043769e+02
-4.673325702157585511e+02 0.000000000000000000e+00 -7.203969426796115840e+02
-4.701763766279481729e+02 0.000000000000000000e+00 -7.256519147362844251e+02
-4.733638045649587411e+02 0.000000000000000000e+00 -7.306986134736287113e+02
-4.768799256018987762e+02 0.000000000000000000e+00 -7.355222342792661721e+02
-4.807074596626176231e+02 0.000000000000000000e+00 -7.401112649616301269e+02
-4.848271049722794714e+02 0.000000000000000000e+00 -7.444574885004110456e+02
-4.892179060783147975e+02 0.000000000000000000e+00 -7.485558894316299074e+02
-4.938576503481435225e+02 0.000000000000000000e+00 -7.524044740136482687e+02
-4.987232825795624649e+02 0.000000000000000000e+00 -7.560040169467354190e+02
-5.037913268866612952e+02 0.000000000000000000e+00 -7.593577493506362543e+02
-5.090383048681976561e+02 0.000000000000000000e+00 -7.624710038937055288e+02
-5.144411392345508602e+02 0.000000000000000000e+00 -7.653508334014796901e+02
-5.199775325614245958e+02 0.000000000000000000e+00 -7.680056189753573790e+02
-5.256263116408083533e+02 0.000000000000000000e+00 -7.704446826795289098e+02
-5.313677289894868636e+02 0.000000000000000000e+00 -7.726779182915514639e+02
-5.371837144200956118e+02 0.000000000000000000e+00 -7.747154515678204234e+02
-5.430580711379772083e+02 0.000000000000000000e+00 -7.765673390759983477e+02
-5.489766125499436384e+02 0.000000000000000000e+00 -7.782433120292365629e+02
-5.549272378034143003e+02 0.000000000000000000e+00 -7.797525688623453561e+02
-5.608999459568692600e+02 0.000000000000000000e+00 -7.811036176549737320e+02
-5.668867905533962812e+02 0.000000000000000000e+00 -7.823041670582310871e+02
-5.728817781663705091e+02 0.000000000000000000e+00 -7.833610622298143653e+02
-5.788807161499413496e+02 0.000000000000000000e+00 -7.842802605183024980e+02
-5.848810163011676195e+02 0.000000000000000000e+00 -7.850668403249276253e+02
-5.908814623756210267e+02 0.000000000000000000e+00 -7.857250357487471319e+02
-5.968819503524246102e+02 0.000000000000000000e+00 -7.862582892988244794e+02
-6.028832109861152730e+02 0.000000000000000000e+00 -7.866693151174952163e+02
-6.088865244904050087e+02 0.000000000000000000e+00 -7.869601657594585049e+02
-6.148934371638664516e+02 0.000000000000000000e+00 -7.871322965476229001e+02
-6.209054893930672279e+02 0.000000000000000000e+00 -7.871866227959004618e+02
-6.269239637704470169e+02 0.000000000000000000e+00 -7.871235666563732138e+02
-6.329496610698832910e+02 0.000000000000000000e+00 -7.869430919113392520e+02
-6.389827105711026434e+02 0.000000000000000000e+00 -7.866447265864167093e+02
-6.450224197630918752e+02 0.000000000000000000e+00 -7.862275747104804395e+02
-6.510671668426531369e+02 0.000000000000000000e+00 -7.856903198030707927e+02
-6.571143377191679065e+02 0.000000000000000000e+00 -7.850312236560874908e+02
-6.631603075058756076e+02 0.000000000000000000e+00 -7.842481246385253826e+02
-6.692004647878931110e+02 0.000000000000000000e+00 -7.833384400564673342e+02
-6.752292753724528893e+02 0.000000000000000000e+00 -7.822991770337805519e+02
-6.812403808079244527e+02 0.000000000000000000e+00 -7.811269559532044013e+02
-6.872267257589343217e+02 0.000000000000000000e+00 -7.798180497456809235e+02
-6.931807073904337813e+02 0.000000000000000000e+00 -7.783684412903616021e+02
-6.990943392782460251e+02 0.000000000000000000e+00 -7.767738999573103911e+02
-7.049594220498754567e+02 0.000000000000000000e+00 -7.750300769702503203e+02
-7.107677129764412030e+02 0.000000000000000000e+00 -7.731326178754927696e+02
-7.165110870803625858e+02 0.000000000000000000e+00 -7.710772890653814784e+02
-7.221816829763022270e+02 0.000000000000000000e+00 -7.688601141067568960e+02
-7.277720275946040829e+02 0.000000000000000000e+00 -7.664775146454927608e+02
-7.332751351051783786e+02 0.000000000000000000e+00 -7.639264499626697216e+02
-7.386845767138140673e+02 0.000000000000000000e+00 -7.612045488954358916e+02
-7.439945194827157593e+02 0.000000000000000000e+00 -7.583102278356039960e+02
-7.491997338678362439e+02 0.000000000000000000e+00 -7.552427888899115942e+02
-7.542955711997958588e+02 0.000000000000000000e+00 -7.520024930141505592e+02
-7.592779137954867110e+02 0.000000000000000000e+00 -7.485906039844707038e+02
-7.641431017094942035e+02 0.000000000000000000e+00 -7.450094003891689454e+02
-7.688878412595947793e+02 0.000000000000000000e+00 -7.412621543429069106e+02
-7.735091013384300140e+02 0.000000000000000000e+00 -7.373530772597069927e+02
-7.780040041141211304e+02 0.000000000000000000e+00 -7.332872346805128245e+02
-7.823697169983794311e+02 0.000000000000000000e+00 -7.290704337418736714e+02
-7.866033527074805534e+02 0.000000000000000000e+00 -7.247090883031232806e+02
-7.907018838593968439e+02 0.000000000000000000e+00 -7.202100679365307769e+02
-7.946620778539416960e+02 0.000000000000000000e+00 -7.155805378568845754e+02
-7.984804568003571603e+02 0.000000000000000000e+00 -7.108277973690243243e+02
-8.021532860296213130e+02 0.000000000000000000e+00 -7.059591245089391123e+02
-8.056765933092900696e+02 0.000000000000000000e+00 -7.009816342333990633e+02
-8.090462193284123487e+02 0.000000000000000000e+00 -6.959021567850388692e+02
-8.122578984070654542e+02 0.000000000000000000e+00 -6.907271417577816237e+02
-8.153073667810530196e+02 0.000000000000000000e+00 -6.854625919664961202e+02
-8.181904942897826913e+02 0.000000000000000000e+00 -6.801140295587616720e+02
-8.209034339242903116e+02 0.000000000000000000e+00 -6.746864949847313255e+02
-8.234427825374244776e+02 0.000000000000000000e+00 -6.691845775631293236e+02
-8.258057451356307865e+02 0.000000000000000000e+00 -6.636124745524004993e+02
-8.279902946071833867e+02 0.000000000000000000e+00 -6.579740739607285605e+02
-8.299953185277017838e+02 0.000000000000000000e+00 -6.522730549055901292e+02
-8.318207448386380065e+02 0.000000000000000000e+00 -6.465129982496755474e+02
-8.334676387208985489e+02 0.000000000000000000e+00 -6.406974995655953080e+02
-8.349382638708799504e+02 0.000000000000000000e+00 -6.348302762661033967e+02
-8.362361026015254311e+02 0.000000000000000000e+00 -6.289152610047248118e+02
-8.373658306935755036e+02 0.000000000000000000e+00 -6.229566742026790962e+02
-8.383332446561282723e+02 0.000000000000000000e+00 -6.169590697640251165e+02
-8.391451409542527244e+02 0.000000000000000000e+00 -6.109273496481770280e+02
-8.398091487498907100e+02 0.000000000000000000e+00 -6.048667448996751546e+02
-8.403335197005549162e+02 0.000000000000000000e+00 -5.987827628912300497e+02
-8.407268802863789006e+02 0.000000000000000000e+00 -5.926811028038163158e+02
-8.409979539092253162e+02 0.000000000000000000e+00 -5.865675436229615798e+02
-8.411552615518429548e+02 0.000000000000000000e+00 -5.804478110456047943e+02
-8.412068110323831434e+02 0.000000000000000000e+00 -5.743274315418880178e+02
-8.411597857825645406e+02 0.000000000000000000e+00 -5.682115832854751716e+02
-8.410202445722285347e+02 0.000000000000000000e+00 -5.621049546547475302e+02
-8.407928436699759231e+02 0.000000000000000000e+00 -5.560116214374038464e+02
-8.404805925564830886e+02 0.000000000000000000e+00 -5.499349536909245444e+02
-8.400846534986956158e+02 0.000000000000000000e+00 -5.438775623993532236e+02
-8.396041940713201939e+02 0.000000000000000000e+00 -5.378412946333871787e+02
-8.390363001153364166e+02 0.000000000000000000e+00 -5.318272839091117703e+02
-8.383759547053099368e+02 0.000000000000000000e+00 -5.258360599258362527e+02
-8.376160865249584049e+02 0.000000000000000000e+00 -5.198677189494109143e+02
-8.367476887013094711e+02 0.000000000000000000e+00 -5.139221529230326269e+02
-8.357600067072072534e+02 0.000000000000000000e+00 -5.079993320810301043e+02
-8.346407914997446369e+02 0.000000000000000000e+00 -5.020996325732113519e+02
-8.333766117092286549e+02 0.000000000000000000e+00 -4.962241975438903978e+02
-8.319532165179067533e+02 0.000000000000000000e+00 -4.903753174135660515e+02
-8.303559389523305754e+02 0.000000000000000000e+00 -4.845568129343078567e+02
-8.285701277311503645e+02 0.000000000000000000e+00 -4.787744030652712013e+02
-8.265815946226721280e+02 0.000000000000000000e+00 -4.730360389496206608e+02
-8.243770635205401049e+02 0.000000000000000000e+00 -4.673521853436573679e+02
-8.219446071721172302e+02 0.000000000000000000e+00 -4.617360317916710528e+02
-8.192740577058293638e+02 0.000000000000000000e+00 -4.562036176547334776e+02
-8.163573777962059239e+02 0.000000000000000000e+00 -4.507738577460612532e+02
-8.131889804561615165e+02 0.000000000000000000e+00 -4.454684587170759755e+02
-8.097659870158655622e+02 0.000000000000000000e+00 -4.403117203564048054e+02
-8.060884147815470442e+02 0.000000000000000000e+00 -4.353302204549573844e+02
-8.021592880977175355e+02 0.000000000000000000e+00 -4.305523866727079962e+02
-7.979846689837487475e+02 0.000000000000000000e+00 -4.260079637160052926e+02
-7.935736060939650542e+02 0.000000000000000000e+00 -4.217273888860771649e+02
-7.889380033684429918e+02 0.000000000000000000e+00 -4.177410934761343242e+02
-7.840924123074607905e+02 0.000000000000000000e+00 -4.140787513703050422e+02
-7.790537542264072499e+02 0.000000000000000000e+00 -4.107684993442618406e+02
-7.738409810459420441e+02 0.000000000000000000e+00 -4.078361558230789683e+02
-7.684746850691226427e+02 0.000000000000000000e+00 -4.053044660892686011e+02
-7.629766697293296147e+02 0.000000000000000000e+00 -4.031924020669099491e+02
-7.573694944100909652e+02 0.000000000000000000e+00 -4.015145437959998276e+02
-7.516760071056858123e+02 0.000000000000000000e+00 -4.002805675631846611e+02
-7.459188788915250825e+02 0.000000000000000000e+00 -3.994948624290169050e+02
-7.401201539045683830e+02 0.000000000000000000e+00 -3.991562926940231932e+02
-7.343008278119775696e+02 0.000000000000000000e+00 -3.992581188268671895e+02
-7.284804666023346726e+02 0.000000000000000000e+00 -3.997880837271451355e+02
-7.226768760141534358e+02 0.000000000000000000e+00 -4.007286651334460430e+02
-7.169058300797871652e+02 0.000000000000000000e+00 -4.020574887569640055e+02
-7.111808651781997241e+02 0.000000000000000000e+00 -4.037478905767983406e+02
-7.055131437340696721e+02 0.000000000000000000e+00 -4.057696109307727852e+02
-6.999113893546032159e+02 0.000000000000000000e+00 -4.080895978207684607e+02
-6.943818928422268755e+02 0.000000000000000000e+00 -4.106728924488753592e+02
-6.889285862425456344e+02 0.000000000000000000e+00 -4.134835666039371631e+02
-6.835531799598470570e+02 0.000000000000000000e+00 -4.164856792813027369e+02
-6.782553560672223512e+02 0.000000000000000000e+00 -4.196442189489218322e+02
-6.730330093159370790e+02 0.000000000000000000e+00 -4.229259982252958139e+02
-6.678825260584860644e+02 0.000000000000000000e+00 -4.263004694090890894e+02
-6.627990903784498187e+02 0.000000000000000000e+00 -4.297404322405586186e+02
-6.577770061906035153e+02 0.000000000000000000e+00 -4.332226093716654418e+02
-6.528100239451355264e+02 0.000000000000000000e+00 -4.367280701153947575e+02
-6.478916608344735550e+02 0.000000000000000000e+00 -4.402424889327744495e+02
-6.430155040406189073e+02 0.000000000000000000e+00 -4.437562315608119548e+02
-6.381754875428612195e+02 0.000000000000000000e+00 -4.472642684234711510e+02
-6.333661342870939279e+02 0.000000000000000000e+00 -4.507659217244979004e+02
-6.285827570460761535e+02 0.000000000000000000e+00 -4.542644591167395447e+02
-6.238216130151784000e+02 0.000000000000000000e+00 -4.577665528088111841e+02
-6.190800090258454702e+02 0.000000000000000000e+00 -4.612816281590460790e+02
-6.143563561521108340e+02 0.000000000000000000e+00 -4.648211300031434803e+02
-6.096501743669537063e+02 0.000000000000000000e+00 -4.683977379916677819e+02
-6.049620497102588388e+02 0.000000000000000000e+00 -4.720245639512630760e+02
-6.002935480982621357e+02 0.000000000000000000e+00 -4.757143646582698011e+02
-5.956470913816532402e+02 0.000000000000000000e+00 -4.794788024118898306e+02
-5.910258025000529187e+02 0.000000000000000000e+00 -4.833277834608442163e+02
-5.864333275477159759e+02 0.000000000000000000e+00 -4.872689007734443294e+02
-5.818736432327634702e+02 0.000000000000000000e+00 -4.913070029989314094e+02
-5.773508585644449340e+02 0.000000000000000000e+00 -4.954439059458481438e+02
-5.728690196353893498e+02 0.000000000000000000e+00 -4.996782567359142604e+02
-5.684319260847220221e+02 0.000000000000000000e+00 -5.040055542408331348e+02
-5.640429672497375577e+02 0.000000000000000000e+00 -5.084183227514510577e+02
-5.597049851643156444e+02 0.000000000000000000e+00 -5.129064293440474103e+02
-5.554201704753098738e+02 0.000000000000000000e+00 -5.174575293689708815e+02
-5.511899960645248484e+02 0.000000000000000000e+00 -5.220576191439370177e+02
-5.470151917295825115e+02 0.000000000000000000e+00 -5.266916705087714945e+02
-5.428957617416634776e+02 0.000000000000000000e+00 -5.313443185707808425e+02
-5.388310455134156882e+02 0.000000000000000000e+00 -5.360005718730578792e+02
-5.348198200282284915e+02 0.000000000000000000e+00 -5.406465134316509875e+02
-5.308604411532517133e+02 0.000000000000000000e+00 -5.452699616351211489e+02
-5.269510195309271694e+02 0.000000000000000000e+00 -5.498610618483065764e+02
-5.230896254611913037e+02 0.000000000000000000e+00 -5.544127826228276490e+02
-5.192745160874491148e+02 0.000000000000000000e+00 -5.589212945509841575e+02
-5.155043773161891068e+02 0.000000000000000000e+00 -5.633862148238503096e+02
-5.117785722580368883e+02 0.000000000000000000e+00 -5.678107062491192210e+02
-5.080973875949003968e+02 0.000000000000000000e+00 -5.722014256038465874e+02
-5.044622691636453169e+02 0.000000000000000000e+00 -5.765683224804439533e+02
-5.008760382035365524e+02 0.000000000000000000e+00 -5.809242959657638039e+02
-4.973430801368235734e+02 0.000000000000000000e+00 -5.852847223149310594e+02
-4.938694984262071443e+02 0.000000000000000000e+00 -5.896668720041091092e+02
-4.904632269594492300e+02 0.000000000000000000e+00 -5.940892389585054616e+02
-4.871340955237095045e+02 0.000000000000000000e+00 -5.985708081796454962e+02
-4.807560840793856300e+02 0.000000000000000000e+00 -6.077853527873915027e+02
