8.009860430257719210e-01 -6.059104314328884328e-02 0.000000000000000000e+00
7.942508645480953478e-01 -7.469435679576420795e-02 0.000000000000000000e+00
7.874327950253492414e-01 -8.964990176591726423e-02 0.000000000000000000e+00
7.804920149178606881e-01 -1.058219802804271359e-01 0.000000000000000000e+00
7.734930694730245415e-01 -1.233009686974308183e-01 0.000000000000000000e+00
7.665845887618327748e-01 -1.418982852410624884e-01 0.000000000000000000e+00
7.599533029390351802e-01 -1.612228440522272543e-01 0.000000000000000000e+00
7.537678596828540911e-01 -1.808114674749847217e-01 0.000000000000000000e+00
7.481302540994138051e-01 -2.002687300821445471e-01 0.000000000000000000e+00
7.430489115707229475e-01 -2.193705379936338462e-01 0.000000000000000000e+00
7.384392552385121711e-01 -2.381004193810183356e-01 0.000000000000000000e+00
7.341480695234118281e-01 -2.566122934052643134e-01 0.000000000000000000e+00
7.299905624244026336e-01 -2.751391613482954135e-01 0.000000000000000000e+00
7.257861903125922831e-01 -2.938844787721986984e-01 0.000000000000000000e+00
7.213816822788560179e-01 -3.129360846740354973e-01 0.000000000000000000e+00
7.166559791062939722e-01 -3.322311085702298050e-01 0.000000000000000000e+00
7.115093284442166599e-01 -3.515792730213304074e-01 0.000000000000000000e+00
7.058446276680274689e-01 -3.707297806789910943e-01 0.000000000000000000e+00
6.995512093232874040e-01 -3.894518733189620274e-01 0.000000000000000000e+00
6.924991418026702483e-01 -4.075964006883055490e-01 0.000000000000000000e+00
6.845469631751568418e-01 -4.251156044145183999e-01 0.000000000000000000e+00
6.755598720266052792e-01 -4.420362557869221276e-01 0.000000000000000000e+00
6.654311878876651987e-01 -4.583999077410111922e-01 0.000000000000000000e+00
6.540989478146034264e-01 -4.741961133172725162e-01 0.000000000000000000e+00
6.415519847109202312e-01 -4.893157519178878423e-01 0.000000000000000000e+00
6.278244903039793545e-01 -5.035422638910164173e-01 0.000000000000000000e+00
6.129828298217461224e-01 -5.165829322025323744e-01 0.000000000000000000e+00
5.971112383174912441e-01 -5.281268931979948844e-01 0.000000000000000000e+00
5.803028685276097054e-01 -5.379073545601292805e-01 0.000000000000000000e+00
5.626596678883022395e-01 -5.457457498959040754e-01 0.000000000000000000e+00
5.443001125116370131e-01 -5.515645100494032116e-01 0.000000000000000000e+00
5.253698663723419537e-01 -5.553685942114816587e-01 0.000000000000000000e+00
5.060486597066392589e-01 -5.572081590635827864e-01 0.000000000000000000e+00
4.865478380715509976e-01 -5.571408669950086434e-01 0.000000000000000000e+00
4.670966359968860560e-01 -5.552102559569436213e-01 0.000000000000000000e+00
4.479197877484565327e-01 -5.514477255220059382e-01 0.000000000000000000e+00
4.292127466542733361e-01 -5.458941870527038720e-01 0.000000000000000000e+00
4.111220880614006590e-01 -5.386283189680923789e-01 0.000000000000000000e+00
3.937371432149373573e-01 -5.297854528948955366e-01 0.000000000000000000e+00
3.770952157310075714e-01 -5.195554127291700519e-01 0.000000000000000000e+00
3.611983605236102624e-01 -5.081570714240555287e-01 0.000000000000000000e+00
3.460363379689807561e-01 -4.957978120010463341e-01 0.000000000000000000e+00
3.316091731935094655e-01 -4.826330281367151587e-01 0.000000000000000000e+00
3.179439754626183778e-01 -4.687414084837451811e-01 0.000000000000000000e+00
3.051035375924312509e-01 -4.541258748091482333e-01 0.000000000000000000e+00
2.931873624156685620e-01 -4.387402327720583139e-01 0.000000000000000000e+00
2.823277909353448245e-01 -4.225319271843385183e-01 0.000000000000000000e+00
2.726840837729215261e-01 -4.054856410160380120e-01 0.000000000000000000e+00
2.644358016762956565e-01 -3.876529084636014533e-01 0.000000000000000000e+00
2.577746229753422047e-01 -3.691589220618081701e-01 0.000000000000000000e+00
2.528921508960896847e-01 -3.501865574142038473e-01 0.000000000000000000e+00
2.499613466149859520e-01 -3.309455896555698051e-01 0.000000000000000000e+00
2.491112348781237551e-01 -3.116390356183418864e-01 0.000000000000000000e+00
2.503977803484435105e-01 -2.924373243666283373e-01 0.000000000000000000e+00
2.537769469947725454e-01 -2.734656697015841464e-01 0.000000000000000000e+00
2.590874378946417811e-01 -2.548033681978496001e-01 0.000000000000000000e+00
2.660495163774228011e-01 -2.364889192038190924e-01 0.000000000000000000e+00
2.742826727362006056e-01 -2.185239461873444977e-01 0.000000000000000000e+00
2.833398139482951605e-01 -2.008720195173630541e-01 0.000000000000000000e+00
2.927508759829281493e-01 -1.834538121634713137e-01 0.000000000000000000e+00
3.020660456310469977e-01 -1.661446724875036696e-01 0.000000000000000000e+00
3.108891887147771094e-01 -1.487820899793191043e-01 0.000000000000000000e+00
3.188955335055741469e-01 -1.311876138444500184e-01 0.000000000000000000e+00
3.258329342917020699e-01 -1.132015855025248902e-01 0.000000000000000000e+00
3.315112323724186405e-01 -9.472225769546360752e-02 0.000000000000000000e+00
3.357874653892020111e-01 -7.573668489040293050e-02 0.000000000000000000e+00
3.385548252210202058e-01 -5.633143605501117479e-02 0.000000000000000000e+00
3.397403822281839236e-01 -3.667695691084832399e-02 0.000000000000000000e+00
3.393118837069091787e-01 -1.698833286677167015e-02 0.000000000000000000e+00
3.372892824706549830e-01 2.526160458351558481e-03 0.000000000000000000e+00
3.337538942853563451e-01 2.171249348887383315e-02 0.000000000000000000e+00
3.288483037853535684e-01 4.049914338094417338e-02 0.000000000000000000e+00
3.227632593286828833e-01 5.889776241531479578e-02 0.000000000000000000e+00
3.157126202816148974e-01 7.697775362613459849e-02 0.000000000000000000e+00
3.079020972055380723e-01 9.482552316127872138e-02 0.000000000000000000e+00
2.995002671817393325e-01 1.125042186548274592e-01 0.000000000000000000e+00
2.906200982155666690e-01 1.300286752600598450e-01 0.000000000000000000e+00
2.813160435198422404e-01 1.473636304521912521e-01 0.000000000000000000e+00
2.715968115150123596e-01 1.644438008336383539e-01 0.000000000000000000e+00
2.614489589379810353e-01 1.812059709684598063e-01 0.000000000000000000e+00
2.508632408620143917e-01 1.976191531942248503e-01 0.000000000000000000e+00
2.398552673707959604e-01 2.137006161936579884e-01 0.000000000000000000e+00
2.284745134042372172e-01 2.295122112734057085e-01 0.000000000000000000e+00
2.168001421671426898e-01 2.451400340889288432e-01 0.000000000000000000e+00
2.049268360708351999e-01 2.606674008932192699e-01 0.000000000000000000e+00
1.929472393468912861e-01 2.761535424779472114e-01 0.000000000000000000e+00
1.809385867280745297e-01 2.916274371429534717e-01 0.000000000000000000e+00
1.689593879468838100e-01 3.070992152778871942e-01 0.000000000000000000e+00
1.570583329723055643e-01 3.225836249029984670e-01 0.000000000000000000e+00
1.452931792415378121e-01 3.381245429508921152e-01 0.000000000000000000e+00
1.337537369015079081e-01 3.538087558064158533e-01 0.000000000000000000e+00
1.225813129538748242e-01 3.697614861856442503e-01 0.000000000000000000e+00
1.119775857970830013e-01 3.861235773722899167e-01 0.000000000000000000e+00
1.021985889979627887e-01 4.030177317972029605e-01 0.000000000000000000e+00
9.353342516791969541e-02 4.205156539763524326e-01 0.000000000000000000e+00
8.627136301186709433e-02 4.386176142979776871e-01 0.000000000000000000e+00
8.066401606367876176e-02 4.572511043106131101e-01 0.000000000000000000e+00
7.689063067265693163e-02 4.762880226293451646e-01 0.000000000000000000e+00
7.503388418812406702e-02 4.955732405191028422e-01 0.000000000000000000e+00
7.507125972668482472e-02 5.149540713111685486e-01 0.000000000000000000e+00
7.688364040221962181e-02 5.343012373402518111e-01 0.000000000000000000e+00
8.027906923646543902e-02 5.535166107895771459e-01 0.000000000000000000e+00
8.502647928178540260e-02 5.725290287084395802e-01 0.000000000000000000e+00
9.089228926416688392e-02 5.912841368043197932e-01 0.000000000000000000e+00
9.767248377658831193e-02 6.097355615738687673e-01 0.000000000000000000e+00
1.052141966186590644e-01 6.278424092661956113e-01 0.000000000000000000e+00
1.134235541566725736e-01 6.455735039453833757e-01 0.000000000000000000e+00
1.222599471498367757e-01 6.629142905211228287e-01 0.000000000000000000e+00
1.317201261839789361e-01 6.798702214922036635e-01 0.000000000000000000e+00
1.418177142388868384e-01 6.964618198770068380e-01 0.000000000000000000e+00
1.525643076910112861e-01 7.127108613294186323e-01 0.000000000000000000e+00
1.639571487417085804e-01 7.286221967490027485e-01 0.000000000000000000e+00
1.759757792145424660e-01 7.441690882052317546e-01 0.000000000000000000e+00
1.885869513851235191e-01 7.592896956604420211e-01 0.000000000000000000e+00
2.017543968991786507e-01 7.738982817199108188e-01 0.000000000000000000e+00
2.154487212581593647e-01 7.879083670483066904e-01 0.000000000000000000e+00
2.296531258622725724e-01 8.012592363843532572e-01 0.000000000000000000e+00
2.443626633362455114e-01 8.139346239399160021e-01 0.000000000000000000e+00
2.595775301622641473e-01 8.259645878017667364e-01 0.000000000000000000e+00
2.752934136920063835e-01 8.374079777924414714e-01 0.000000000000000000e+00
2.914931554484083143e-01 8.483210498904877328e-01 0.000000000000000000e+00
3.081434673932497703e-01 8.587242650283757328e-01 0.000000000000000000e+00
3.251983348993832124e-01 8.685811943353330955e-01 0.000000000000000000e+00
3.426078932030794943e-01 8.777995869299789478e-01 0.000000000000000000e+00
3.603291357354915236e-01 8.862562765056062331e-01 0.000000000000000000e+00
3.783338351717597803e-01 8.938379344955202921e-01 0.000000000000000000e+00
3.966100057818676139e-01 9.004826693731362575e-01 0.000000000000000000e+00
4.151558058452295419e-01 9.062061666060444720e-01 0.000000000000000000e+00
4.339679794623502174e-01 9.111012833805522959e-01 0.000000000000000000e+00
4.530294619443779314e-01 9.153099215696935964e-01 0.000000000000000000e+00
4.723015241723101387e-01 9.189767696147075338e-01 0.000000000000000000e+00
4.917243817322230481e-01 9.222018122965880416e-01 0.000000000000000000e+00
5.112269983529130757e-01 9.250093147821760731e-01 0.000000000000000000e+00
5.307430660700934721e-01 9.273448084969316829e-01 0.000000000000000000e+00
5.502273356110258806e-01 9.291007737547306577e-01 0.000000000000000000e+00
5.696657929466267811e-01 9.301604874807729573e-01 0.000000000000000000e+00
5.890750332261482924e-01 9.304423733291424803e-01 0.000000000000000000e+00
6.084899827084059298e-01 9.299270549910768624e-01 0.000000000000000000e+00
6.279434752023417277e-01 9.286562830871309959e-01 0.000000000000000000e+00
6.474444336014838486e-01 9.267042316811466840e-01 0.000000000000000000e+00
6.669622391462224353e-01 9.241328213893021948e-01 0.000000000000000000e+00
6.864228832012009285e-01 9.209492504147317460e-01 0.000000000000000000e+00
7.057183600556610203e-01 9.170831883780776739e-01 0.000000000000000000e+00
7.247259920763795549e-01 9.123934123534213070e-01 0.000000000000000000e+00
7.433307733099426828e-01 9.067021316911474393e-01 0.000000000000000000e+00
7.614427531373576530e-01 8.998444796542764967e-01 0.000000000000000000e+00
7.790033843749094578e-01 8.917149204548895369e-01 0.000000000000000000e+00
7.959789310531630857e-01 8.822938335585359670e-01 0.000000000000000000e+00
8.123439073881326689e-01 8.716455579436649392e-01 0.000000000000000000e+00
8.280612729427394569e-01 8.598903716955953458e-01 0.000000000000000000e+00
8.430673453388911609e-01 8.471627054049071237e-01 0.000000000000000000e+00
8.572676784504019709e-01 8.335724613169782637e-01 0.000000000000000000e+00
8.705461708794601794e-01 8.191839817028256920e-01 0.000000000000000000e+00
8.827849294463323560e-01 8.040191785935877355e-01 0.000000000000000000e+00
8.938886658230653648e-01 7.880810910807308778e-01 0.000000000000000000e+00
9.038059686216226574e-01 7.713859568414014323e-01 0.000000000000000000e+00
9.125410703871077445e-01 7.539890525791517195e-01 0.000000000000000000e+00
9.201530964117714539e-01 7.359930191507672026e-01 0.000000000000000000e+00
9.267438854843164098e-01 7.175354230726935789e-01 0.000000000000000000e+00
9.324387886240306234e-01 6.987613344558057937e-01 0.000000000000000000e+00
9.373662868773227075e-01 6.797928445764214178e-01 0.000000000000000000e+00
9.416415493012328941e-01 6.607081907107987817e-01 0.000000000000000000e+00
9.453567579241718422e-01 6.415383928338528330e-01 0.000000000000000000e+00
9.485782779521770847e-01 6.222813184852890034e-01 0.000000000000000000e+00
9.513486940616939780e-01 6.029255039477007250e-01 0.000000000000000000e+00
9.536910524330656225e-01 5.834722254174092848e-01 0.000000000000000000e+00
9.556133193550726546e-01 5.639458406651198796e-01 0.000000000000000000e+00
9.571124421976628938e-01 5.443884817711754920e-01 0.000000000000000000e+00
9.581785686367275678e-01 5.248429035998007919e-01 0.000000000000000000e+00
9.588002445478039926e-01 5.053330730155961570e-01 0.000000000000000000e+00
9.589706284076416898e-01 4.858532099954899208e-01 0.000000000000000000e+00
9.586934171250089953e-01 4.663718929915925404e-01 0.000000000000000000e+00
9.579861428675785495e-01 4.468503757070597104e-01 0.000000000000000000e+00
9.568785712558982581e-01 4.272669112460786289e-01 0.000000000000000000e+00
9.554053958172105121e-01 4.076351810922054786e-01 0.000000000000000000e+00
9.535948414414607832e-01 3.880068431432229237e-01 0.000000000000000000e+00
9.514571211856827082e-01 3.684551604224868271e-01 0.000000000000000000e+00
9.489777373640120306e-01 3.490456703040311082e-01 0.000000000000000000e+00
9.461195903501508075e-01 3.298067780401940374e-01 0.000000000000000000e+00
9.428348193480177164e-01 3.107145698305568415e-01 0.000000000000000000e+00
9.390832591692921394e-01 2.917009076259297617e-01 0.000000000000000000e+00
9.348509864078604625e-01 2.726838359086101726e-01 0.000000000000000000e+00
9.301612494810217457e-01 2.536086963188234344e-01 0.000000000000000000e+00
9.250719908829220239e-01 2.344819371299087796e-01 0.000000000000000000e+00
9.196588265684886299e-01 2.153807641190093047e-01 0.000000000000000000e+00
9.139881858522234115e-01 1.964307583646715261e-01 0.000000000000000000e+00
9.080900802179343589e-01 1.777571814175673837e-01 0.000000000000000000e+00
9.019415725783759274e-01 1.594283598103365118e-01 0.000000000000000000e+00
8.954694155885001283e-01 1.414156268074864553e-01 0.000000000000000000e+00
8.885740498504414164e-01 1.235904439208164590e-01 0.000000000000000000e+00
8.811692461229216899e-01 1.057661039716009249e-01 0.000000000000000000e+00
8.732250260925010776e-01 8.777342097573577473e-02 0.000000000000000000e+00
8.647987682797075859e-01 6.954404910796828376e-02 0.000000000000000000e+00
8.560419885312737787e-01 5.116826134316045799e-02 0.000000000000000000e+00
8.471776642368968879e-01 3.289980887019403055e-02 0.000000000000000000e+00
8.384527987775631797e-01 1.509775247912889702e-02 0.000000000000000000e+00
8.300797897368934475e-01 -1.881871768690892644e-03 0.000000000000000000e+00
8.221848236073578953e-01 -1.781146234954802954e-02 0.000000000000000000e+00
8.147800988815255829e-01 -3.269171276387182468e-02 0.000000000000000000e+00
8.009860430257719210e-01 -6.059104314328884328e-02 0.000000000000000000e+00
