0.000000000000000000e+00 5.839013850279272111e-01 -1.272132181528745354e-01
0.000000000000000000e+00 5.852370714857118017e-01 -1.325848723880996283e-01
0.000000000000000000e+00 5.864387855734923827e-01 -1.379954284010912191e-01
0.000000000000000000e+00 5.875041295461685964e-01 -1.434483982136559865e-01
0.000000000000000000e+00 5.884294370482253678e-01 -1.489469413422493116e-01
0.000000000000000000e+00 5.892097870819722472e-01 -1.544935912573165704e-01
0.000000000000000000e+00 5.898390621874828321e-01 -1.600899903740455044e-01
0.000000000000000000e+00 5.903100498665305729e-01 -1.657366419510661604e-01
0.000000000000000000e+00 5.906145848286515898e-01 -1.714326869348510585e-01
0.000000000000000000e+00 5.907437282550641600e-01 -1.771757131841258104e-01
0.000000000000000000e+00 5.906879790140505682e-01 -1.829616036567269510e-01
0.000000000000000000e+00 5.904375106639462301e-01 -1.887844290658000634e-01
0.000000000000000000e+00 5.899824271857695424e-01 -1.946363892455897915e-01
0.000000000000000000e+00 5.893130297283593055e-01 -2.005078060486264468e-01
0.000000000000000000e+00 5.884200862480118976e-01 -2.063871690706181039e-01
0.000000000000000000e+00 5.872950957963420926e-01 -2.122612339155202643e-01
0.000000000000000000e+00 5.859305393591132116e-01 -2.181151711221375467e-01
0.000000000000000000e+00 5.843201095700667480e-01 -2.239327623268702883e-01
0.000000000000000000e+00 5.824589123026708837e-01 -2.296966387853934255e-01
0.000000000000000000e+00 5.803436340555260253e-01 -2.353885560668183274e-01
0.000000000000000000e+00 5.779726701619657403e-01 -2.409896976104309030e-01
0.000000000000000000e+00 5.753462101321938915e-01 -2.464809989346579411e-01
0.000000000000000000e+00 5.724662778323825751e-01 -2.518434836404485622e-01
0.000000000000000000e+00 5.693367256707458912e-01 -2.570586019784640852e-01
0.000000000000000000e+00 5.659631834445447707e-01 -2.621085626639746979e-01
0.000000000000000000e+00 5.623529639525911561e-01 -2.669766488282993566e-01
0.000000000000000000e+00 5.585149288447703864e-01 -2.716475094844899574e-01
0.000000000000000000e+00 5.544593194161320238e-01 -2.761074186418403520e-01
0.000000000000000000e+00 5.501975581157938500e-01 -2.803444952038446347e-01
0.000000000000000000e+00 5.457420273941481215e-01 -2.843488779945639311e-01
0.000000000000000000e+00 5.411058331271352273e-01 -2.881128516390947247e-01
0.000000000000000000e+00 5.363025602137670989e-01 -2.916309205295133378e-01
0.000000000000000000e+00 5.313460280320624340e-01 -2.948998296887319071e-01
0.000000000000000000e+00 5.262500532581912971e-01 -2.979185329492047840e-01
0.000000000000000000e+00 5.210282271127253395e-01 -3.006881104388008930e-01
0.000000000000000000e+00 5.156937134146104551e-01 -3.032116388610021085e-01
0.000000000000000000e+00 5.102590729246611057e-01 -3.054940194223711436e-01
0.000000000000000000e+00 5.047361183805993967e-01 -3.075417694530309665e-01
0.000000000000000000e+00 4.991358034058914206e-01 -3.093627847477452564e-01
0.000000000000000000e+00 4.934681471608188263e-01 -3.109660803955084929e-01
0.000000000000000000e+00 4.877421952455429643e-01 -3.123615183420472285e-01
0.000000000000000000e+00 4.819660160120171621e-01 -3.135595301291087544e-01
0.000000000000000000e+00 4.761467301447424028e-01 -3.145708431731556454e-01
0.000000000000000000e+00 4.702905701775430547e-01 -3.154062185899782489e-01
0.000000000000000000e+00 4.644029655688035607e-01 -3.160762079559962245e-01
0.000000000000000000e+00 4.584886480993439206e-01 -3.165909355456762442e-01
0.000000000000000000e+00 4.525517717167054643e-01 -3.169599115294567948e-01
0.000000000000000000e+00 4.465960405502577002e-01 -3.171918803965814160e-01
0.000000000000000000e+00 4.406248386773353176e-01 -3.172947075264138106e-01
0.000000000000000000e+00 4.346413553361141990e-01 -3.172753054181431942e-01
0.000000000000000000e+00 4.286486996508852565e-01 -3.171395996524353778e-01
0.000000000000000000e+00 4.226499995449123914e-01 -3.168925332501353331e-01
0.000000000000000000e+00 4.166484803412262017e-01 -3.165381067617762390e-01
0.000000000000000000e+00 4.106475195603099815e-01 -3.160794502135949591e-01
0.000000000000000000e+00 4.046506755764226471e-01 -3.155189219924225408e-01
0.000000000000000000e+00 3.986616890463612894e-01 -3.148582289086311325e-01
0.000000000000000000e+00 3.926844573268777894e-01 -3.140985610612865853e-01
0.000000000000000000e+00 3.867229833985831866e-01 -3.132407347625486560e-01
0.000000000000000000e+00 3.807813020635285595e-01 -3.122853366699785416e-01
0.000000000000000000e+00 3.748633873308498399e-01 -3.112328624272537314e-01
0.000000000000000000e+00 3.689730459034117338e-01 -3.100838435180242603e-01
0.000000000000000000e+00 3.631138024870279035e-01 -3.088389566774422113e-01
0.000000000000000000e+00 3.572887832279960096e-01 -3.074991110559986973e-01
0.000000000000000000e+00 3.515006039179419117e-01 -3.060655093580201269e-01
0.000000000000000000e+00 3.457512696699842070e-01 -3.045396803434842203e-01
0.000000000000000000e+00 3.400420925595586952e-01 -3.029234813428285933e-01
0.000000000000000000e+00 3.343736332396841093e-01 -3.012190707429198144e-01
0.000000000000000000e+00 3.287456717970171360e-01 -2.994288517094760294e-01
0.000000000000000000e+00 3.231572121346840132e-01 -2.975553896682647248e-01
0.000000000000000000e+00 3.176065229826541270e-01 -2.956013072274336628e-01
0.000000000000000000e+00 3.120912172865214496e-01 -2.935691612430283981e-01
0.000000000000000000e+00 3.066083702579315284e-01 -2.914613075707973011e-01
0.000000000000000000e+00 3.011546748365557802e-01 -2.892797596779514979e-01
0.000000000000000000e+00 2.957266317698683533e-01 -2.870260476843320419e-01
0.000000000000000000e+00 2.903207700197359964e-01 -2.847010845476165564e-01
0.000000000000000000e+00 2.849338918100606799e-01 -2.823050459949610347e-01
0.000000000000000000e+00 2.795633353908377750e-01 -2.798372704362575014e-01
0.000000000000000000e+00 2.742072475597855941e-01 -2.772961844836682177e-01
0.000000000000000000e+00 2.688648571955825073e-01 -2.746792588687012038e-01
0.000000000000000000e+00 2.635367405511020999e-01 -2.719829985203782718e-01
0.000000000000000000e+00 2.582250688559745155e-01 -2.692029693816279101e-01
0.000000000000000000e+00 2.529338289000990780e-01 -2.663338632374109283e-01
0.000000000000000000e+00 2.476690077172068460e-01 -2.633696004531098089e-01
0.000000000000000000e+00 2.424387332527865591e-01 -2.603034691240546650e-01
0.000000000000000000e+00 2.372533639650862003e-01 -2.571282977664415825e-01
0.000000000000000000e+00 2.321255216422902501e-01 -2.538366573853903518e-01
0.000000000000000000e+00 2.270700632844079025e-01 -2.504210875841386130e-01
0.000000000000000000e+00 2.221039896474270303e-01 -2.468743403719980134e-01
0.000000000000000000e+00 2.172462899254038460e-01 -2.431896345247704927e-01
0.000000000000000000e+00 2.125177239937060814e-01 -2.393609127800382652e-01
0.000000000000000000e+00 2.079405455906515598e-01 -2.353830938333749956e-01
0.000000000000000000e+00 2.035381717112577926e-01 -2.312523110536096882e-01
0.000000000000000000e+00 1.993348052626849054e-01 -2.269661300601194531e-01
0.000000000000000000e+00 1.953550196263736660e-01 -2.225237377976516662e-01
0.000000000000000000e+00 1.916233151322069284e-01 -2.179260964900312514e-01
0.000000000000000000e+00 1.881636585277443319e-01 -2.131760568302148440e-01
0.000000000000000000e+00 1.849990172819180045e-01 -2.082784259393974935e-01
0.000000000000000000e+00 1.821509009689394887e-01 -2.032399869642614876e-01
0.000000000000000000e+00 1.796389220170757084e-01 -1.980694686353111633e-01
0.000000000000000000e+00 1.774803877728328705e-01 -1.927774646327892472e-01
0.000000000000000000e+00 1.756899351304062329e-01 -1.873763041496147308e-01
0.000000000000000000e+00 1.742792179274849640e-01 -1.818798765520622807e-01
0.000000000000000000e+00 1.732566559415222585e-01 -1.763034144684058335e-01
0.000000000000000000e+00 1.726272526757659798e-01 -1.706632409360633318e-01
0.000000000000000000e+00 1.723924872512429818e-01 -1.649764873657791620e-01
0.000000000000000000e+00 1.725502836767170145e-01 -1.592607899997175724e-01
0.000000000000000000e+00 1.730950586162763594e-01 -1.535339732186942474e-01
0.000000000000000000e+00 1.740178465802924290e-01 -1.478137284698884391e-01
0.000000000000000000e+00 1.753064992981272496e-01 -1.421172977267894377e-01
0.000000000000000000e+00 1.769459539575474749e-01 -1.364611702536234483e-01
0.000000000000000000e+00 1.789185630807544058e-01 -1.308608010322068471e-01
0.000000000000000000e+00 1.812044771096594509e-01 -1.253303585343717441e-01
0.000000000000000000e+00 1.837820693458551424e-01 -1.198825086107302706e-01
0.000000000000000000e+00 1.866283917773176315e-01 -1.145282401473269457e-01
0.000000000000000000e+00 1.897196495576972952e-01 -1.092767368531606248e-01
0.000000000000000000e+00 1.930316815073710168e-01 -1.041352981265628586e-01
0.000000000000000000e+00 1.965404339885773732e-01 -9.910931045386657534e-02
0.000000000000000000e+00 2.002224158680154797e-01 -9.420226926888544683e-02
0.000000000000000000e+00 2.040551230052275178e-01 -8.941584969630303470e-02
0.000000000000000000e+00 2.080174217682477233e-01 -8.475002316491700438e-02
0.000000000000000000e+00 2.120898824430093033e-01 -8.020321555387449619e-02
0.000000000000000000e+00 2.162550550240180114e-01 -7.577250136837293537e-02
0.000000000000000000e+00 2.204976816970893316e-01 -7.145382746693512699e-02
0.000000000000000000e+00 2.248048422906891997e-01 -6.724225910958939179e-02
0.000000000000000000e+00 2.291660310167515369e-01 -6.313224058661456861e-02
0.000000000000000000e+00 2.335731648789791948e-01 -5.911786243397990775e-02
0.000000000000000000e+00 2.380205261310775477e-01 -5.519312724846218293e-02
0.000000000000000000e+00 2.425046430560769961e-01 -5.135220637799243343e-02
0.000000000000000000e+00 2.470241150523564133e-01 -4.758968026779367838e-02
0.000000000000000000e+00 2.515793895001313119e-01 -4.390075596895975929e-02
0.000000000000000000e+00 2.561724991000515206e-01 -4.028145623468862985e-02
0.000000000000000000e+00 2.608067692887390265e-01 -3.672877570564850314e-02
0.000000000000000000e+00 2.654865059207107136e-01 -3.324080088026647867e-02
0.000000000000000000e+00 2.702166736495494326e-01 -2.981679183497632987e-02
0.000000000000000000e+00 2.750025753423543939e-01 -2.645722495867625437e-02
0.000000000000000000e+00 2.798495424308178881e-01 -2.316379724953470873e-02
0.000000000000000000e+00 2.847626453610931363e-01 -1.993939394690590755e-02
0.000000000000000000e+00 2.897464322844386930e-01 -1.678802239536509103e-02
0.000000000000000000e+00 2.948047028718249751e-01 -1.371471602492425369e-02
0.000000000000000000e+00 2.999403226861018790e-01 -1.072541315004853571e-02
0.000000000000000000e+00 3.051550819584510355e-01 -7.826815915452431729e-03
0.000000000000000000e+00 3.104496009489624564e-01 -5.026235131461192183e-03
0.000000000000000000e+00 3.158232823833166392e-01 -2.331426936564238214e-03
0.000000000000000000e+00 3.212743098074313797e-01 2.495728016405962318e-04
0.000000000000000000e+00 3.267996891458949671e-01 2.708610676809080318e-03
0.000000000000000000e+00 3.323953293401507580e-01 5.037569296051689662e-03
0.000000000000000000e+00 3.380561567247351573e-01 7.228507583653129634e-03
0.000000000000000000e+00 3.437762568128613361e-01 9.273783995596245056e-03
0.000000000000000000e+00 3.495490364359120083e-01 1.116615969126697437e-02
0.000000000000000000e+00 3.553673987348167085e-01 1.289887967648837772e-02
0.000000000000000000e+00 3.612239233443832465e-01 1.446573094123849990e-02
0.000000000000000000e+00 3.671110442434363241e-01 1.586107762587518621e-02
0.000000000000000000e+00 3.730212181527226001e-01 1.707987422181523815e-02
0.000000000000000000e+00 3.789470770278054457e-01 1.811765870884088706e-02
0.000000000000000000e+00 3.848815590854661739e-01 1.897052831743612986e-02
0.000000000000000000e+00 3.908180138815915972e-01 1.963510125138772516e-02
0.000000000000000000e+00 3.967502781820094748e-01 2.010846818970298336e-02
0.000000000000000000e+00 4.026727206864708641e-01 2.038813769072836402e-02
0.000000000000000000e+00 4.085802550284040602e-01 2.047197973543610910e-02
0.000000000000000000e+00 4.144683218267313229e-01 2.035817156902374955e-02
0.000000000000000000e+00 4.203328418595361771e-01 2.004514973564891153e-02
0.000000000000000000e+00 4.261701436141578925e-01 1.953157176311096435e-02
0.000000000000000000e+00 4.319768695005302139e-01 1.881629036221724519e-02
0.000000000000000000e+00 4.377498658565877609e-01 1.789834228515772493e-02
0.000000000000000000e+00 4.434860624962469466e-01 1.677695316922374683e-02
0.000000000000000000e+00 4.491823479302902156e-01 1.545155881131181699e-02
0.000000000000000000e+00 4.548354465162356974e-01 1.392184241202661793e-02
0.000000000000000000e+00 4.604418036624424726e-01 1.218778643414227154e-02
0.000000000000000000e+00 4.659974848314838991e-01 1.024973687659624585e-02
0.000000000000000000e+00 4.714980934748064789e-01 8.108477008156587604e-03
0.000000000000000000e+00 4.769387122101960141e-01 5.765306967234025068e-03
0.000000000000000000e+00 4.823138705586196839e-01 3.222125144315040116e-03
0.000000000000000000e+00 4.876175414271199937e-01 4.815069438128283274e-04
0.000000000000000000e+00 4.928431673040609695e-01 -2.453223611090713657e-03
0.000000000000000000e+00 4.979837158699407240e-01 -5.577933904949574674e-03
0.000000000000000000e+00 5.030317634704539742e-01 -8.887638603508564092e-03
0.000000000000000000e+00 5.079796036974555395e-01 -1.237647514080329400e-02
0.000000000000000000e+00 5.128193772247285898e-01 -1.603770196147610849e-02
0.000000000000000000e+00 5.175432180919040670e-01 -1.986372187962221272e-02
0.000000000000000000e+00 5.221434108589481093e-01 -2.384613200751829407e-02
0.000000000000000000e+00 5.266125524958834569e-01 -2.797580070474636055e-02
0.000000000000000000e+00 5.309437125504351540e-01 -3.224297093753913240e-02
0.000000000000000000e+00 5.351305850638298223e-01 -3.663738835955204082e-02
0.000000000000000000e+00 5.391676258864480653e-01 -4.114845137001642977e-02
0.000000000000000000e+00 5.430501694753281372e-01 -4.576537941453710095e-02
0.000000000000000000e+00 5.467745199202154183e-01 -5.047739490719884564e-02
0.000000000000000000e+00 5.503380118207330529e-01 -5.527391340651648804e-02
0.000000000000000000e+00 5.537390376930706459e-01 -6.014473610393954867e-02
0.000000000000000000e+00 5.569770397823599062e-01 -6.508023830817928623e-02
0.000000000000000000e+00 5.600524654531198188e-01 -7.007154745080068636e-02
0.000000000000000000e+00 5.629666866774792888e-01 -7.511070420996042440e-02
0.000000000000000000e+00 5.657218854898389271e-01 -8.019080065335815188e-02
0.000000000000000000e+00 5.683209085774008074e-01 -8.530608983350630725e-02
0.000000000000000000e+00 5.707670953802723712e-01 -9.045206201508096400e-02
0.000000000000000000e+00 5.730640851375471412e-01 -9.562548365420420193e-02
0.000000000000000000e+00 5.752156091967555174e-01 -1.008243963544960264e-01
0.000000000000000000e+00 5.772252755695650439e-01 -1.060480742597208204e-01
0.000000000000000000e+00 5.790963531404803577e-01 -1.112969396676661143e-01
0.000000000000000000e+00 5.808315630999992818e-01 -1.165724380205008931e-01
0.000000000000000000e+00 5.839013850279272111e-01 -1.272132181528745354e-01
