7.011339067773274952e-03 -6.955530210757011889e-02 0.000000000000000000e+00
6.953773363668816314e-03 -7.890712692656411120e-02 0.000000000000000000e+00
6.801112071297073063e-03 -8.835889647519590273e-02 0.000000000000000000e+00
6.549093348314718836e-03 -9.795627116754339336e-02 0.000000000000000000e+00
6.196217641972126024e-03 -1.077321468407046734e-01 0.000000000000000000e+00
5.744227668079747093e-03 -1.177043739843248865e-01 0.000000000000000000e+00
5.198118578762685182e-03 -1.278749865907139183e-01 0.000000000000000000e+00
4.565609365405487972e-03 -1.382309679597933938e-01 0.000000000000000000e+00
3.856064193924995179e-03 -1.487464119141415908e-01 0.000000000000000000e+00
3.078916023135174450e-03 -1.593857860863385489e-01 0.000000000000000000e+00
2.241707530872867268e-03 -1.701078861677289000e-01 0.000000000000000000e+00
1.347918893181836468e-03 -1.808699993709705911e-01 0.000000000000000000e+00
3.947917726829386505e-04 -1.916317796854069000e-01 0.000000000000000000e+00
-6.286212085426213202e-04 -2.023583784531996499e-01 0.000000000000000000e+00
-1.742955395364878014e-03 -2.130224666682743739e-01 0.000000000000000000e+00
-2.979382327131765290e-03 -2.236049196719500642e-01 0.000000000000000000e+00
-4.379657267598329254e-03 -2.340940954097456561e-01 0.000000000000000000e+00
-5.995283012508459235e-03 -2.444838059933460983e-01 0.000000000000000000e+00
-7.885785560622422807e-03 -2.547702399295664888e-01 0.000000000000000000e+00
-1.011617984043883083e-02 -2.649482211958252842e-01 0.000000000000000000e+00
-1.275378203505273846e-02 -2.750072767277296770e-01 0.000000000000000000e+00
-1.586459114688073407e-02 -2.849280160493197211e-01 0.000000000000000000e+00
-1.950950940727909713e-02 -2.946793018638463324e-01 0.000000000000000000e+00
-2.374069392952186941e-02 -3.042166109366350457e-01 0.000000000000000000e+00
-2.859832799400473941e-02 -3.134818591226832818e-01 0.000000000000000000e+00
-3.410806960566039464e-02 -3.224048066184719286e-01 0.000000000000000000e+00
-4.027938024589826360e-02 -3.309059867384073761e-01 0.000000000000000000e+00
-4.710486325358536480e-02 -3.389009326879310890e-01 0.000000000000000000e+00
-5.456065610143188971e-02 -3.463053304519899678e-01 0.000000000000000000e+00
-6.260783222909654944e-02 -3.530406180874643973e-01 0.000000000000000000e+00
-7.119468459183736497e-02 -3.590394942131346911e-01 0.000000000000000000e+00
-8.025969263412446875e-02 -3.642507976245334400e-01 0.000000000000000000e+00
-8.973492354634354795e-02 -3.686432758350150496e-01 0.000000000000000000e+00
-9.954959188860240671e-02 -3.722078669111629767e-01 0.000000000000000000e+00
-1.096335009472874378e-01 -3.749582647269538715e-01 0.000000000000000000e+00
-1.199201138416969709e-01 -3.769297070467599320e-01 0.000000000000000000e+00
-1.303490491914061911e-01 -3.781761005905295847e-01 0.000000000000000000e+00
-1.408678597088126316e-01 -3.787657589459396124e-01 0.000000000000000000e+00
-1.514330254740916815e-01 -3.787761609830581078e-01 0.000000000000000000e+00
-1.620101691844547664e-01 -3.782882258277235343e-01 0.000000000000000000e+00
-1.725735707048428880e-01 -3.773806368301700909e-01 0.000000000000000000e+00
-1.831051160035582492e-01 -3.761247284028196858e-01 0.000000000000000000e+00
-1.935928558094844598e-01 -3.745803791085717815e-01 0.000000000000000000e+00
-2.040293689148674761e-01 -3.727932404785614939e-01 0.000000000000000000e+00
-2.144101231367855631e-01 -3.707934867260992418e-01 0.000000000000000000e+00
-2.247320050454940654e-01 -3.685961117783307928e-01 0.000000000000000000e+00
-2.349921512586289063e-01 -3.662026440200492061e-01 0.000000000000000000e+00
-2.451871645891131046e-01 -3.636040122628236282e-01 0.000000000000000000e+00
-2.553127437989295423e-01 -3.607841926430412349e-01 0.000000000000000000e+00
-2.653637025772126457e-01 -3.577242053747483053e-01 0.000000000000000000e+00
-2.753343075746367274e-01 -3.544060175397706347e-01 0.000000000000000000e+00
-2.852188316986225547e-01 -3.508159430144355828e-01 0.000000000000000000e+00
-2.950122005816820381e-01 -3.469472076474525712e-01 0.000000000000000000e+00
-3.047106084200474907e-01 -3.428014569294726699e-01 0.000000000000000000e+00
-3.143119934819657013e-01 -3.383891114541646705e-01 0.000000000000000000e+00
-3.238162909098397657e-01 -3.337286076566541304e-01 0.000000000000000000e+00
-3.332254169317053760e-01 -3.288446828923907161e-01 0.000000000000000000e+00
-3.425429792705378396e-01 -3.237659618687548924e-01 0.000000000000000000e+00
-3.517737481061077309e-01 -3.185221658647998111e-01 0.000000000000000000e+00
-3.609229554531681594e-01 -3.131412913052466496e-01 0.000000000000000000e+00
-3.699955142422845511e-01 -3.076470889715159918e-01 0.000000000000000000e+00
-3.789952590740805483e-01 -3.020571229271598046e-01 0.000000000000000000e+00
-3.879243075700863352e-01 -2.963816066569191499e-01 0.000000000000000000e+00
-3.967826252011422694e-01 -2.906231135716667024e-01 0.000000000000000000e+00
-4.055678497700915819e-01 -2.847771522520118892e-01 0.000000000000000000e+00
-4.142753979621370819e-01 -2.788334961806078760e-01 0.000000000000000000e+00
-4.228988399557938593e-01 -2.727780746280226709e-01 0.000000000000000000e+00
-4.314304936537661783e-01 -2.665951747074641331e-01 0.000000000000000000e+00
-4.398621619572248287e-01 -2.602696798704861036e-01 0.000000000000000000e+00
-4.481859181238392886e-01 -2.537890788086390459e-01 0.000000000000000000e+00
-4.563948378098778846e-01 -2.471450184069126921e-01 0.000000000000000000e+00
-4.644835825782772099e-01 -2.403342390702208342e-01 0.000000000000000000e+00
-4.724487575660743510e-01 -2.333588117099509029e-01 0.000000000000000000e+00
-4.802889933182551419e-01 -2.262256826468630744e-01 0.000000000000000000e+00
-4.880047350548074037e-01 -2.189456150679023883e-01 0.000000000000000000e+00
-4.955977577001738354e-01 -2.115316838439884606e-01 0.000000000000000000e+00
-5.030704575575856152e-01 -2.039975269321677720e-01 0.000000000000000000e+00
-5.104249976072077200e-01 -1.963555766183164852e-01 0.000000000000000000e+00
-5.176623999439330381e-01 -1.886154862379244568e-01 0.000000000000000000e+00
-5.247816839617351903e-01 -1.807829348678314241e-01 0.000000000000000000e+00
-5.317791420844332206e-01 -1.728589389487922290e-01 0.000000000000000000e+00
-5.386478271584405064e-01 -1.648397332922574843e-01 0.000000000000000000e+00
-5.453772994130489105e-01 -1.567172131472748808e-01 0.000000000000000000e+00
-5.519536495353791761e-01 -1.484798628291422729e-01 0.000000000000000000e+00
-5.583597818750837272e-01 -1.401140427841732761e-01 0.000000000000000000e+00
-5.645759121620401721e-01 -1.316054719449629151e-01 0.000000000000000000e+00
-5.705802110547862904e-01 -1.229407293042765748e-01 0.000000000000000000e+00
-5.763495111439794760e-01 -1.141086083667532253e-01 0.000000000000000000e+00
-5.818599923151610565e-01 -1.051011881940509402e-01 0.000000000000000000e+00
-5.870877688329121380e-01 -9.591453030415891812e-02 0.000000000000000000e+00
-5.920093199319909072e-01 -8.654896507454806764e-02 0.000000000000000000e+00
-5.966017316178675589e-01 -7.700898698684451038e-02 0.000000000000000000e+00
-6.008427473681868802e-01 -6.730282759314148988e-02 0.000000000000000000e+00
-6.047106555469595746e-01 -5.744181210017410694e-02 0.000000000000000000e+00
-6.081840676260715783e-01 -4.743962544592658648e-02 0.000000000000000000e+00
-6.112416602540483579e-01 -3.731161458915279588e-02 0.000000000000000000e+00
-6.138619632274118221e-01 -2.707423599141922307e-02 0.000000000000000000e+00
-6.160232731484167612e-01 -1.674472400586047779e-02 0.000000000000000000e+00
-6.177037590495190189e-01 -6.341012225088178168e-03 0.000000000000000000e+00
-6.188818030007560145e-01 4.118107738306022413e-03 0.000000000000000000e+00
-6.195365884087564723e-01 1.461265011610500195e-02 0.000000000000000000e+00
-6.196489150061319506e-01 2.512101662024791848e-02 0.000000000000000000e+00
-6.192021865445018758e-01 3.561961139137120175e-02 0.000000000000000000e+00
-6.181834890576413111e-01 4.608260747880182223e-02 0.000000000000000000e+00
-6.165846578549856183e-01 5.648196735595446133e-02 0.000000000000000000e+00
-6.144032227881637276e-01 6.678778775726591788e-02 0.000000000000000000e+00
-6.116431251708421835e-01 7.696899459459949355e-02 0.000000000000000000e+00
-6.083151159334365676e-01 8.699436282407277399e-02 0.000000000000000000e+00
-6.044367716073998364e-01 9.683378581985446765e-02 0.000000000000000000e+00
-6.000320997187552630e-01 1.064596760672072567e-01 0.000000000000000000e+00
-5.951307443248540219e-01 1.158483499466718275e-01 0.000000000000000000e+00
-5.897668414284576999e-01 1.249812384884934208e-01 0.000000000000000000e+00
-5.839776085083306922e-01 1.338457753699771602e-01 0.000000000000000000e+00
-5.778017785639790738e-01 1.424358426200079408e-01 0.000000000000000000e+00
-5.712780039704868917e-01 1.507517003835494307e-01 0.000000000000000000e+00
-5.644433574401392928e-01 1.587993843243240555e-01 0.000000000000000000e+00
-5.573320463165430949e-01 1.665896158368890823e-01 0.000000000000000000e+00
-5.499744335879442891e-01 1.741363284896109698e-01 0.000000000000000000e+00
-5.423964270218103456e-01 1.814549615528964488e-01 0.000000000000000000e+00
-5.346192603204480420e-01 1.885607018064585083e-01 0.000000000000000000e+00
-5.266596513815888780e-01 1.954668638140501791e-01 0.000000000000000000e+00
-5.185302869051420238e-01 2.021835848596975904e-01 0.000000000000000000e+00
-5.102405535877443388e-01 2.087169749796816409e-01 0.000000000000000000e+00
-5.017974169990386812e-01 2.150688089928176061e-01 0.000000000000000000e+00
-4.932063417471072020e-01 2.212367824404958272e-01 0.000000000000000000e+00
-4.844721511334406649e-01 2.272152847774696893e-01 0.000000000000000000e+00
-4.755997401737883101e-01 2.329965794889296005e-01 0.000000000000000000e+00
-4.665945803546569515e-01 2.385722300814422103e-01 0.000000000000000000e+00
-4.574629845672195105e-01 2.439345796665434718e-01 0.000000000000000000e+00
-4.482121325074818752e-01 2.490780843644308518e-01 0.000000000000000000e+00
-4.388498865566924922e-01 2.540003183394010655e-01 0.000000000000000000e+00
-4.293844522441399580e-01 2.587025091524872700e-01 0.000000000000000000e+00
-4.198239531345324682e-01 2.631895215334107974e-01 0.000000000000000000e+00
-4.101759957840658832e-01 2.674692784630132159e-01 0.000000000000000000e+00
-4.004472959785047581e-01 2.715516818750934314e-01 0.000000000000000000e+00
-3.906434238153479455e-01 2.754471620803615739e-01 0.000000000000000000e+00
-3.807687044873281912e-01 2.791650365723196692e-01 0.000000000000000000e+00
-3.708262868925561451e-01 2.827118883155154139e-01 0.000000000000000000e+00
-3.608183669224521717e-01 2.860901766936005952e-01 0.000000000000000000e+00
-3.507465299497938838e-01 2.892972699845619555e-01 0.000000000000000000e+00
-3.406121606923981915e-01 2.923250389365251722e-01 0.000000000000000000e+00
-3.304168604549759247e-01 2.951600823508870319e-01 0.000000000000000000e+00
-3.201628128147149255e-01 2.977845757374237845e-01 0.000000000000000000e+00
-3.098530489083037853e-01 3.001776529145447348e-01 0.000000000000000000e+00
-2.994915811476232537e-01 3.023171581599339297e-01 0.000000000000000000e+00
-2.890833969266917158e-01 3.041815526261733571e-01 0.000000000000000000e+00
-2.786343284364404260e-01 3.057517306605162521e-01 0.000000000000000000e+00
-2.681508375161854030e-01 3.070125038513130122e-01 0.000000000000000000e+00
-2.576397721364127036e-01 3.079535438791303203e-01 0.000000000000000000e+00
-2.471081608329883383e-01 3.085696365549485676e-01 0.000000000000000000e+00
-2.365631114001943980e-01 3.088601821780567747e-01 0.000000000000000000e+00
-2.260118698608951371e-01 3.088279720619904745e-01 0.000000000000000000e+00
-2.154620759961167753e-01 3.084773664717800346e-01 0.000000000000000000e+00
-2.049222246660813429e-01 3.078120835186445303e-01 0.000000000000000000e+00
-1.944023109940732907e-01 3.068328709293516310e-01 0.000000000000000000e+00
-1.839146061145225941e-01 3.055353644820194003e-01 0.000000000000000000e+00
-1.734744827336489603e-01 3.039084330953216173e-01 0.000000000000000000e+00
-1.631011900528662739e-01 3.019332700046594709e-01 0.000000000000000000e+00
-1.528184687190163316e-01 2.995834154602388666e-01 0.000000000000000000e+00
-1.426549002576890934e-01 2.968257963583137982e-01 0.000000000000000000e+00
-1.326439023164253939e-01 2.936227529513713019e-01 0.000000000000000000e+00
-1.228233098233739856e-01 2.899349052484562206e-01 0.000000000000000000e+00
-1.132345201978302712e-01 2.857246056101434561e-01 0.000000000000000000e+00
-1.039212241561840999e-01 2.809596421947608835e-01 0.000000000000000000e+00
-9.492778776507547478e-02 2.756168107571963510e-01 0.000000000000000000e+00
-8.629739125612741202e-02 2.696849665857252165e-01 0.000000000000000000e+00
-7.807006108831776592e-02 2.631672062533150225e-01 0.000000000000000000e+00
-7.028075003337851123e-02 2.560819075656809440e-01 0.000000000000000000e+00
-6.295762319317166344e-02 2.484624680442392708e-01 0.000000000000000000e+00
-5.612069500038384395e-02 2.403557158961998341e-01 0.000000000000000000e+00
-4.978093434252967020e-02 2.318191083065858915e-01 0.000000000000000000e+00
-4.393991462492465722e-02 2.229169644310011744e-01 0.000000000000000000e+00
-3.859003692594010354e-02 2.137160896055795012e-01 0.000000000000000000e+00
-3.371530246614485443e-02 2.042812202255965548e-01 0.000000000000000000e+00
-2.929256091160993905e-02 1.946707464608126437e-01 0.000000000000000000e+00
-2.529311887068527026e-02 1.849331483448924118e-01 0.000000000000000000e+00
-2.168456283632327550e-02 1.751045111265050469e-01 0.000000000000000000e+00
-1.843263596735322807e-02 1.652073748450310076e-01 0.000000000000000000e+00
-1.550300999356824840e-02 1.552510323953869842e-01 0.000000000000000000e+00
-1.286281179727996778e-02 1.452332349214918161e-01 0.000000000000000000e+00
-1.048179665286433186e-02 1.351431101854523309e-01 0.000000000000000000e+00
-8.333102887323065935e-03 1.249649655934171461e-01 0.000000000000000000e+00
-6.393570892755847009e-03 1.146825479373377449e-01 0.000000000000000000e+00
-4.643657425275904589e-03 1.042832781505344808e-01 0.000000000000000000e+00
-3.067018474562388432e-03 9.376197804369759692e-02 0.000000000000000000e+00
-1.649865896974311808e-03 8.312365790629097639e-02 0.000000000000000000e+00
-3.802209517331434281e-04 7.238503392966444405e-02 0.000000000000000000e+00
7.528099743348093485e-04 6.157458211833510831e-02 0.000000000000000000e+00
1.759625757829823538e-03 5.073109588723312413e-02 0.000000000000000000e+00
2.650502711219644269e-03 3.990088038465787468e-02 0.000000000000000000e+00
3.435701701010280846e-03 2.913386945948918255e-02 0.000000000000000000e+00
4.125306138762354496e-03 1.847907410428295191e-02 0.000000000000000000e+00
4.728829269069549993e-03 7.979850331905177091e-03 0.000000000000000000e+00
5.254665890114580511e-03 -2.330499288464888893e-03 0.000000000000000000e+00
5.709489731915873278e-03 -1.243230607135567198e-02 0.000000000000000000e+00
6.097709630631556292e-03 -2.232189632348339017e-02 0.000000000000000000e+00
6.421093555414039526e-03 -3.201245921450190934e-02 0.000000000000000000e+00
6.678649634961218197e-03 -4.153330543284257381e-02 0.000000000000000000e+00
6.866819764713803266e-03 -5.092757183914117802e-02 0.000000000000000000e+00
7.011339067773274952e-03 -6.955530210757011889e-02 0.000000000000000000e+00
