0.000000000000000000e+00 7.930862010007666552e-01 1.160659011823677589e-01
0.000000000000000000e+00 7.915493267345138362e-01 1.097564445178648151e-01
0.000000000000000000e+00 7.898559380630186810e-01 1.034587506261463868e-01
0.000000000000000000e+00 7.879984907845374309e-01 9.716563393753233080e-02
0.000000000000000000e+00 7.859680601012914991e-01 9.087253593326036216e-02
0.000000000000000000e+00 7.837546126700517535e-01 8.457805127527551203e-02
0.000000000000000000e+00 7.813473547279677911e-01 7.828432615364104563e-02
0.000000000000000000e+00 7.787351403074539435e-01 7.199731123332735183e-02
0.000000000000000000e+00 7.759069199187194066e-01 6.572685885026754993e-02
0.000000000000000000e+00 7.728522076389481299e-01 5.948666176769308589e-02
0.000000000000000000e+00 7.695615434484718298e-01 5.329403843378890254e-02
0.000000000000000000e+00 7.660269279543587828e-01 4.716957686697638430e-02
0.000000000000000000e+00 7.622422083080226951e-01 4.113665565629640031e-02
0.000000000000000000e+00 7.582033970356032437e-01 3.522086577785902423e-02
0.000000000000000000e+00 7.539089094588389273e-01 2.944936074412925556e-02
0.000000000000000000e+00 7.493597101257514215e-01 2.385016485748039927e-02
0.000000000000000000e+00 7.445593638831379257e-01 1.845146996366857362e-02
0.000000000000000000e+00 7.395139925688519744e-01 1.328095012128847549e-02
0.000000000000000000e+00 7.342321434394130097e-01 8.365121138345438939e-03
0.000000000000000000e+00 7.287245800547093033e-01 3.728768177601957806e-03
0.000000000000000000e+00 7.230040101333239377e-01 -6.055401329156806381e-04
0.000000000000000000e+00 7.170847676444798147e-01 -4.617838110395706443e-03
0.000000000000000000e+00 7.109824679634644262e-01 -8.291042787102017447e-03
0.000000000000000000e+00 7.047136552163227874e-01 -1.161112568554198594e-02
0.000000000000000000e+00 6.982954599920878636e-01 -1.456718070830430312e-02
0.000000000000000000e+00 6.917452835061645988e-01 -1.715139706744928799e-02
0.000000000000000000e+00 6.850805212323254345e-01 -1.935895009541677148e-02
0.000000000000000000e+00 6.783183352223219886e-01 -2.118782561474277445e-02
0.000000000000000000e+00 6.714754800872204665e-01 -2.263859519067479634e-02
0.000000000000000000e+00 6.645681832357324126e-01 -2.371416002295751238e-02
0.000000000000000000e+00 6.576120757693665331e-01 -2.441948050416597321e-02
0.000000000000000000e+00 6.506221667223355265e-01 -2.476130670889450935e-02
0.000000000000000000e+00 6.436128503679756641e-01 -2.474792247034104942e-02
0.000000000000000000e+00 6.365979342989522838e-01 -2.438891248570378839e-02
0.000000000000000000e+00 6.295906750612253466e-01 -2.369495833713965161e-02
0.000000000000000000e+00 6.226038083372362752e-01 -2.267766569998912185e-02
0.000000000000000000e+00 6.156495620037367722e-01 -2.134942160573694361e-02
0.000000000000000000e+00 6.087396427238827012e-01 -1.972327767852788405e-02
0.000000000000000000e+00 6.018851898869634898e-01 -1.781285297310959692e-02
0.000000000000000000e+00 5.950966944361888444e-01 -1.563224855529082857e-02
0.000000000000000000e+00 5.883838841345891968e-01 -1.319596536520940312e-02
0.000000000000000000e+00 5.817555807966081627e-01 -1.051881720172026698e-02
0.000000000000000000e+00 5.752195386419601819e-01 -7.615831807318898354e-03
0.000000000000000000e+00 5.687822759133085437e-01 -4.502134898179370806e-03
0.000000000000000000e+00 5.624489139872075327e-01 -1.192814400316848404e-03
0.000000000000000000e+00 5.562230392067534224e-01 2.297235092729117256e-03
0.000000000000000000e+00 5.501066024586714898e-01 5.953484770816608665e-03
0.000000000000000000e+00 5.440998700772731178e-01 9.761955387147160795e-03
0.000000000000000000e+00 5.382014370427284922e-01 1.370940445653071049e-02
0.000000000000000000e+00 5.324083097991173519e-01 1.778350721438460777e-02
0.000000000000000000e+00 5.267160615757906506e-01 2.197302067852232796e-02
0.000000000000000000e+00 5.211190581463958083e-01 2.626792000876776098e-02
0.000000000000000000e+00 5.156107468429523832e-01 3.065949710884344898e-02
0.000000000000000000e+00 5.101839967215958671e-01 3.514041303641102232e-02
0.000000000000000000e+00 5.048314734158987349e-01 3.970469818962026748e-02
0.000000000000000000e+00 4.995460287516684250e-01 4.434769727014300361e-02
0.000000000000000000e+00 4.943210829230381131e-01 4.906595948055736400e-02
0.000000000000000000e+00 4.891509761620089214e-01 5.385707805791140751e-02
0.000000000000000000e+00 4.840312675028407008e-01 5.871948681422575061e-02
0.000000000000000000e+00 4.789589604795221334e-01 6.365222458468329514e-02
0.000000000000000000e+00 4.739326393243769031e-01 6.865468112715170101e-02
0.000000000000000000e+00 4.689525042801810373e-01 7.372633985789431299e-02
0.000000000000000000e+00 4.640203007227858834e-01 7.886653368258164654e-02
0.000000000000000000e+00 4.591391435611521521e-01 8.407422998577405993e-02
0.000000000000000000e+00 4.543132454215046967e-01 8.934785954339836966e-02
0.000000000000000000e+00 4.495475639814002777e-01 9.468520176367596630e-02
0.000000000000000000e+00 4.448473900400392589e-01 1.000833353586967067e-01
0.000000000000000000e+00 4.402179030575655294e-01 1.055386594856198290e-01
0.000000000000000000e+00 4.356637245838551054e-01 1.110469858150639616e-01
0.000000000000000000e+00 4.311885019193458235e-01 1.166036971692683000e-01
0.000000000000000000e+00 4.267945542995146280e-01 1.222039636338468210e-01
0.000000000000000000e+00 4.224826117797115810e-01 1.278430026995560076e-01
0.000000000000000000e+00 4.182516728533530737e-01 1.335163663343818530e-01
0.000000000000000000e+00 4.140990008272982248e-01 1.392202351861309417e-01
0.000000000000000000e+00 4.100202713892580064e-01 1.449516985829018556e-01
0.000000000000000000e+00 4.060098750276934232e-01 1.507089987761995598e-01
0.000000000000000000e+00 4.020613684872266780e-01 1.564917190224650034e-01
0.000000000000000000e+00 3.981680598056591691e-01 1.623008976013095572e-01
0.000000000000000000e+00 3.943237022558587768e-01 1.681390536143536618e-01
0.000000000000000000e+00 3.905232642767010875e-01 1.740101152072511814e-01
0.000000000000000000e+00 3.867637357531791831e-01 1.799192464476392361e-01
0.000000000000000000e+00 3.830449262564493140e-01 1.858725751549174798e-01
0.000000000000000000e+00 3.793702084385782158e-01 1.918768301571908141e-01
0.000000000000000000e+00 3.757471599274082585e-01 1.979389023727295416e-01
0.000000000000000000e+00 3.721880598749126579e-01 2.040653494101359600e-01
0.000000000000000000e+00 3.687102017166042911e-01 2.102618677139784231e-01
0.000000000000000000e+00 3.653359914867523872e-01 2.165327593621166058e-01
0.000000000000000000e+00 3.620928108476789697e-01 2.228804222273411961e-01
0.000000000000000000e+00 3.590126353484590083e-01 2.293048922130400125e-01
0.000000000000000000e+00 3.561314107450881949e-01 2.358034646176899729e-01
0.000000000000000000e+00 3.534882028372410279e-01 2.423704184311738230e-01
0.000000000000000000e+00 3.511241485193858924e-01 2.489968626684947173e-01
0.000000000000000000e+00 3.490812469248466554e-01 2.556707179432841093e-01
0.000000000000000000e+00 3.474010390234614221e-01 2.623768396899178734e-01
0.000000000000000000e+00 3.461232312613559126e-01 2.690972821321883646e-01
0.000000000000000000e+00 3.452843233640922049e-01 2.758116946775526768e-01
0.000000000000000000e+00 3.449163019624376103e-01 2.824978353104440898e-01
0.000000000000000000e+00 3.450454601038868696e-01 2.891321791746930270e-01
0.000000000000000000e+00 3.456913980138967557e-01 2.956905952452217323e-01
0.000000000000000000e+00 3.468662528703029824e-01 3.021490601047414626e-01
0.000000000000000000e+00 3.485741952157052626e-01 3.084843755954141953e-01
0.000000000000000000e+00 3.508112174614664291e-01 3.146748566485148002e-01
0.000000000000000000e+00 3.535652263548129115e-01 3.207009569452053399e-01
0.000000000000000000e+00 3.568164369905987843e-01 3.265458031618515000e-01
0.000000000000000000e+00 3.605380516981022132e-01 3.321956132356863600e-01
0.000000000000000000e+00 3.646971936690482918e-01 3.376399800908083670e-01
0.000000000000000000e+00 3.692560532244419380e-01 3.428720092533885655e-01
0.000000000000000000e+00 3.741731947739003750e-01 3.478883063641755591e-01
0.000000000000000000e+00 3.794049653166917113e-01 3.526888183375928021e-01
0.000000000000000000e+00 3.849069411400876106e-01 3.572765393828025715e-01
0.000000000000000000e+00 3.906353483955457007e-01 3.616570998731358233e-01
0.000000000000000000e+00 3.965483955091104740e-01 3.658382617482104915e-01
0.000000000000000000e+00 4.026074607651534132e-01 3.698293484441672607e-01
0.000000000000000000e+00 4.087780865800882402e-01 3.736406400407231154e-01
0.000000000000000000e+00 4.150307424931533595e-01 3.772827652543146448e-01
0.000000000000000000e+00 4.213413311596229116e-01 3.807661210634498694e-01
0.000000000000000000e+00 4.276914249630490161e-01 3.841003481996152491e-01
0.000000000000000000e+00 4.340682345410448173e-01 3.872938866489748500e-01
0.000000000000000000e+00 4.404643238071824229e-01 3.903536299500832696e-01
0.000000000000000000e+00 4.468770982442600848e-01 3.932846907770187750e-01
0.000000000000000000e+00 4.533081037064378149e-01 3.960902834538886363e-01
0.000000000000000000e+00 4.597621811697246708e-01 3.987717220717958422e-01
0.000000000000000000e+00 4.662465284161769197e-01 4.013285261921046843e-01
0.000000000000000000e+00 4.727697222856180881e-01 4.037586201164317101e-01
0.000000000000000000e+00 4.793407548044779087e-01 4.060586067337416116e-01
0.000000000000000000e+00 4.859681332972169421e-01 4.082240933001030081e-01
0.000000000000000000e+00 4.926590887545929109e-01 4.102500443645210604e-01
0.000000000000000000e+00 4.994189286706406938e-01 4.121311365264777593e-01
0.000000000000000000e+00 5.062505607807206154e-01 4.138620907978358687e-01
0.000000000000000000e+00 5.131542032367404360e-01 4.154379609436199550e-01
0.000000000000000000e+00 5.201272853934967300e-01 4.168543600996430509e-01
0.000000000000000000e+00 5.271645322145120938e-01 4.181076129361832594e-01
0.000000000000000000e+00 5.342582149724183216e-01 4.191948263194700819e-01
0.000000000000000000e+00 5.413985419900414486e-01 4.201138774389123753e-01
0.000000000000000000e+00 5.485741561205438321e-01 4.208633243230628374e-01
0.000000000000000000e+00 5.557727008532371560e-01 4.214422491743836097e-01
0.000000000000000000e+00 5.629814145709651774e-01 4.218500496574105196e-01
0.000000000000000000e+00 5.701877126403187557e-01 4.220861968769245576e-01
0.000000000000000000e+00 5.773797196018340960e-01 4.221499810555225385e-01
0.000000000000000000e+00 5.845467185157424694e-01 4.220402667242347250e-01
0.000000000000000000e+00 5.916794911560021575e-01 4.217552785320798914e-01
0.000000000000000000e+00 5.987705307753744544e-01 4.212924366154638389e-01
0.000000000000000000e+00 6.058141180588964003e-01 4.206482569953733930e-01
0.000000000000000000e+00 6.128062600746625455e-01 4.198183279232267640e-01
0.000000000000000000e+00 6.197445009477783318e-01 4.187973677784520565e-01
0.000000000000000000e+00 6.266276210846153383e-01 4.175793643856516857e-01
0.000000000000000000e+00 6.334552485819389123e-01 4.161577898472086923e-01
0.000000000000000000e+00 6.402274115814706734e-01 4.145258795617694503e-01
0.000000000000000000e+00 6.469440634998533390e-01 4.126769593818235826e-01
0.000000000000000000e+00 6.536046141285168920e-01 4.106048011711505019e-01
0.000000000000000000e+00 6.602074985427490716e-01 4.083039846063046818e-01
0.000000000000000000e+00 6.667498127010054176e-01 4.057702420949359512e-01
0.000000000000000000e+00 6.732270397925708139e-01 4.030007642340540652e-01
0.000000000000000000e+00 6.796328851469127796e-01 3.999944452817309481e-01
0.000000000000000000e+00 6.859592302754853321e-01 3.967520515473793030e-01
0.000000000000000000e+00 6.921962088535000834e-01 3.932763002098654259e-01
0.000000000000000000e+00 6.983323996649452026e-01 3.895718415633047105e-01
0.000000000000000000e+00 7.043551242193727413e-01 3.856451437221696255e-01
0.000000000000000000e+00 7.102508303545619350e-01 3.815042850072394853e-01
0.000000000000000000e+00 7.160055380488661303e-01 3.771586651853389149e-01
0.000000000000000000e+00 7.216053201747881785e-01 3.726186520636195487e-01
0.000000000000000000e+00 7.270367892182869607e-01 3.678951842942160821e-01
0.000000000000000000e+00 7.322875611373066418e-01 3.629993543367131537e-01
0.000000000000000000e+00 7.373466694900007168e-01 3.579419971404313450e-01
0.000000000000000000e+00 7.422049065665187184e-01 3.527333101237725144e-01
0.000000000000000000e+00 7.468550732451566532e-01 3.473825284211741748e-01
0.000000000000000000e+00 7.512921253184302595e-01 3.418976762189345209e-01
0.000000000000000000e+00 7.555132106921265134e-01 3.362854104864824722e-01
0.000000000000000000e+00 7.595175987129360040e-01 3.305509677943397340e-01
0.000000000000000000e+00 7.633065094860712607e-01 3.246982185306383495e-01
0.000000000000000000e+00 7.668828569856593891e-01 3.187298260727178811e-01
0.000000000000000000e+00 7.702509246705057100e-01 3.126475017549193991e-01
0.000000000000000000e+00 7.734159959019818453e-01 3.064523402164600063e-01
0.000000000000000000e+00 7.763839635161220443e-01 3.001452143088623181e-01
0.000000000000000000e+00 7.791609433277204566e-01 2.937272045374453300e-01
0.000000000000000000e+00 7.817529151468787241e-01 2.872000352826041270e-01
0.000000000000000000e+00 7.841654121798190546e-01 2.805664889834188491e-01
0.000000000000000000e+00 7.864032756740844121e-01 2.738307701581766396e-01
0.000000000000000000e+00 7.884704866431798687e-01 2.669987935673498458e-01
0.000000000000000000e+00 7.903700808185845084e-01 2.600783748722624300e-01
0.000000000000000000e+00 7.921041470170151477e-01 2.530793075857064034e-01
0.000000000000000000e+00 7.936739032790999238e-01 2.460133166411909711e-01
0.000000000000000000e+00 7.950798398191843974e-01 2.388938861488480170e-01
0.000000000000000000e+00 7.963219133725749632e-01 2.317359664354866067e-01
0.000000000000000000e+00 7.973997742223031260e-01 2.245555728399161455e-01
0.000000000000000000e+00 7.983130052391732567e-01 2.173692955137951077e-01
0.000000000000000000e+00 7.990613517910242214e-01 2.101937452558352293e-01
0.000000000000000000e+00 7.996449223857529098e-01 2.030449648321442091e-01
0.000000000000000000e+00 8.000643423250008990e-01 1.959378380339230619e-01
0.000000000000000000e+00 8.003208462865366579e-01 1.888855297154525548e-01
0.000000000000000000e+00 8.004163003683488764e-01 1.818989891647749546e-01
0.000000000000000000e+00 8.003531493988632617e-01 1.749865464205928312e-01
0.000000000000000000e+00 8.001342908869100157e-01 1.681536267031260024e-01
0.000000000000000000e+00 7.997628824761092714e-01 1.614026022148985495e-01
0.000000000000000000e+00 7.992420948127045843e-01 1.547327935158400170e-01
0.000000000000000000e+00 7.985748259965039786e-01 1.481406248780526569e-01
0.000000000000000000e+00 7.977633969778292755e-01 1.416199299145948221e-01
0.000000000000000000e+00 7.968092491770738528e-01 1.351623958068219056e-01
0.000000000000000000e+00 7.957126661104533261e-01 1.287581270705104308e-01
0.000000000000000000e+00 7.930862010007666552e-01 1.160659011823677589e-01
