0.000000000000000000e+00 6.856366699119530450e-01 -1.792691161470543193e-01
0.000000000000000000e+00 6.858770625472003779e-01 -1.951418410916692936e-01
0.000000000000000000e+00 6.850065674893653922e-01 -2.118980537411346843e-01
0.000000000000000000e+00 6.828060636749279100e-01 -2.296298511269852516e-01
0.000000000000000000e+00 6.790555233879672636e-01 -2.481384381257919491e-01
0.000000000000000000e+00 6.735890469919912915e-01 -2.669960528352231521e-01
0.000000000000000000e+00 6.663282855130161497e-01 -2.856564222435276634e-01
0.000000000000000000e+00 6.572845151682799036e-01 -3.035730438767067496e-01
0.000000000000000000e+00 6.465340741172721506e-01 -3.202897785209278814e-01
0.000000000000000000e+00 6.341832055258328493e-01 -3.354849770349743188e-01
0.000000000000000000e+00 6.203414356313886602e-01 -3.489703999410976865e-01
0.000000000000000000e+00 6.051162666063838458e-01 -3.606612151753315065e-01
0.000000000000000000e+00 5.886294708721785396e-01 -3.705384701271633441e-01
0.000000000000000000e+00 5.710428376328319233e-01 -3.786207152852281710e-01
0.000000000000000000e+00 5.525750283992219014e-01 -3.849512002747553785e-01
0.000000000000000000e+00 5.334944696521778384e-01 -3.895971904379177952e-01
0.000000000000000000e+00 5.140846249073145469e-01 -3.926530140345533271e-01
0.000000000000000000e+00 4.945922119587398691e-01 -3.942396524790106604e-01
0.000000000000000000e+00 4.751790632390915370e-01 -3.944987958301244269e-01
0.000000000000000000e+00 4.558991469012774189e-01 -3.935842977514661944e-01
0.000000000000000000e+00 4.367127815867228313e-01 -3.916555430212961264e-01
0.000000000000000000e+00 4.175341669898962604e-01 -3.888746119966400294e-01
0.000000000000000000e+00 3.982931388893948821e-01 -3.854044243297307659e-01
0.000000000000000000e+00 3.789847060185036476e-01 -3.814019565836518910e-01
0.000000000000000000e+00 3.596842945722770746e-01 -3.770020906246596137e-01
0.000000000000000000e+00 3.405213192199906813e-01 -3.722938633113098139e-01
0.000000000000000000e+00 3.216224760782993575e-01 -3.672988084388301711e-01
0.000000000000000000e+00 3.030505844157535544e-01 -3.619657808605393767e-01
0.000000000000000000e+00 2.847680483894959869e-01 -3.561939715880958479e-01
0.000000000000000000e+00 2.666440210753680540e-01 -3.498849874745102451e-01
0.000000000000000000e+00 2.485050345718041176e-01 -3.430096309497014384e-01
0.000000000000000000e+00 2.302085673210149674e-01 -3.356625075188421348e-01
0.000000000000000000e+00 2.117069789840660132e-01 -3.280751883580068640e-01
0.000000000000000000e+00 1.930714226624320462e-01 -3.205701916062028145e-01
0.000000000000000000e+00 1.744616110017365718e-01 -3.134611847606765811e-01
0.000000000000000000e+00 1.560511940648979523e-01 -3.069310759535037181e-01
0.000000000000000000e+00 1.379397636399192495e-01 -3.009374401847228486e-01
0.000000000000000000e+00 1.200914761875877118e-01 -2.951942071425519010e-01
0.000000000000000000e+00 1.023321917809750653e-01 -2.892565114028921025e-01
0.000000000000000000e+00 8.441425315195338897e-02 -2.826978891869202370e-01
0.000000000000000000e+00 6.612945237862505321e-02 -2.753291098122121472e-01
0.000000000000000000e+00 4.742817867798950621e-02 -2.673821726466514836e-01
0.000000000000000000e+00 2.849606687642442307e-02 -2.595838576853497504e-01
0.000000000000000000e+00 9.752321800661203563e-03 -2.530736487612633701e-01
0.000000000000000000e+00 -8.238019559031872080e-03 -2.491721244471677976e-01
0.000000000000000000e+00 -2.491300465779333964e-02 -2.490601555784057730e-01
0.000000000000000000e+00 -3.987466577755050673e-02 -2.534659523075012966e-01
0.000000000000000000e+00 -5.300649485393758853e-02 -2.624610653650841230e-01
0.000000000000000000e+00 -6.450668679091516033e-02 -2.754344827766776471e-01
0.000000000000000000e+00 -7.482627653345488850e-02 -2.912562228231938000e-01
0.000000000000000000e+00 -8.453505062409917559e-02 -3.085787256298743730e-01
0.000000000000000000e+00 -9.416279938494756530e-02 -3.261788575808103885e-01
0.000000000000000000e+00 -1.040699439263641501e-01 -3.432321536645440152e-01
0.000000000000000000e+00 -1.143879706026299237e-01 -3.594379286926051575e-01
0.000000000000000000e+00 -1.250424184434825725e-01 -3.749686372778313626e-01
0.000000000000000000e+00 -1.358405950790936012e-01 -3.902786252703457359e-01
0.000000000000000000e+00 -1.465845373488650905e-01 -4.058532724880988818e-01
0.000000000000000000e+00 -1.571646761739705078e-01 -4.219932362363680856e-01
0.000000000000000000e+00 -1.676019547284165467e-01 -4.387066104289727431e-01
0.000000000000000000e+00 -1.780296626017455475e-01 -4.557345925780356133e-01
0.000000000000000000e+00 -1.886308505015830417e-01 -4.726832173108793667e-01
0.000000000000000000e+00 -1.995630514014574419e-01 -4.891956173033646937e-01
0.000000000000000000e+00 -2.109035791922954095e-01 -5.050898699161422423e-01
0.000000000000000000e+00 -2.226365501169299266e-01 -5.204084405016021764e-01
0.000000000000000000e+00 -2.346831326861004430e-01 -5.353660543705536234e-01
0.000000000000000000e+00 -2.469581139139829518e-01 -5.502257321095334053e-01
0.000000000000000000e+00 -2.594261866640886205e-01 -5.651601972137508811e-01
0.000000000000000000e+00 -2.721336795267946806e-01 -5.801577733553034966e-01
0.000000000000000000e+00 -2.852037511385701607e-01 -5.950091921300972864e-01
0.000000000000000000e+00 -2.987993210071352990e-01 -6.093754637773226568e-01
0.000000000000000000e+00 -3.130710221472346455e-01 -6.229030938040988064e-01
0.000000000000000000e+00 -3.281120377348296091e-01 -6.353354512766106188e-01
0.000000000000000000e+00 -3.439366647964356982e-01 -6.465742995956702543e-01
0.000000000000000000e+00 -3.604878745469829449e-01 -6.566697738979299093e-01
0.000000000000000000e+00 -3.776665928248523207e-01 -6.657489901646930219e-01
0.000000000000000000e+00 -3.953673934413413638e-01 -6.739189995676622136e-01
0.000000000000000000e+00 -4.135047927135505619e-01 -6.811884700995753938e-01
0.000000000000000000e+00 -4.320207787307701053e-01 -6.874415739332372377e-01
0.000000000000000000e+00 -4.508740034911625782e-01 -6.924728777505799737e-01
0.000000000000000000e+00 -4.700194486539276406e-01 -6.960649414321140593e-01
0.000000000000000000e+00 -4.893906639164853911e-01 -6.980726049258589860e-01
0.000000000000000000e+00 -5.088938512287245475e-01 -6.984767022797093716e-01
0.000000000000000000e+00 -5.284160286379168125e-01 -6.973848403101725602e-01
0.000000000000000000e+00 -5.478419781006315104e-01 -6.949806559346408674e-01
0.000000000000000000e+00 -5.670703460931403317e-01 -6.914449378069076335e-01
0.000000000000000000e+00 -5.860200434883892084e-01 -6.868828420146857461e-01
0.000000000000000000e+00 -6.046233369580541472e-01 -6.812871249053447098e-01
0.000000000000000000e+00 -6.228089741296691795e-01 -6.745505712607507975e-01
0.000000000000000000e+00 -6.404838727438272317e-01 -6.665195074750720483e-01
0.000000000000000000e+00 -6.575228408810136482e-01 -6.570638236988531888e-01
0.000000000000000000e+00 -6.737721126944640204e-01 -6.461339896559080698e-01
0.000000000000000000e+00 -6.890660317943857471e-01 -6.337834395001737953e-01
0.000000000000000000e+00 -7.032501087422815544e-01 -6.201511013498668401e-01
0.000000000000000000e+00 -7.162007901321905123e-01 -6.054160565379502756e-01
0.000000000000000000e+00 -7.278338850326563358e-01 -5.897468357121882221e-01
0.000000000000000000e+00 -7.380988403084559613e-01 -5.732676712820062859e-01
0.000000000000000000e+00 -7.469624106127659147e-01 -5.560541113610173447e-01
0.000000000000000000e+00 -7.543897706448572382e-01 -5.381559655846878121e-01
0.000000000000000000e+00 -7.603317706949601629e-01 -5.196334169530029135e-01
0.000000000000000000e+00 -7.647237083717587369e-01 -5.005875625318979560e-01
0.000000000000000000e+00 -7.674954038666507161e-01 -4.811710854415767735e-01
0.000000000000000000e+00 -7.685872288222413973e-01 -4.615754364539397248e-01
0.000000000000000000e+00 -7.679644304504682495e-01 -4.420023637600856148e-01
0.000000000000000000e+00 -7.656235587876534243e-01 -4.226344232569658743e-01
0.000000000000000000e+00 -7.615891598028696752e-01 -4.036183093829124324e-01
0.000000000000000000e+00 -7.559039036906896047e-01 -3.850673071238387979e-01
0.000000000000000000e+00 -7.486184957321917466e-01 -3.670788978047107021e-01
0.000000000000000000e+00 -7.397875362052336312e-01 -3.497557141612695486e-01
0.000000000000000000e+00 -7.294740893667344128e-01 -3.332164417034526593e-01
0.000000000000000000e+00 -7.177607949858304526e-01 -3.175885884495379674e-01
0.000000000000000000e+00 -7.047613503671249502e-01 -3.029846069390937924e-01
0.000000000000000000e+00 -6.906251110501022694e-01 -2.894719364337310918e-01
0.000000000000000000e+00 -6.755300227560480097e-01 -2.770516658377443764e-01
0.000000000000000000e+00 -6.596640503146092849e-01 -2.656575838662731393e-01
0.000000000000000000e+00 -6.432004795486828685e-01 -2.551786119465891955e-01
0.000000000000000000e+00 -6.262755635567154311e-01 -2.454970017385237624e-01
0.000000000000000000e+00 -6.089765387766228333e-01 -2.365271284173642297e-01
0.000000000000000000e+00 -5.913442021008751270e-01 -2.282387801080066336e-01
0.000000000000000000e+00 -5.733886583649748792e-01 -2.206551131642927321e-01
0.000000000000000000e+00 -5.551118870308565656e-01 -2.138262464913070482e-01
0.000000000000000000e+00 -5.365284789065148940e-01 -2.077900869252386762e-01
0.000000000000000000e+00 -5.176771005905179690e-01 -2.025377392163132118e-01
0.000000000000000000e+00 -4.986192954135005850e-01 -1.979991908049841265e-01
0.000000000000000000e+00 -4.794273283901098193e-01 -1.940565220631525756e-01
0.000000000000000000e+00 -4.601668307047533935e-01 -1.905802388903204969e-01
0.000000000000000000e+00 -4.408814968647408183e-01 -1.874743775099086962e-01
0.000000000000000000e+00 -4.215856991860742475e-01 -1.847119666844406483e-01
0.000000000000000000e+00 -4.022674503227183229e-01 -1.823459391411444974e-01
0.000000000000000000e+00 -3.829001936005112516e-01 -1.804902085647736854e-01
0.000000000000000000e+00 -3.634589352572645260e-01 -1.792774410552049613e-01
0.000000000000000000e+00 -3.439351361483323766e-01 -1.788092992371555501e-01
0.000000000000000000e+00 -3.243455952967205791e-01 -1.791179743300878591e-01
0.000000000000000000e+00 -3.047326681452899311e-01 -1.801535019437005836e-01
0.000000000000000000e+00 -2.851557180760745935e-01 -1.818013956569517198e-01
0.000000000000000000e+00 -2.656760157803849109e-01 -1.839233395210759237e-01
0.000000000000000000e+00 -2.463390283274075609e-01 -1.864044585190380299e-01
0.000000000000000000e+00 -2.271590645297279221e-01 -1.891874045860652831e-01
0.000000000000000000e+00 -2.081114514022167628e-01 -1.922773551135337766e-01
0.000000000000000000e+00 -1.891365433050073985e-01 -1.957117523239752244e-01
0.000000000000000000e+00 -1.701575905815553846e-01 -1.995010253400950895e-01
0.000000000000000000e+00 -1.511107735833286392e-01 -2.035576295906197652e-01
0.000000000000000000e+00 -1.319811420237030353e-01 -2.076369479014055774e-01
0.000000000000000000e+00 -1.128341624143926192e-01 -2.113128154096949596e-01
0.000000000000000000e+00 -9.383089645854240934e-02 -2.140025422460949400e-01
0.000000000000000000e+00 -7.521705388070884513e-02 -2.150431998813167045e-01
0.000000000000000000e+00 -5.728266406239491265e-02 -2.138060267597385600e-01
0.000000000000000000e+00 -4.029853321534360849e-02 -2.098232249490561141e-01
0.000000000000000000e+00 -2.444501457399795089e-02 -2.028949774489783031e-01
0.000000000000000000e+00 -9.754230470379354409e-03 -1.931466691608944852e-01
0.000000000000000000e+00 3.914186714578349671e-03 -1.810172911314107957e-01
0.000000000000000000e+00 1.685228729655854560e-02 -1.671775161525394515e-01
0.000000000000000000e+00 2.944023614566923172e-02 -1.523953712812916861e-01
0.000000000000000000e+00 4.205691628950496835e-02 -1.373830691767501944e-01
0.000000000000000000e+00 5.499158731530243843e-02 -1.226652103453384074e-01
0.000000000000000000e+00 6.838454477511060614e-02 -1.085033998203650540e-01
0.000000000000000000e+00 8.221578503130202997e-02 -9.489613008107096459e-02
0.000000000000000000e+00 9.634444960514691736e-02 -8.165015026610750182e-02
0.000000000000000000e+00 1.105840617393381436e-01 -6.849762921987874453e-02
0.000000000000000000e+00 1.247859573587578180e-01 -5.521963825716469376e-02
0.000000000000000000e+00 1.389008169965132156e-01 -4.173581331665948690e-02
0.000000000000000000e+00 1.529969862183243878e-01 -2.813304164606506702e-02
0.000000000000000000e+00 1.672310709600484946e-01 -1.462825520941024235e-02
0.000000000000000000e+00 1.817846118795851118e-01 -1.483954395065989473e-03
0.000000000000000000e+00 1.967932952735573504e-01 1.108869343620030520e-02
0.000000000000000000e+00 2.122971877526642070e-01 2.300143528689844313e-02
0.000000000000000000e+00 2.282311986333660780e-01 3.430882092741954770e-02
0.000000000000000000e+00 2.444582655460418863e-01 4.517107832188212851e-02
0.000000000000000000e+00 2.608304952502100149e-01 5.577697883330470785e-02
0.000000000000000000e+00 2.772526794020749308e-01 6.625840165485565036e-02
0.000000000000000000e+00 2.937224815476529027e-01 7.662966138194697574e-02
0.000000000000000000e+00 3.103318944082827380e-01 8.677247653270343808e-02
0.000000000000000000e+00 3.272307137122153486e-01 9.646720438413160237e-02
0.000000000000000000e+00 3.445678760692101883e-01 1.054514993200643125e-01
0.000000000000000000e+00 3.624343336266387383e-01 1.134773195809175156e-01
0.000000000000000000e+00 3.808287570591158966e-01 1.203405883963087758e-01
0.000000000000000000e+00 3.996563093548647361e-01 1.258731395090124106e-01
0.000000000000000000e+00 4.187562292234599526e-01 1.299067648472736758e-01
0.000000000000000000e+00 4.379425066450834958e-01 1.322347948884508573e-01
0.000000000000000000e+00 4.570384074957949960e-01 1.326000707859298910e-01
0.000000000000000000e+00 4.758911420712355622e-01 1.307271427255922436e-01
0.000000000000000000e+00 4.943645413428982005e-01 1.263953733185426420e-01
0.000000000000000000e+00 5.123194797035409698e-01 1.195276004880674869e-01
0.000000000000000000e+00 5.295982247882380367e-01 1.102563904054739974e-01
0.000000000000000000e+00 5.460268139083030992e-01 9.893339755812619041e-02
0.000000000000000000e+00 5.614399446343278921e-01 8.606689100496492384e-02
0.000000000000000000e+00 5.757203435515706458e-01 7.220090791431602040e-02
0.000000000000000000e+00 5.888352501259549454e-01 5.777516148606626212e-02
0.000000000000000000e+00 6.008512671820703810e-01 4.301655241496604026e-02
0.000000000000000000e+00 6.119165103753230195e-01 2.790493413372143253e-02
0.000000000000000000e+00 6.222126222227664094e-01 1.222972627765404538e-02
0.000000000000000000e+00 6.318927782282001138e-01 -4.280335182277141860e-03
0.000000000000000000e+00 6.410290679923507096e-01 -2.180113088105336758e-02
0.000000000000000000e+00 6.495899900988280073e-01 -4.028964322147178534e-02
0.000000000000000000e+00 6.574570169950892939e-01 -5.944149290057566815e-02
0.000000000000000000e+00 6.644731495970750412e-01 -7.874870897481671406e-02
0.000000000000000000e+00 6.705029994579083663e-01 -9.763969932570486232e-02
0.000000000000000000e+00 6.754790929330074523e-01 -1.156525389946888860e-01
0.000000000000000000e+00 6.794150097421802759e-01 -1.325800104769003229e-01
0.000000000000000000e+00 6.823801765407845332e-01 -1.485349833843135903e-01
0.000000000000000000e+00 6.856366699119530450e-01 -1.792691161470543193e-01
