0.000000000000000000e+00 8.942257544208452869e-01 8.294319204044918459e-02
0.000000000000000000e+00 8.924302832892183623e-01 7.487081161928048345e-02
0.000000000000000000e+00 8.904144103387726661e-01 6.682889680076868621e-02
0.000000000000000000e+00 8.881600937232682069e-01 5.879619225376934294e-02
0.000000000000000000e+00 8.856527659136411712e-01 5.075310249767490955e-02
0.000000000000000000e+00 8.828821728998194063e-01 4.268303227018017953e-02
0.000000000000000000e+00 8.798427977190190763e-01 3.457365783750474680e-02
0.000000000000000000e+00 8.765338152369439584e-01 2.641807154033649907e-02
0.000000000000000000e+00 8.729585712248075779e-01 1.821574785293567089e-02
0.000000000000000000e+00 8.691236275832311398e-01 9.973287309901953876e-03
0.000000000000000000e+00 8.650374622060613694e-01 1.704904334757135782e-03
0.000000000000000000e+00 8.607089516389868633e-01 -6.567364224863841103e-03
0.000000000000000000e+00 8.561457930857884202e-01 -1.481374169069668567e-02
0.000000000000000000e+00 8.513530361428202076e-01 -2.299708563014088089e-02
0.000000000000000000e+00 8.463318919324394063e-01 -3.107354258611358042e-02
0.000000000000000000e+00 8.410789676678800397e-01 -3.899346210836623916e-02
0.000000000000000000e+00 8.355860393891629823e-01 -4.670253917841765690e-02
0.000000000000000000e+00 8.298404275246963335e-01 -5.414314578715490739e-02
0.000000000000000000e+00 8.238259832737931943e-01 -6.125580552626669339e-02
0.000000000000000000e+00 8.175246337698347521e-01 -6.798075976978996959e-02
0.000000000000000000e+00 8.109183762714569088e-01 -7.425957049935121013e-02
0.000000000000000000e+00 8.039915618988408008e-01 -8.003670318883088219e-02
0.000000000000000000e+00 7.967332727514179203e-01 -8.526103350457753249e-02
0.000000000000000000e+00 7.891395765815022445e-01 -8.988722395206648341e-02
0.000000000000000000e+00 7.812154430144044870e-01 -9.387692101574941772e-02
0.000000000000000000e+00 7.729761252720710463e-01 -9.719972973821715267e-02
0.000000000000000000e+00 7.644478502509867157e-01 -9.983393093098140436e-02
0.000000000000000000e+00 7.556677145773690318e-01 -1.017669160737465772e-01
0.000000000000000000e+00 7.466827502871653532e-01 -1.029953261147358995e-01
0.000000000000000000e+00 7.375481952545286379e-01 -1.035248924058016495e-01
0.000000000000000000e+00 7.283250739700989351e-01 -1.033699903784750379e-01
0.000000000000000000e+00 7.190772572459711576e-01 -1.025529287079674223e-01
0.000000000000000000e+00 7.098682189535487908e-01 -1.011030079996444037e-01
0.000000000000000000e+00 7.007577391693109448e-01 -9.905539284370540321e-02
0.000000000000000000e+00 6.917988129006430453e-01 -9.644984883787786900e-02
0.000000000000000000e+00 6.830350106100147034e-01 -9.332940138131619323e-02
0.000000000000000000e+00 6.744985018549165545e-01 -8.973897533220677458e-02
0.000000000000000000e+00 6.662088993568018314e-01 -8.572407380012517231e-02
0.000000000000000000e+00 6.581730123516068565e-01 -8.132955040780062705e-02
0.000000000000000000e+00 6.503855211969180594e-01 -7.659852250614503089e-02
0.000000000000000000e+00 6.428305068024455782e-01 -7.157146346259718461e-02
0.000000000000000000e+00 6.354836956100703427e-01 -6.628550084767162454e-02
0.000000000000000000e+00 6.283152202288697641e-01 -6.077393484349428998e-02
0.000000000000000000e+00 6.212926530077290677e-01 -5.506597831003084281e-02
0.000000000000000000e+00 6.143840487780471982e-01 -4.918670752215142244e-02
0.000000000000000000e+00 6.075607357075228920e-01 -4.315720145454299966e-02
0.000000000000000000e+00 6.007996194688514091e-01 -3.699483836657623675e-02
0.000000000000000000e+00 5.940848133536731357e-01 -3.071371189590667641e-02
0.000000000000000000e+00 5.874084711844048678e-01 -2.432512527710923092e-02
0.000000000000000000e+00 5.807707749472070802e-01 -1.783812179762890235e-02
0.000000000000000000e+00 5.741791080104999834e-01 -1.126001208243892007e-02
0.000000000000000000e+00 5.676465202473314209e-01 -4.596863922246541799e-03
0.000000000000000000e+00 5.611896562992220172e-01 2.146072414750257312e-03
0.000000000000000000e+00 5.548263665323406313e-01 8.964021819253105428e-03
0.000000000000000000e+00 5.485732474255488045e-01 1.585243411866704352e-02
0.000000000000000000e+00 5.424433616619410703e-01 2.280682615809400543e-02
0.000000000000000000e+00 5.364443677733654603e-01 2.982270829046505811e-02
0.000000000000000000e+00 5.305772467850665697e-01 3.689558095385447184e-02
0.000000000000000000e+00 5.248357529931250154e-01 4.402098269245501017e-02
0.000000000000000000e+00 5.192066435653072132e-01 5.119456902581655255e-02
0.000000000000000000e+00 5.136706640446881966e-01 5.841220201590079791e-02
0.000000000000000000e+00 5.082041915303324719e-01 6.567003301536958326e-02
0.000000000000000000e+00 5.027813715927116345e-01 7.296456548376235862e-02
0.000000000000000000e+00 4.973765352472629409e-01 8.029269034338085143e-02
0.000000000000000000e+00 4.919666534479138487e-01 8.765169241834641634e-02
0.000000000000000000e+00 4.865335814847093210e-01 9.503923232556650558e-02
0.000000000000000000e+00 4.810658650178036289e-01 1.024533130693911220e-01
0.000000000000000000e+00 4.755599215504085486e-01 1.098922439449544070e-01
0.000000000000000000e+00 4.700204720331586650e-01 1.173546157601729339e-01
0.000000000000000000e+00 4.644601712565805118e-01 1.248393006386357140e-01
0.000000000000000000e+00 4.588984656731258660e-01 1.323454867984772687e-01
0.000000000000000000e+00 4.533597855952188338e-01 1.398727539872582915e-01
0.000000000000000000e+00 4.478712477220749832e-01 1.474211891760250359e-01
0.000000000000000000e+00 4.424600968439385551e-01 1.549915353324505807e-01
0.000000000000000000e+00 4.371511470077339978e-01 1.625853593644544515e-01
0.000000000000000000e+00 4.319644890358070310e-01 1.702052194435598742e-01
0.000000000000000000e+00 4.269137120230303006e-01 1.778548076231552255e-01
0.000000000000000000e+00 4.220048426931997110e-01 1.855390415749911814e-01
0.000000000000000000e+00 4.172361420044352620e-01 1.932640797973367852e-01
0.000000000000000000e+00 4.125988188937085854e-01 2.010372379753903038e-01
0.000000000000000000e+00 4.080786337702010380e-01 2.088667902018751521e-01
0.000000000000000000e+00 4.036582773608560215e-01 2.167616471223014762e-01
0.000000000000000000e+00 3.993203319180569921e-01 2.247309131345044952e-01
0.000000000000000000e+00 3.950505590850775239e-01 2.327833357246100465e-01
0.000000000000000000e+00 3.908412179744754633e-01 2.409266709094820824e-01
0.000000000000000000e+00 3.866941023952821799e-01 2.491669985803164344e-01
0.000000000000000000e+00 3.826229994676206836e-01 2.575080293493180461e-01
0.000000000000000000e+00 3.786553123588083936e-01 2.659504494716307677e-01
0.000000000000000000e+00 3.748326543512383591e-01 2.744913519425012383e-01
0.000000000000000000e+00 3.712103044922653305e-01 2.831237996264854284e-01
0.000000000000000000e+00 3.678555095376796480e-01 2.918365602484687127e-01
0.000000000000000000e+00 3.648447145557137672e-01 3.006140435794341093e-01
0.000000000000000000e+00 3.622598968357587657e-01 3.094364588063150956e-01
0.000000000000000000e+00 3.601842565014730102e-01 3.182801957707585006e-01
0.000000000000000000e+00 3.586975754813064854e-01 3.271184185744388517e-01
0.000000000000000000e+00 3.578715890523265775e-01 3.359218451602535849e-01
0.000000000000000000e+00 3.577657181150145638e-01 3.446596730746246395e-01
0.000000000000000000e+00 3.584234852646202563e-01 3.533006007837229401e-01
0.000000000000000000e+00 3.598698857351961267e-01 3.618138865510947544e-01
0.000000000000000000e+00 3.621099098923631354e-01 3.701703836104576206e-01
0.000000000000000000e+00 3.651283235665686022e-01 3.783434914832938811e-01
0.000000000000000000e+00 3.688907139333902907e-01 3.863099687397738013e-01
0.000000000000000000e+00 3.733457102998133936e-01 3.940505618752437877e-01
0.000000000000000000e+00 3.784281993843893743e-01 4.015504175463349701e-01
0.000000000000000000e+00 3.840632809850676455e-01 4.087992601964790529e-01
0.000000000000000000e+00 3.901706583166801856e-01 4.157913329417330939e-01
0.000000000000000000e+00 3.966691317669651107e-01 4.225251152496485307e-01
0.000000000000000000e+00 4.034808670261328944e-01 4.290028452200445042e-01
0.000000000000000000e+00 4.105351377030864168e-01 4.352298860901795408e-01
0.000000000000000000e+00 4.177712955271431494e-01 4.412139850801862773e-01
0.000000000000000000e+00 4.251407929059820567e-01 4.469644772986421932e-01
0.000000000000000000e+00 4.326081663070731054e-01 4.524914879060080164e-01
0.000000000000000000e+00 4.401509770956852918e-01 4.578051821952429656e-01
0.000000000000000000e+00 4.477587913441531953e-01 4.629151061343650952e-01
0.000000000000000000e+00 4.554313544728536556e-01 4.678296499506519601e-01
0.000000000000000000e+00 4.631761742840963536e-01 4.725556554622749039e-01
0.000000000000000000e+00 4.710057625616466126e-01 4.770981751511720881e-01
0.000000000000000000e+00 4.789347985106070515e-01 4.814603785239305322e-01
0.000000000000000000e+00 4.869774666738708735e-01 4.856435901630412610e-01
0.000000000000000000e+00 4.951451895009222337e-01 4.896474349118254410e-01
0.000000000000000000e+00 5.034449242938998648e-01 4.934700595166841008e-01
0.000000000000000000e+00 5.118781311514798427e-01 4.971083971443470140e-01
0.000000000000000000e+00 5.204404490789960036e-01 5.005584415692532207e-01
0.000000000000000000e+00 5.291220482954339666e-01 5.038155012562665069e-01
0.000000000000000000e+00 5.379085643333334499e-01 5.068744095464273736e-01
0.000000000000000000e+00 5.467824693251074342e-01 5.097296749741824229e-01
0.000000000000000000e+00 5.557247020775645252e-01 5.123755645490064570e-01
0.000000000000000000e+00 5.647163636348661031e-01 5.148061217125331490e-01
0.000000000000000000e+00 5.737402896197018043e-01 5.170151287564965781e-01
0.000000000000000000e+00 5.827823334497939101e-01 5.189960299938310984e-01
0.000000000000000000e+00 5.918322325865398303e-01 5.207418363359491709e-01
0.000000000000000000e+00 6.008839789655555652e-01 5.222450337981200397e-01
0.000000000000000000e+00 6.099356694705266868e-01 5.234975177465563956e-01
0.000000000000000000e+00 6.189888671630227046e-01 5.244905715902165033e-01
0.000000000000000000e+00 6.280475535789291630e-01 5.252149035178552694e-01
0.000000000000000000e+00 6.371167920570252052e-01 5.256607483850800344e-01
0.000000000000000000e+00 6.462012482238315147e-01 5.258180346891651036e-01
0.000000000000000000e+00 6.553037243153497782e-01 5.256766095013160056e-01
0.000000000000000000e+00 6.644238584726224195e-01 5.252265079965086070e-01
0.000000000000000000e+00 6.735571196125255122e-01 5.244582494648968307e-01
0.000000000000000000e+00 6.826941955033064557e-01 5.233631388741439849e-01
0.000000000000000000e+00 6.918208299718097143e-01 5.219335524355094291e-01
0.000000000000000000e+00 7.009181191895104135e-01 5.201631872308745130e-01
0.000000000000000000e+00 7.099632314636643571e-01 5.180472585732853741e-01
0.000000000000000000e+00 7.189304744366498134e-01 5.155826339825748672e-01
0.000000000000000000e+00 7.277926019646290268e-01 5.127678988807524707e-01
0.000000000000000000e+00 7.365222330838835374e-01 5.096033556694403721e-01
0.000000000000000000e+00 7.450932489827272187e-01 5.060909640351703986e-01
0.000000000000000000e+00 7.534820409830798038e-01 5.022342354745761295e-01
0.000000000000000000e+00 7.616685020241640292e-01 4.980380985912875036e-01
0.000000000000000000e+00 7.696366836369933351e-01 4.935087533120409709e-01
0.000000000000000000e+00 7.773750765663134388e-01 4.886535316345346214e-01
0.000000000000000000e+00 7.848765121253905575e-01 4.834807799164757003e-01
0.000000000000000000e+00 7.921377189884714065e-01 4.779997733304942042e-01
0.000000000000000000e+00 7.991586026286608968e-01 4.722206674253296987e-01
0.000000000000000000e+00 8.059413388353248164e-01 4.661544853794474252e-01
0.000000000000000000e+00 8.124893864907207774e-01 4.598131332222473722e-01
0.000000000000000000e+00 8.188065270044750932e-01 4.532094297542843542e-01
0.000000000000000000e+00 8.248960286871562797e-01 4.463571337813880269e-01
0.000000000000000000e+00 8.307600152649925462e-01 4.392709491148076850e-01
0.000000000000000000e+00 8.363990910808478674e-01 4.319664879166266735e-01
0.000000000000000000e+00 8.418122444093285583e-01 4.244601754935092286e-01
0.000000000000000000e+00 8.469970182396637792e-01 4.167690844230536040e-01
0.000000000000000000e+00 8.519499083569236353e-01 4.089106925574806373e-01
0.000000000000000000e+00 8.566669247187047587e-01 4.009025674029240704e-01
0.000000000000000000e+00 8.611442364212767986e-01 3.927619878767785178e-01
0.000000000000000000e+00 8.653788144706354712e-01 3.845055226696980633e-01
0.000000000000000000e+00 8.693689905244594840e-01 3.761485915417343007e-01
0.000000000000000000e+00 8.731148630407133959e-01 3.677050410926594459e-01
0.000000000000000000e+00 8.766185031287158091e-01 3.591867692391357836e-01
0.000000000000000000e+00 8.798839383049827934e-01 3.506034323894290927e-01
0.000000000000000000e+00 8.829169202398788885e-01 3.419622659673020593e-01
0.000000000000000000e+00 8.857245091914922597e-01 3.332680426147089925e-01
0.000000000000000000e+00 8.883145300888923845e-01 3.245231834864104603e-01
0.000000000000000000e+00 8.906949705949742668e-01 3.157280271740385280e-01
0.000000000000000000e+00 8.928733981951575416e-01 3.068812487946874223e-01
0.000000000000000000e+00 8.948564706594936968e-01 2.979804096104022304e-01
0.000000000000000000e+00 8.966496024245041996e-01 2.890226062181035505e-01
0.000000000000000000e+00 8.982568298908971682e-01 2.800051788341773595e-01
0.000000000000000000e+00 8.996808935810708396e-01 2.709264313417269476e-01
0.000000000000000000e+00 9.009235274395697157e-01 2.617863122229718842e-01
0.000000000000000000e+00 9.019859185123809686e-01 2.525870056627467775e-01
0.000000000000000000e+00 9.028692770005619650e-01 2.433333860900948054e-01
0.000000000000000000e+00 9.035754400585864765e-01 2.340332970306846783e-01
0.000000000000000000e+00 9.041074248034114413e-01 2.246976258922316338e-01
0.000000000000000000e+00 9.044698479741523078e-01 2.153401594665692309e-01
0.000000000000000000e+00 9.046691415997114571e-01 2.059772195809320972e-01
0.000000000000000000e+00 9.047135148382017267e-01 1.966270934232202117e-01
0.000000000000000000e+00 9.046126397670994912e-01 1.873092875200034202e-01
0.000000000000000000e+00 9.043770704273589311e-01 1.780436471270498144e-01
0.000000000000000000e+00 9.040174364392448147e-01 1.688493929912537883e-01
0.000000000000000000e+00 9.035434814352859556e-01 1.597441343441868278e-01
0.000000000000000000e+00 9.029630390471752310e-01 1.507429201188842383e-01
0.000000000000000000e+00 9.022810524867778126e-01 1.418573895442837296e-01
0.000000000000000000e+00 9.014987460362983152e-01 1.330950785484175947e-01
0.000000000000000000e+00 9.006130473042144313e-01 1.244589301410678750e-01
0.000000000000000000e+00 8.996163384508140126e-01 1.159470457301122054e-01
0.000000000000000000e+00 8.984965845021263275e-01 1.075527009152075913e-01
0.000000000000000000e+00 8.972378501878777168e-01 9.926463457848708205e-02
0.000000000000000000e+00 8.942257544208452869e-01 8.294319204044918459e-02
