-2.400705882822431469e-01 0.000000000000000000e+00 -1.258062758862224517e-01
-2.400590627555768408e-01 0.000000000000000000e+00 -1.292013699740592325e-01
-2.401053844267898862e-01 0.000000000000000000e+00 -1.326058701580905552e-01
-2.402099644115608945e-01 0.000000000000000000e+00 -1.360207770872002009e-01
-2.403735831522946231e-01 0.000000000000000000e+00 -1.394468747669426745e-01
-2.405973813025867047e-01 0.000000000000000000e+00 -1.428846811331781486e-01
-2.408828448647335196e-01 0.000000000000000000e+00 -1.463344021949049556e-01
-2.412317847624129985e-01 0.000000000000000000e+00 -1.497958903549630461e-01
-2.416463111098706429e-01 0.000000000000000000e+00 -1.532686074599359516e-01
-2.421288025145525991e-01 0.000000000000000000e+00 -1.567515930659539869e-01
-2.426818708210207731e-01 0.000000000000000000e+00 -1.602434383361224235e-01
-2.433083217691123790e-01 0.000000000000000000e+00 -1.637422659089835253e-01
-2.440111120977065118e-01 0.000000000000000000e+00 -1.672457159968600837e-01
-2.447933036762694747e-01 0.000000000000000000e+00 -1.707509388892594904e-01
-2.456580152888161728e-01 0.000000000000000000e+00 -1.742545939509356212e-01
-2.466083727284272831e-01 0.000000000000000000e+00 -1.777528551179075877e-01
-2.476474578844994334e-01 0.000000000000000000e+00 -1.812414228089399282e-01
-2.487782575191376799e-01 0.000000000000000000e+00 -1.847155420858890840e-01
-2.500036124333133714e-01 0.000000000000000000e+00 -1.881700268150891531e-01
-2.513261677175596676e-01 0.000000000000000000e+00 -1.915992895046998989e-01
-2.527483247661507226e-01 0.000000000000000000e+00 -1.949973764207325044e-01
-2.542721957081571227e-01 0.000000000000000000e+00 -1.983580075182748981e-01
-2.558995608738820482e-01 0.000000000000000000e+00 -2.016746206651452433e-01
-2.576318298714820321e-01 0.000000000000000000e+00 -2.049404195835856923e-01
-2.594700067967324331e-01 0.000000000000000000e+00 -2.081484248923281821e-01
-2.614146600396800024e-01 0.000000000000000000e+00 -2.112915275969592666e-01
-2.634658970862388538e-01 0.000000000000000000e+00 -2.143625443513798301e-01
-2.656233446415938726e-01 0.000000000000000000e+00 -2.173542737975663330e-01
-2.678861343266691897e-01 0.000000000000000000e+00 -2.202595532849177529e-01
-2.702528941199994206e-01 0.000000000000000000e+00 -2.230713152741954364e-01
-2.727217456363059678e-01 0.000000000000000000e+00 -2.257826427442806150e-01
-2.752903072511165838e-01 0.000000000000000000e+00 -2.283868229423851592e-01
-2.779557029990994965e-01 0.000000000000000000e+00 -2.308773988495341767e-01
-2.807145770936075868e-01 0.000000000000000000e+00 -2.332482177725424266e-01
-2.835631138374360427e-01 0.000000000000000000e+00 -2.354934765206651015e-01
-2.864970626211068572e-01 0.000000000000000000e+00 -2.376077626788492825e-01
-2.895117676361958492e-01 0.000000000000000000e+00 -2.395860915491830612e-01
-2.926022018682920001e-01 0.000000000000000000e+00 -2.414239383967989871e-01
-2.957630048780411913e-01 0.000000000000000000e+00 -2.431172657051333397e-01
-2.989885238301610015e-01 0.000000000000000000e+00 -2.446625452170245463e-01
-3.022728571900126782e-01 0.000000000000000000e+00 -2.460567746115724375e-01
-3.056099004758155435e-01 0.000000000000000000e+00 -2.472974887408810329e-01
-3.089933934323205733e-01 0.000000000000000000e+00 -2.483827654246778260e-01
-3.124169679789816634e-01 0.000000000000000000e+00 -2.493112258732664843e-01
-3.158741962825125649e-01 0.000000000000000000e+00 -2.500820298792941765e-01
-3.193586383101751913e-01 0.000000000000000000e+00 -2.506948659854011940e-01
-3.228638882360400642e-01 0.000000000000000000e+00 -2.511499368970585011e-01
-3.263836190974954699e-01 0.000000000000000000e+00 -2.514479404669270890e-01
-3.299116251330010963e-01 0.000000000000000000e+00 -2.515900466281537629e-01
-3.334418612739230015e-01 0.000000000000000000e+00 -2.515778706984826418e-01
-3.369684793125418132e-01 0.000000000000000000e+00 -2.514134435143774993e-01
-3.404858603242013060e-01 0.000000000000000000e+00 -2.510991788840866157e-01
-3.439886429831488512e-01 0.000000000000000000e+00 -2.506378388704329496e-01
-3.474717474779379089e-01 0.000000000000000000e+00 -2.500324974279084511e-01
-3.509303948022600705e-01 0.000000000000000000e+00 -2.492865029243357400e-01
-3.543601212696515512e-01 0.000000000000000000e+00 -2.484034400750091132e-01
-3.577567881745456480e-01 0.000000000000000000e+00 -2.473870918070464053e-01
-3.611165865964691135e-01 0.000000000000000000e+00 -2.462414015539891310e-01
-3.644360374176611184e-01 0.000000000000000000e+00 -2.449704364559105174e-01
-3.677119866959066008e-01 0.000000000000000000e+00 -2.435783519089767535e-01
-3.709415966028367095e-01 0.000000000000000000e+00 -2.420693578711738958e-01
-3.741223322023153330e-01 0.000000000000000000e+00 -2.404476872884949157e-01
-3.772519444028630820e-01 0.000000000000000000e+00 -2.387175669590484439e-01
-3.803284494714690434e-01 0.000000000000000000e+00 -2.368831911021621606e-01
-3.833501055428459314e-01 0.000000000000000000e+00 -2.349486978464912501e-01
-3.863153865975234580e-01 0.000000000000000000e+00 -2.329181487963231934e-01
-3.892229544135989427e-01 0.000000000000000000e+00 -2.307955117796320066e-01
-3.920716290200583209e-01 0.000000000000000000e+00 -2.285846468259009057e-01
-3.948603581940578477e-01 0.000000000000000000e+00 -2.262892953672161755e-01
-3.975881865502674528e-01 0.000000000000000000e+00 -2.239130726035241381e-01
-4.002542247673199771e-01 0.000000000000000000e+00 -2.214594629230626222e-01
-4.028576194847044434e-01 0.000000000000000000e+00 -2.189318182226165088e-01
-4.053975243833676245e-01 0.000000000000000000e+00 -2.163333589300989179e-01
-4.078730729352284534e-01 0.000000000000000000e+00 -2.136671774946592162e-01
-4.102833532712986675e-01 0.000000000000000000e+00 -2.109362440775877923e-01
-4.126273855757650044e-01 0.000000000000000000e+00 -2.081434141511717684e-01
-4.149041023649751581e-01 0.000000000000000000e+00 -2.052914376926688877e-01
-4.171123319566003018e-01 0.000000000000000000e+00 -2.023829696469383599e-01
-4.192507853762483805e-01 0.000000000000000000e+00 -1.994205813240964575e-01
-4.213180468874294649e-01 0.000000000000000000e+00 -1.964067723978434599e-01
-4.233125682670709211e-01 0.000000000000000000e+00 -1.933439831757201022e-01
-4.252326668837711487e-01 0.000000000000000000e+00 -1.902346068242644073e-01
-4.270765275707631980e-01 0.000000000000000000e+00 -1.870810012495220387e-01
-4.288422082211675868e-01 0.000000000000000000e+00 -1.838855003561850054e-01
-4.305276489706091336e-01 0.000000000000000000e+00 -1.806504244362723832e-01
-4.321306847726556488e-01 0.000000000000000000e+00 -1.773780894701278144e-01
-4.336490611167538312e-01 0.000000000000000000e+00 -1.740708151579192786e-01
-4.350804525872828954e-01 0.000000000000000000e+00 -1.707309315380625137e-01
-4.364224839168184822e-01 0.000000000000000000e+00 -1.673607840892856469e-01
-4.376727531473995625e-01 0.000000000000000000e+00 -1.639627372546008377e-01
-4.388288564811377857e-01 0.000000000000000000e+00 -1.605391763674469952e-01
-4.398884143763679422e-01 0.000000000000000000e+00 -1.570925080018796272e-01
-4.408490984280936109e-01 0.000000000000000000e+00 -1.536251588091273601e-01
-4.417086585619586780e-01 0.000000000000000000e+00 -1.501395729413049773e-01
-4.424649500694842197e-01 0.000000000000000000e+00 -1.466382081988565067e-01
-4.431159600188243064e-01 0.000000000000000000e+00 -1.431235310706903685e-01
-4.436598325896494166e-01 0.000000000000000000e+00 -1.395980108643557205e-01
-4.440948929026897751e-01 0.000000000000000000e+00 -1.360641131474391308e-01
-4.444196689435322978e-01 0.000000000000000000e+00 -1.325242927401774073e-01
-4.446329112159587149e-01 0.000000000000000000e+00 -1.289809865127132527e-01
-4.447336098017907191e-01 0.000000000000000000e+00 -1.254366062481993838e-01
-4.447210085511449362e-01 0.000000000000000000e+00 -1.218935318349157332e-01
-4.445946161783820294e-01 0.000000000000000000e+00 -1.183541050466470762e-01
-4.443542140939773510e-01 0.000000000000000000e+00 -1.148206241608259043e-01
-4.439998608600908558e-01 0.000000000000000000e+00 -1.112953396485313190e-01
-4.435318932168098582e-01 0.000000000000000000e+00 -1.077804511496169293e-01
-4.429509236858497623e-01 0.000000000000000000e+00 -1.042781059203794353e-01
-4.422578348179295737e-01 0.000000000000000000e+00 -1.007903989107342274e-01
-4.414537702080695292e-01 0.000000000000000000e+00 -9.731937459337870744e-02
-4.405401224587214282e-01 0.000000000000000000e+00 -9.386703062952439502e-02
-4.395185183229831649e-01 0.000000000000000000e+00 -9.043532341515078676e-02
-4.383908013083017141e-01 0.000000000000000000e+00 -8.702617550912782052e-02
-4.371590120642058208e-01 0.000000000000000000e+00 -8.364148490075611064e-02
-4.358253669150231602e-01 0.000000000000000000e+00 -8.028313603010225896e-02
-4.343922349295735175e-01 0.000000000000000000e+00 -7.695301243079805120e-02
-4.328621139439957077e-01 0.000000000000000000e+00 -7.365301082255609755e-02
-4.312376059707189180e-01 0.000000000000000000e+00 -7.038505644035757125e-02
-4.295213924358825541e-01 0.000000000000000000e+00 -6.715111934987991194e-02
-4.277162096890447796e-01 0.000000000000000000e+00 -6.395323146500529743e-02
-4.258248252228039599e-01 0.000000000000000000e+00 -6.079350395388587874e-02
-4.238500150260594568e-01 0.000000000000000000e+00 -5.767414469566157359e-02
-4.217945424733200999e-01 0.000000000000000000e+00 -5.459747543108894874e-02
-4.196611391240470668e-01 0.000000000000000000e+00 -5.156594823750041551e-02
-4.174524877710041326e-01 0.000000000000000000e+00 -4.858216095204198615e-02
-4.151712080355318690e-01 0.000000000000000000e+00 -4.564887116728812144e-02
-4.128198447612801969e-01 0.000000000000000000e+00 -4.276900843025917970e-02
-4.104008594069744054e-01 0.000000000000000000e+00 -3.994568428959976991e-02
-4.079166245841338578e-01 0.000000000000000000e+00 -3.718219985613699374e-02
-4.053694218282087869e-01 0.000000000000000000e+00 -3.448205056903051735e-02
-4.027614426323304353e-01 0.000000000000000000e+00 -3.184892789293590487e-02
-4.000947927127799231e-01 0.000000000000000000e+00 -2.928671771061550078e-02
-3.973714994153879076e-01 0.000000000000000000e+00 -2.679949521971490556e-02
-3.945935221134058146e-01 0.000000000000000000e+00 -2.439151619136382954e-02
-3.917627653909334651e-01 0.000000000000000000e+00 -2.206720450114199247e-02
-3.888810947527289730e-01 0.000000000000000000e+00 -1.983113589899215129e-02
-3.859503545520698853e-01 0.000000000000000000e+00 -1.768801804301232614e-02
-3.829723877841497148e-01 0.000000000000000000e+00 -1.564266688180950340e-02
-3.799490573540518223e-01 0.000000000000000000e+00 -1.369997953031610628e-02
-3.768822683963300446e-01 0.000000000000000000e+00 -1.186490384368391396e-02
-3.737739911982272956e-01 0.000000000000000000e+00 -1.014240495211585560e-02
-3.706262842610480446e-01 0.000000000000000000e+00 -8.537429075305177917e-03
-3.674413170245224847e-01 0.000000000000000000e+00 -7.054864987584536819e-03
-3.642213917773712284e-01 0.000000000000000000e+00 -5.699503553046385458e-03
-3.609689642838024848e-01 0.000000000000000000e+00 -4.475995792930760088e-03
-3.576866626702996377e-01 0.000000000000000000e+00 -3.388809984706444428e-03
-3.543773041396061085e-01 0.000000000000000000e+00 -2.442188322803371357e-03
-3.510439091089900265e-01 0.000000000000000000e+00 -1.640103694275998414e-03
-3.476897124072320655e-01 0.000000000000000000e+00 -9.862171382927088347e-04
-3.443181712087728941e-01 0.000000000000000000e+00 -4.838365658631716077e-04
-3.409329694334195526e-01 0.000000000000000000e+00 -1.358773153677273078e-04
-3.375380183951708357e-01 0.000000000000000000e+00 5.517488990612662346e-05
-3.341374535432315440e-01 0.000000000000000000e+00 8.729803389440959416e-05
-3.307356272011982568e-01 0.000000000000000000e+00 -4.103557248540390661e-05
-3.273370972757330133e-01 0.000000000000000000e+00 -3.308326315459853006e-04
-3.239466119727461568e-01 0.000000000000000000e+00 -7.825566043854426329e-04
-3.205690906261202122e-01 0.000000000000000000e+00 -1.396110257654887762e-03
-3.172096008102340825e-01 0.000000000000000000e+00 -2.170823351238979852e-03
-3.138733319719168580e-01 0.000000000000000000e+00 -3.105445744444863473e-03
-3.105655658789197027e-01 0.000000000000000000e+00 -4.198146131074112324e-03
-3.072916442395126624e-01 0.000000000000000000e+00 -5.446516542336623731e-03
-3.040569339004449700e-01 0.000000000000000000e+00 -6.847582681930415409e-03
-3.008667900773476234e-01 0.000000000000000000e+00 -8.397820080813432619e-03
-2.977265181119103099e-01 0.000000000000000000e+00 -1.009317598131621863e-02
-2.946413342831168403e-01 0.000000000000000000e+00 -1.192909678241330096e-02
-2.916163262248829269e-01 0.000000000000000000e+00 -1.390056080130971580e-02
-2.886564135191335700e-01 0.000000000000000000e+00 -1.600211603214070702e-02
-2.857663090413295470e-01 0.000000000000000000e+00 -1.822792251162454191e-02
-2.829504816345059792e-01 0.000000000000000000e+00 -2.057179883501735612e-02
-2.802131206779321926e-01 0.000000000000000000e+00 -2.302727230470116848e-02
-2.775581030976256858e-01 0.000000000000000000e+00 -2.558763213913362380e-02
-2.749889633383510446e-01 0.000000000000000000e+00 -2.824598512254462845e-02
-2.725088667807616383e-01 0.000000000000000000e+00 -3.099531303644228672e-02
-2.701205870434763567e-01 0.000000000000000000e+00 -3.382853118332278253e-02
-2.678264875587316740e-01 0.000000000000000000e+00 -3.673854729149214626e-02
-2.656285077525417093e-01 0.000000000000000000e+00 -3.971832007798699327e-02
-2.635281540968582026e-01 0.000000000000000000e+00 -4.276091674448766200e-02
-2.615264962329869602e-01 0.000000000000000000e+00 -4.585956868895545158e-02
-2.596241682934827266e-01 0.000000000000000000e+00 -4.900772473347354136e-02
-2.578213754749945075e-01 0.000000000000000000e+00 -5.219910119624600331e-02
-2.561179058381789497e-01 0.000000000000000000e+00 -5.542772817260124135e-02
-2.545131472340048662e-01 0.000000000000000000e+00 -5.868799143569598115e-02
-2.530061091796912409e-01 0.000000000000000000e+00 -6.197466942183693650e-02
-2.515954494333327851e-01 0.000000000000000000e+00 -6.528296482721986094e-02
-2.502795049451003173e-01 0.000000000000000000e+00 -6.860853041160247523e-02
-2.490563267958623983e-01 0.000000000000000000e+00 -7.194748867904979250e-02
-2.479237186722117736e-01 0.000000000000000000e+00 -7.529644518540426490e-02
-2.468792783711536154e-01 0.000000000000000000e+00 -7.865249530543973189e-02
-2.459204417790173125e-01 0.000000000000000000e+00 -8.201322437861285897e-02
-2.450445287282616846e-01 0.000000000000000000e+00 -8.537670123973117864e-02
-2.442487901034233744e-01 0.000000000000000000e+00 -8.874146522849528373e-02
-2.435304555440513663e-01 0.000000000000000000e+00 -9.210650685851907993e-02
-2.428867810784769710e-01 0.000000000000000000e+00 -9.547124241087193153e-02
-2.423150960179599189e-01 0.000000000000000000e+00 -9.883548279823238525e-02
-2.418128484462389038e-01 0.000000000000000000e+00 -1.021993971222571324e-01
-2.413776486547767886e-01 0.000000000000000000e+00 -1.055634714176706263e-01
-2.410073098988432527e-01 0.000000000000000000e+00 -1.089284631408749954e-01
-2.406998858837071376e-01 0.000000000000000000e+00 -1.122953520176584730e-01
-2.404537044331394313e-01 0.000000000000000000e+00 -1.156652879130449230e-01
-2.402673968435771468e-01 0.000000000000000000e+00 -1.190395364257978289e-01
-2.400705882822431469e-01 0.000000000000000000e+00 -1.258062758862224517e-01
