-4.906186969652893137e-01 -5.930424345778183559e-01 0.000000000000000000e+00
-4.896458709450136060e-01 -5.967325693973730694e-01 0.000000000000000000e+00
-4.888256022767930586e-01 -6.004453000586372768e-01 0.000000000000000000e+00
-4.881632405908857275e-01 -6.041757581157354284e-01 0.000000000000000000e+00
-4.876636736571876574e-01 -6.079187368722647200e-01 0.000000000000000000e+00
-4.873312806716646461e-01 -6.116687194349084145e-01 0.000000000000000000e+00
-4.871698904866294533e-01 -6.154199100586222881e-01 0.000000000000000000e+00
-4.871827452227780464e-01 -6.191662684081379320e-01 0.000000000000000000e+00
-4.873724696292176528e-01 -6.229015463302648437e-01 0.000000000000000000e+00
-4.877410464820347014e-01 -6.266193267066337835e-01 0.000000000000000000e+00
-4.882897982333452291e-01 -6.303130639373497601e-01 0.000000000000000000e+00
-4.890193750423494357e-01 -6.339761255927142125e-01 0.000000000000000000e+00
-4.899297492388173803e-01 -6.376018347628109595e-01 0.000000000000000000e+00
-4.910202161887767258e-01 -6.411835126333688128e-01 0.000000000000000000e+00
-4.922894014530683204e-01 -6.447145208208356904e-01 0.000000000000000000e+00
-4.937352740529714623e-01 -6.481883030098933851e-01 0.000000000000000000e+00
-4.953551655842720614e-01 -6.515984254524778141e-01 0.000000000000000000e+00
-4.971457948529482973e-01 -6.549386159084816805e-01 0.000000000000000000e+00
-4.991032976429424783e-01 -6.582028006342988125e-01 0.000000000000000000e+00
-5.012232611700738749e-01 -6.613851390558663779e-01 0.000000000000000000e+00
-5.035007627267228392e-01 -6.644800557973264965e-01 0.000000000000000000e+00
-5.059304119800611677e-01 -6.674822697743998390e-01 0.000000000000000000e+00
-5.085063963527816089e-01 -6.703868201024386630e-01 0.000000000000000000e+00
-5.112225288898436526e-01 -6.731890886123264028e-01 0.000000000000000000e+00
-5.140722979978991081e-01 -6.758848188123058875e-01 0.000000000000000000e+00
-5.170489184359081669e-01 -6.784701311797936008e-01 0.000000000000000000e+00
-5.201453829359270475e-01 -6.809415347136793528e-01 0.000000000000000000e+00
-5.233545138420063747e-01 -6.832959347238519721e-01 0.000000000000000000e+00
-5.266690141722764062e-01 -6.855306368801415973e-01 0.000000000000000000e+00
-5.300815175342117325e-01 -6.876433475869366818e-01 0.000000000000000000e+00
-5.335846363552452232e-01 -6.896321707918432464e-01 0.000000000000000000e+00
-5.371710079297336016e-01 -6.914956013764047560e-01 0.000000000000000000e+00
-5.408333378280437698e-01 -6.932325153135958651e-01 0.000000000000000000e+00
-5.445644402634647330e-01 -6.948421568101383894e-01 0.000000000000000000e+00
-5.483572750669029050e-01 -6.963241226812765250e-01 0.000000000000000000e+00
-5.522049809769878914e-01 -6.976783442312016748e-01 0.000000000000000000e+00
-5.561009050133755016e-01 -6.989050669335781230e-01 0.000000000000000000e+00
-5.600386277627320553e-01 -7.000048282234264674e-01 0.000000000000000000e+00
-5.640119844691513507e-01 -7.009784337238573748e-01 0.000000000000000000e+00
-5.680150818826521508e-01 -7.018269322387804543e-01 0.000000000000000000e+00
-5.720423108799953527e-01 -7.025515898457730390e-01 0.000000000000000000e+00
-5.760883549304620654e-01 -7.031538634218644779e-01 0.000000000000000000e+00
-5.801481945346029789e-01 -7.036353739292549037e-01 0.000000000000000000e+00
-5.842171078155382613e-01 -7.039978797781352160e-01 0.000000000000000000e+00
-5.882906674894445853e-01 -7.042432505700949585e-01 0.000000000000000000e+00
-5.923647344838185447e-01 -7.043734415084245137e-01 0.000000000000000000e+00
-5.964354485083983581e-01 -7.043904687412735344e-01 0.000000000000000000e+00
-6.004992159138796692e-01 -7.042963858805663113e-01 0.000000000000000000e+00
-6.045526951974220520e-01 -7.040932619141792026e-01 0.000000000000000000e+00
-6.085927805312357775e-01 -7.037831607016470370e-01 0.000000000000000000e+00
-6.126165837011465776e-01 -7.033681222150339751e-01 0.000000000000000000e+00
-6.166214148459896460e-01 -7.028501456570555028e-01 0.000000000000000000e+00
-6.206047623861075113e-01 -7.022311745585562148e-01 0.000000000000000000e+00
-6.245642725203361945e-01 -7.015130839274827945e-01 0.000000000000000000e+00
-6.284977286560143872e-01 -7.006976694920163951e-01 0.000000000000000000e+00
-6.324030311161439322e-01 -6.997866390519363877e-01 0.000000000000000000e+00
-6.362781774423886816e-01 -6.987816059250194778e-01 0.000000000000000000e+00
-6.401212435827017266e-01 -6.976840844496565719e-01 0.000000000000000000e+00
-6.439303662186666166e-01 -6.964954874812536723e-01 0.000000000000000000e+00
-6.477037264508308523e-01 -6.952171257986147213e-01 0.000000000000000000e+00
-6.514395350211341640e-01 -6.938502093176659447e-01 0.000000000000000000e+00
-6.551360192107675839e-01 -6.923958499936889721e-01 0.000000000000000000e+00
-6.587914115102090351e-01 -6.908550662798788045e-01 0.000000000000000000e+00
-6.624039401165708885e-01 -6.892287889995526440e-01 0.000000000000000000e+00
-6.659718212725022068e-01 -6.875178684817708774e-01 0.000000000000000000e+00
-6.694932534214900199e-01 -6.857230828054281524e-01 0.000000000000000000e+00
-6.729664131171644303e-01 -6.838451469949803352e-01 0.000000000000000000e+00
-6.763894525898296317e-01 -6.818847230117361935e-01 0.000000000000000000e+00
-6.797604988424466033e-01 -6.798424303879144759e-01 0.000000000000000000e+00
-6.830776541212734143e-01 -6.777188573562099583e-01 0.000000000000000000e+00
-6.863389975836985402e-01 -6.755145723352019571e-01 0.000000000000000000e+00
-6.895425879678811487e-01 -6.732301356402784487e-01 0.000000000000000000e+00
-6.926864670558745551e-01 -6.708661113005546239e-01 0.000000000000000000e+00
-6.957686637141295982e-01 -6.684230788741933882e-01 0.000000000000000000e+00
-6.987871982927182923e-01 -6.659016451672886694e-01 0.000000000000000000e+00
-7.017400871672475615e-01 -6.633024557746809435e-01 0.000000000000000000e+00
-7.046253472151242647e-01 -6.606262063744269275e-01 0.000000000000000000e+00
-7.074410000303551493e-01 -6.578736537208094148e-01 0.000000000000000000e+00
-7.101850756981106239e-01 -6.550456262934311047e-01 0.000000000000000000e+00
-7.128556159714390938e-01 -6.521430345718045585e-01 0.000000000000000000e+00
-7.154506767173254289e-01 -6.491668809156618813e-01 0.000000000000000000e+00
-7.179683295271915844e-01 -6.461182690407247797e-01 0.000000000000000000e+00
-7.204066624173401934e-01 -6.429984130876894577e-01 0.000000000000000000e+00
-7.227637795770909257e-01 -6.398086462885630432e-01 0.000000000000000000e+00
-7.250378001557798990e-01 -6.365504292390640195e-01 0.000000000000000000e+00
-7.272268561136691067e-01 -6.332253577885523788e-01 0.000000000000000000e+00
-7.293290891954317123e-01 -6.298351705598039807e-01 0.000000000000000000e+00
-7.313426471175259458e-01 -6.263817561099370712e-01 0.000000000000000000e+00
-7.332656790917595480e-01 -6.228671597409780603e-01 0.000000000000000000e+00
-7.350963308359821369e-01 -6.192935899640226172e-01 0.000000000000000000e+00
-7.368327392485258809e-01 -6.156634246148621203e-01 0.000000000000000000e+00
-7.384730269451504903e-01 -6.119792166114756959e-01 0.000000000000000000e+00
-7.400152968753314076e-01 -6.082436993351565402e-01 0.000000000000000000e+00
-7.414576272483088815e-01 -6.044597916075029609e-01 0.000000000000000000e+00
-7.427980670080556180e-01 -6.006306022253283805e-01 0.000000000000000000e+00
-7.440346320999045027e-01 -5.967594340050241808e-01 0.000000000000000000e+00
-7.451653027698811327e-01 -5.928497872773669242e-01 0.000000000000000000e+00
-7.461880221306775862e-01 -5.889053627635021382e-01 0.000000000000000000e+00
-7.471006962157390463e-01 -5.849300637531918978e-01 0.000000000000000000e+00
-7.479011957251923137e-01 -5.809279974976940819e-01 0.000000000000000000e+00
-7.485873596445929978e-01 -5.769034757221593868e-01 0.000000000000000000e+00
-7.491570008899587352e-01 -5.728610141564718372e-01 0.000000000000000000e+00
-7.496079141007468971e-01 -5.688053309792888701e-01 0.000000000000000000e+00
-7.499378856667747728e-01 -5.647413440678973329e-01 0.000000000000000000e+00
-7.501447060361698949e-01 -5.606741669465903355e-01 0.000000000000000000e+00
-7.502261843098779748e-01 -5.566091033287583478e-01 0.000000000000000000e+00
-7.501801650847822467e-01 -5.525516401528949295e-01 0.000000000000000000e+00
-7.500045474628024289e-01 -5.485074390203131811e-01 0.000000000000000000e+00
-7.496973060982435877e-01 -5.444823259525959358e-01 0.000000000000000000e+00
-7.492565141109623905e-01 -5.404822793996212349e-01 0.000000000000000000e+00
-7.486803676493883897e-01 -5.365134164443451370e-01 0.000000000000000000e+00
-7.479672118459104180e-01 -5.325819771682708259e-01 0.000000000000000000e+00
-7.471155678683973900e-01 -5.286943071614907952e-01 0.000000000000000000e+00
-7.461241607363976458e-01 -5.248568381831504315e-01 0.000000000000000000e+00
-7.449919475395875290e-01 -5.210760670018650398e-01 0.000000000000000000e+00
-7.437181456699483162e-01 -5.173585324707177246e-01 0.000000000000000000e+00
-7.423022606585315541e-01 -5.137107909176277243e-01 0.000000000000000000e+00
-7.407441131930191380e-01 -5.101393899587113312e-01 0.000000000000000000e+00
-7.390438648840083058e-01 -5.066508408693648491e-01 0.000000000000000000e+00
-7.372020423463772065e-01 -5.032515896747381534e-01 0.000000000000000000e+00
-7.352195591673975628e-01 -4.999479871475985826e-01 0.000000000000000000e+00
-7.330977353455800927e-01 -4.967462579268566714e-01 0.000000000000000000e+00
-7.308383138035481341e-01 -4.936524689937797361e-01 0.000000000000000000e+00
-7.284434736043957637e-01 -4.906724977647268782e-01 0.000000000000000000e+00
-7.259158395337640401e-01 -4.878120000786536070e-01 0.000000000000000000e+00
-7.232584877489371955e-01 -4.850763783742718105e-01 0.000000000000000000e+00
-7.204749472411071665e-01 -4.824707503652186924e-01 0.000000000000000000e+00
-7.175691969070757681e-01 -4.799999185315670935e-01 0.000000000000000000e+00
-7.145456580813679404e-01 -4.776683407521903901e-01 0.000000000000000000e+00
-7.114091824383039775e-01 -4.754801024046490521e-01 0.000000000000000000e+00
-7.081650352351840372e-01 -4.734388902571896041e-01 0.000000000000000000e+00
-7.048188739315274232e-01 -4.715479684710192632e-01 0.000000000000000000e+00
-7.013767222843408922e-01 -4.698101570201728694e-01 0.000000000000000000e+00
-6.978449400847057671e-01 -4.682278128210055068e-01 0.000000000000000000e+00
-6.942301887656079362e-01 -4.668028138437094188e-01 0.000000000000000000e+00
-6.905393931738628144e-01 -4.655365464543714249e-01 0.000000000000000000e+00
-6.867796998592899937e-01 -4.644298962081751525e-01 0.000000000000000000e+00
-6.829584322909560967e-01 -4.634832422826539178e-01 0.000000000000000000e+00
-6.790830434624526291e-01 -4.626964557047479887e-01 0.000000000000000000e+00
-6.751610663949408897e-01 -4.620689014871889877e-01 0.000000000000000000e+00
-6.712000630872808626e-01 -4.615994447488639407e-01 0.000000000000000000e+00
-6.672075724962512888e-01 -4.612864608507838970e-01 0.000000000000000000e+00
-6.631910581560716000e-01 -4.611278495346162187e-01 0.000000000000000000e+00
-6.591578560645920959e-01 -4.611210530050157130e-01 0.000000000000000000e+00
-6.551151234732804918e-01 -4.612630778507707530e-01 0.000000000000000000e+00
-6.510697892191621428e-01 -4.615505206537012239e-01 0.000000000000000000e+00
-6.470285062290612732e-01 -4.619795970889047920e-01 0.000000000000000000e+00
-6.429976068097724706e-01 -4.625461742759823247e-01 0.000000000000000000e+00
-6.389830613122888803e-01 -4.632458060988897675e-01 0.000000000000000000e+00
-6.349904407241671045e-01 -4.640737711726652392e-01 0.000000000000000000e+00
-6.310248837018475054e-01 -4.650251130990377679e-01 0.000000000000000000e+00
-6.270910685047976774e-01 -4.660946826203843374e-01 0.000000000000000000e+00
-6.231931902362857212e-01 -4.672771812531540392e-01 0.000000000000000000e+00
-6.193349437321353790e-01 -4.685672059581842408e-01 0.000000000000000000e+00
-6.155195123697977388e-01 -4.699592943866731098e-01 0.000000000000000000e+00
-6.117495629963763948e-01 -4.714479702272882378e-01 0.000000000000000000e+00
-6.080272470968718368e-01 -4.730277881722296796e-01 0.000000000000000000e+00
-6.043542082438885243e-01 -4.746933780182269746e-01 0.000000000000000000e+00
-6.007315957884789004e-01 -4.764394874225411636e-01 0.000000000000000000e+00
-5.971600846698194021e-01 -4.782610228440885014e-01 0.000000000000000000e+00
-5.936399011401364278e-01 -4.801530882157654112e-01 0.000000000000000000e+00
-5.901708541218968485e-01 -4.821110209157984938e-01 0.000000000000000000e+00
-5.867523718378594433e-01 -4.841304246332559513e-01 0.000000000000000000e+00
-5.833835432822335187e-01 -4.862071987554570929e-01 0.000000000000000000e+00
-5.800631640339680706e-01 -4.883375639425399650e-01 0.000000000000000000e+00
-5.767897858520546484e-01 -4.905180835964600972e-01 0.000000000000000000e+00
-5.735617694385772847e-01 -4.927456809776987190e-01 0.000000000000000000e+00
-5.703773397088847119e-01 -4.950176517724089176e-01 0.000000000000000000e+00
-5.672346428703771704e-01 -4.973316719650048845e-01 0.000000000000000000e+00
-5.641318045825874927e-01 -4.996858009256650579e-01 0.000000000000000000e+00
-5.610669884519423611e-01 -5.020784796781819770e-01 0.000000000000000000e+00
-5.580384541051269798e-01 -5.045085243703525402e-01 0.000000000000000000e+00
-5.550446140855471722e-01 -5.069751150259209638e-01 0.000000000000000000e+00
-5.520840888280167391e-01 -5.094777797132573616e-01 0.000000000000000000e+00
-5.491557589873977685e-01 -5.120163743207273299e-01 0.000000000000000000e+00
-5.462588144272613189e-01 -5.145910581813920581e-01 0.000000000000000000e+00
-5.433927992143122720e-01 -5.172022658395780681e-01 0.000000000000000000e+00
-5.405576520128603235e-01 -5.198506752983229617e-01 0.000000000000000000e+00
-5.377537413303433711e-01 -5.225371731291249544e-01 0.000000000000000000e+00
-5.349818951291060998e-01 -5.252628168632531569e-01 0.000000000000000000e+00
-5.322434243904131668e-01 -5.280287951166015015e-01 0.000000000000000000e+00
-5.295401402931052548e-01 -5.308363859272726692e-01 0.000000000000000000e+00
-5.268743647503348893e-01 -5.336869138063948803e-01 0.000000000000000000e+00
-5.242489341323625096e-01 -5.365817060178251774e-01 0.000000000000000000e+00
-5.216671960902923288e-01 -5.395220486111796943e-01 0.000000000000000000e+00
-5.191329994837062811e-01 -5.425091427349362228e-01 0.000000000000000000e+00
-5.166506775032091436e-01 -5.455440617521581936e-01 0.000000000000000000e+00
-5.142250241657333465e-01 -5.486277096707339318e-01 0.000000000000000000e+00
-5.118612644448886639e-01 -5.517607813830756047e-01 0.000000000000000000e+00
-5.095650183795291666e-01 -5.549437251871842669e-01 0.000000000000000000e+00
-5.073422595799642609e-01 -5.581767080321894392e-01 0.000000000000000000e+00
-5.051992686218210737e-01 -5.614595838972791242e-01 0.000000000000000000e+00
-5.031425818815428164e-01 -5.647918656738220022e-01 0.000000000000000000e+00
-5.011789364240168965e-01 -5.681727008769508203e-01 0.000000000000000000e+00
-4.993152116011378427e-01 -5.716008514655140926e-01 0.000000000000000000e+00
-4.975583680595840885e-01 -5.750746779987289115e-01 0.000000000000000000e+00
-4.959153848862407621e-01 -5.785921283047550379e-01 0.000000000000000000e+00
-4.943931956401492189e-01 -5.821507307814430821e-01 0.000000000000000000e+00
-4.929986240303950162e-01 -5.857475923934228890e-01 0.000000000000000000e+00
-4.906186969652893137e-01 -5.930424345778183559e-01 0.000000000000000000e+00
