0.000000000000000000e+00 -2.365601621430588053e-01 5.253526552823389872e-01
0.000000000000000000e+00 -2.381265803956190974e-01 5.202235419052972931e-01
0.000000000000000000e+00 -2.400280425239280646e-01 5.151542882098957277e-01
0.000000000000000000e+00 -2.422445345391697480e-01 5.101567082618220228e-01
0.000000000000000000e+00 -2.447542556943925751e-01 5.052407694578219255e-01
0.000000000000000000e+00 -2.475340537044931621e-01 5.004144840464705979e-01
0.000000000000000000e+00 -2.505598779405037169e-01 4.956838495244437204e-01
0.000000000000000000e+00 -2.538072386148850779e-01 4.910528388694574975e-01
0.000000000000000000e+00 -2.572516599662621473e-01 4.865234401272073295e-01
0.000000000000000000e+00 -2.608691158070363114e-01 4.820957434487991300e-01
0.000000000000000000e+00 -2.646364365021012244e-01 4.777680723221474635e-01
0.000000000000000000e+00 -2.685316774766862147e-01 4.735371544980937486e-01
0.000000000000000000e+00 -2.725344406708189449e-01 4.693983270184094447e-01
0.000000000000000000e+00 -2.766261419224582685e-01 4.653457688422712457e-01
0.000000000000000000e+00 -2.807902190186069014e-01 4.613727538680048035e-01
0.000000000000000000e+00 -2.850122770452939713e-01 4.574719166787533098e-01
0.000000000000000000e+00 -2.892801696308217041e-01 4.536355231173637703e-01
0.000000000000000000e+00 -2.935840166477649005e-01 4.498557378223607683e-01
0.000000000000000000e+00 -2.979161608538296035e-01 4.461248811302497286e-01
0.000000000000000000e+00 -3.022710677481333930e-01 4.424356682584204004e-01
0.000000000000000000e+00 -3.066451745405547324e-01 4.387814244087285820e-01
0.000000000000000000e+00 -3.110366955266386513e-01 4.351562703485733485e-01
0.000000000000000000e+00 -3.154453922863499904e-01 4.315552741019534344e-01
0.000000000000000000e+00 -3.198723179483290990e-01 4.279745655805796689e-01
0.000000000000000000e+00 -3.243195452593912731e-01 4.244114122638469322e-01
0.000000000000000000e+00 -3.287898883601322320e-01 4.208642553531931618e-01
0.000000000000000000e+00 -3.332866279915777108e-01 4.173327071370022123e-01
0.000000000000000000e+00 -3.378132493561531446e-01 4.138175115632498069e-01
0.000000000000000000e+00 -3.423732010511898460e-01 4.103204711870663823e-01
0.000000000000000000e+00 -3.469696824171976113e-01 4.068443447012270453e-01
0.000000000000000000e+00 -3.516054653376237682e-01 4.033927201358975534e-01
0.000000000000000000e+00 -3.562827550406815758e-01 3.999698695021446371e-01
0.000000000000000000e+00 -3.610030928416532725e-01 3.965805911308142306e-01
0.000000000000000000e+00 -3.657673020842507894e-01 3.932300462108010985e-01
0.000000000000000000e+00 -3.705754768522655507e-01 3.899235960526011291e-01
0.000000000000000000e+00 -3.754270113876453374e-01 3.866666463964197886e-01
0.000000000000000000e+00 -3.803206666256113699e-01 3.834645046588044393e-01
0.000000000000000000e+00 -3.852546688944125108e-01 3.803222553849917587e-01
0.000000000000000000e+00 -3.902268346734831805e-01 3.772446583698584877e-01
0.000000000000000000e+00 -3.952347143980119992e-01 3.742360729583725232e-01
0.000000000000000000e+00 -4.002757476699824180e-01 3.713004109714094225e-01
0.000000000000000000e+00 -4.053474219052736749e-01 3.684411195630016289e-01
0.000000000000000000e+00 -4.104474264223186286e-01 3.656611941410176647e-01
0.000000000000000000e+00 -4.155737942580666200e-01 3.629632203163247195e-01
0.000000000000000000e+00 -4.207250245687009227e-01 3.603494427264665734e-01
0.000000000000000000e+00 -4.259001793125322122e-01 3.578218575476158625e-01
0.000000000000000000e+00 -4.310989489881092429e-01 3.553823245985960888e-01
0.000000000000000000e+00 -4.363216834710007541e-01 3.530326941841349098e-01
0.000000000000000000e+00 -4.415693854103503457e-01 3.507749432467339723e-01
0.000000000000000000e+00 -4.468436651585750430e-01 3.486113150167424179e-01
0.000000000000000000e+00 -4.521466577587642810e-01 3.465444561805489654e-01
0.000000000000000000e+00 -4.574809040475739108e-01 3.445775456320192554e-01
0.000000000000000000e+00 -4.628491993907348223e-01 3.427144091297127382e-01
0.000000000000000000e+00 -4.682544149005919976e-01 3.409596146419538454e-01
0.000000000000000000e+00 -4.736992971419982656e-01 3.393185438065374759e-01
0.000000000000000000e+00 -4.791862532724606161e-01 3.377974357384307957e-01
0.000000000000000000e+00 -4.847171292506489149e-01 3.364034003585442689e-01
0.000000000000000000e+00 -4.902929891592496259e-01 3.351443994563398365e-01
0.000000000000000000e+00 -4.959139038086530227e-01 3.340291948022914292e-01
0.000000000000000000e+00 -5.015787566125016195e-01 3.330672637546724379e-01
0.000000000000000000e+00 -5.072850742606291874e-01 3.322686839198023545e-01
0.000000000000000000e+00 -5.130288889756693393e-01 3.316439894875025662e-01
0.000000000000000000e+00 -5.188046381525741602e-01 3.312040028378831491e-01
0.000000000000000000e+00 -5.246051059801738470e-01 3.309596458687971698e-01
0.000000000000000000e+00 -5.304214102729796210e-01 3.309217361968527782e-01
0.000000000000000000e+00 -5.362430362478842749e-01 3.311007739156300311e-01
0.000000000000000000e+00 -5.420579174167535763e-01 3.315067249356636880e-01
0.000000000000000000e+00 -5.478525621869988482e-01 3.321488070714865848e-01
0.000000000000000000e+00 -5.536122232234343965e-01 3.330352849781545443e-01
0.000000000000000000e+00 -5.593211051798900879e-01 3.341732797768258156e-01
0.000000000000000000e+00 -5.649626051086243939e-01 3.355685987566137674e-01
0.000000000000000000e+00 -5.705195787448589240e-01 3.372255899149270708e-01
0.000000000000000000e+00 -5.759746249812726093e-01 3.391470253235253085e-01
0.000000000000000000e+00 -5.813103802235365380e-01 3.413340164101030805e-01
0.000000000000000000e+00 -5.865098139742557226e-01 3.437859632569030821e-01
0.000000000000000000e+00 -5.915565169405321289e-01 3.465005389729093888e-01
0.000000000000000000e+00 -5.964349732010311156e-01 3.494737091304797594e-01
0.000000000000000000e+00 -6.011308084929740669e-01 3.526997852069836958e-01
0.000000000000000000e+00 -6.056310074690590683e-01 3.561715099723336553e-01
0.000000000000000000e+00 -6.099240938009292679e-01 3.598801718472536826e-01
0.000000000000000000e+00 -6.140002682332861283e-01 3.638157444544134478e-01
0.000000000000000000e+00 -6.178515010780729622e-01 3.679670469205809091e-01
0.000000000000000000e+00 -6.214715771329980543e-01 3.723219199829098103e-01
0.000000000000000000e+00 -6.248560925611080785e-01 3.768674126208244601e-01
0.000000000000000000e+00 -6.280024048244716717e-01 3.815899737848424400e-01
0.000000000000000000e+00 -6.309095382718020728e-01 3.864756438267940575e-01
0.000000000000000000e+00 -6.335780493854952233e-01 3.915102404475179210e-01
0.000000000000000000e+00 -6.360098569504591959e-01 3.966795343572954713e-01
0.000000000000000000e+00 -6.382080434730516005e-01 4.019694103743580160e-01
0.000000000000000000e+00 -6.401766350182189758e-01 4.073660103460423065e-01
0.000000000000000000e+00 -6.419203672194185861e-01 4.128558550396084770e-01
0.000000000000000000e+00 -6.434444455311134625e-01 4.184259429861956203e-01
0.000000000000000000e+00 -6.447543078291141372e-01 4.240638251405024484e-01
0.000000000000000000e+00 -6.458553972213267880e-01 4.297576551082329388e-01
0.000000000000000000e+00 -6.467529524217471293e-01 4.354962155609517493e-01
0.000000000000000000e+00 -6.474518222844011239e-01 4.412689222729782590e-01
0.000000000000000000e+00 -6.479563101203903441e-01 4.470658079489067127e-01
0.000000000000000000e+00 -6.482700522667521614e-01 4.528774886384024922e-01
0.000000000000000000e+00 -6.483959340830511842e-01 4.586951160364466928e-01
0.000000000000000000e+00 -6.483360451675471703e-01 4.645103193266157948e-01
0.000000000000000000e+00 -6.480916741593512054e-01 4.703151404322065687e-01
0.000000000000000000e+00 -6.476633420770881999e-01 4.761019665908001741e-01
0.000000000000000000e+00 -6.470508717883483030e-01 4.818634640638568833e-01
0.000000000000000000e+00 -6.462534899551370948e-01 4.875925165415840312e-01
0.000000000000000000e+00 -6.452699567018721494e-01 4.932821714174738248e-01
0.000000000000000000e+00 -6.440987173416491407e-01 4.989255966043295021e-01
0.000000000000000000e+00 -6.427380698038662743e-01 5.045160499661970332e-01
0.000000000000000000e+00 -6.411863409540526915e-01 5.100468627736186589e-01
0.000000000000000000e+00 -6.394420647982077544e-01 5.155114378805782938e-01
0.000000000000000000e+00 -6.375041556231709761e-01 5.209032625991940613e-01
0.000000000000000000e+00 -6.353720694361399968e-01 5.262159355416097251e-01
0.000000000000000000e+00 -6.330459476160021914e-01 5.314432060356256704e-01
0.000000000000000000e+00 -6.305267374536556169e-01 5.365790241274307482e-01
0.000000000000000000e+00 -6.278162852073643219e-01 5.416175986843537737e-01
0.000000000000000000e+00 -6.249173983953878464e-01 5.465534607220589036e-01
0.000000000000000000e+00 -6.218338752495026212e-01 5.513815288187120522e-01
0.000000000000000000e+00 -6.185705005140319512e-01 5.560971733529163075e-01
0.000000000000000000e+00 -6.151330080482151352e-01 5.606962763168185093e-01
0.000000000000000000e+00 -6.115280119277681781e-01 5.651752836093153487e-01
0.000000000000000000e+00 -6.077629088986232775e-01 5.695312469998864424e-01
0.000000000000000000e+00 -6.038457560697191306e-01 5.737618533591651859e-01
0.000000000000000000e+00 -5.997851286050045472e-01 5.778654392611880519e-01
0.000000000000000000e+00 -5.955899628563513515e-01 5.818409896534804115e-01
0.000000000000000000e+00 -5.912693908451744917e-01 5.856881199407170113e-01
0.000000000000000000e+00 -5.868325722357442542e-01 5.894070415092429460e-01
0.000000000000000000e+00 -5.822885299407815074e-01 5.929985114056254281e-01
0.000000000000000000e+00 -5.776459952622526872e-01 5.964637675447689302e-01
0.000000000000000000e+00 -5.729132680085305962e-01 5.998044514349619716e-01
0.000000000000000000e+00 -5.680980963628328162e-01 6.030225209434808553e-01
0.000000000000000000e+00 -5.632075804343874559e-01 6.061201560648533659e-01
0.000000000000000000e+00 -5.582481024369445599e-01 6.090996609761956115e-01
0.000000000000000000e+00 -5.532252853482583221e-01 6.119633658562300127e-01
0.000000000000000000e+00 -5.481439807520336327e-01 6.147135319978246359e-01
0.000000000000000000e+00 -5.430082853957890476e-01 6.173522636547131848e-01
0.000000000000000000e+00 -5.378215848598693061e-01 6.198814298335917350e-01
0.000000000000000000e+00 -5.325866216689432164e-01 6.223025988807523445e-01
0.000000000000000000e+00 -5.273055842293284945e-01 6.246169882307475163e-01
0.000000000000000000e+00 -5.219802121804812955e-01 6.268254311010971191e-01
0.000000000000000000e+00 -5.166119131381754492e-01 6.289283612537122092e-01
0.000000000000000000e+00 -5.112018854043550720e-01 6.309258162258757352e-01
0.000000000000000000e+00 -5.057512410404620962e-01 6.328174586890381592e-01
0.000000000000000000e+00 -5.002611237546017442e-01 6.346026148515511167e-01
0.000000000000000000e+00 -4.947328163366958576e-01 6.362803281111878428e-01
0.000000000000000000e+00 -4.891678328792374852e-01 6.378494255135140900e-01
0.000000000000000000e+00 -4.835679917253547511e-01 6.393085940095436515e-01
0.000000000000000000e+00 -4.779354659635681735e-01 6.406564630543205574e-01
0.000000000000000000e+00 -4.722728093059986310e-01 6.418916897669083577e-01
0.000000000000000000e+00 -4.665829563041882788e-01 6.430130426967801682e-01
0.000000000000000000e+00 -4.608691970303169794e-01 6.440194802215118974e-01
0.000000000000000000e+00 -4.551351275349662662e-01 6.449102197399072534e-01
0.000000000000000000e+00 -4.493845785383914215e-01 6.456847941211331099e-01
0.000000000000000000e+00 -4.436215258741222911e-01 6.463430923159896313e-01
0.000000000000000000e+00 -4.378499871378958574e-01 6.468853816171713511e-01
0.000000000000000000e+00 -4.320739097620554525e-01 6.473123097519564162e-01
0.000000000000000000e+00 -4.262970563021453163e-01 6.476248857791742086e-01
0.000000000000000000e+00 -4.205228930621775496e-01 6.478244396145593775e-01
0.000000000000000000e+00 -4.147544882799223398e-01 6.479125608937925662e-01
0.000000000000000000e+00 -4.089944259345780764e-01 6.478910187679011168e-01
0.000000000000000000e+00 -4.032447408267991196e-01 6.477616650777845431e-01
0.000000000000000000e+00 -3.975068799254035112e-01 6.475263241405769810e-01
0.000000000000000000e+00 -3.917816940955466953e-01 6.471866730691807623e-01
0.000000000000000000e+00 -3.860694632479415023e-01 6.467441171094248098e-01
0.000000000000000000e+00 -3.803699567138419946e-01 6.461996648926680020e-01
0.000000000000000000e+00 -3.746825292986291633e-01 6.455538087460239716e-01
0.000000000000000000e+00 -3.690062520457673689e-01 6.448064152641735935e-01
0.000000000000000000e+00 -3.633400753039204845e-01 6.439566312187140484e-01
0.000000000000000000e+00 -3.576830202861328023e-01 6.430028095626059148e-01
0.000000000000000000e+00 -3.520343939939307720e-01 6.419424597847772640e-01
0.000000000000000000e+00 -3.463940212016454745e-01 6.407722261962702781e-01
0.000000000000000000e+00 -3.407624862038403646e-01 6.394878969037761651e-01
0.000000000000000000e+00 -3.351413762624113613e-01 6.380844452740975781e-01
0.000000000000000000e+00 -3.295335181833877747e-01 6.365561046440592063e-01
0.000000000000000000e+00 -3.239431992318149156e-01 6.348964759187465390e-01
0.000000000000000000e+00 -3.183763636718908718e-01 6.330986665636630928e-01
0.000000000000000000e+00 -3.128407766039695836e-01 6.311554583720346834e-01
0.000000000000000000e+00 -3.073461474548109806e-01 6.290595003159916709e-01
0.000000000000000000e+00 -3.019042064465572994e-01 6.268035218075901360e-01
0.000000000000000000e+00 -2.965287285972575404e-01 6.243805608381152172e-01
0.000000000000000000e+00 -2.912355012557863998e-01 6.217842007637499613e-01
0.000000000000000000e+00 -2.860422328028998096e-01 6.190088089896057522e-01
0.000000000000000000e+00 -2.809684019071876371e-01 6.160497704936500618e-01
0.000000000000000000e+00 -2.760350485538682896e-01 6.129037090420137446e-01
0.000000000000000000e+00 -2.712645099063721310e-01 6.095686890850811057e-01
0.000000000000000000e+00 -2.666801058547525471e-01 6.060443916897469974e-01
0.000000000000000000e+00 -2.623057807911035044e-01 6.023322584496693111e-01
0.000000000000000000e+00 -2.581657096730148870e-01 5.984355981072405628e-01
0.000000000000000000e+00 -2.542838777390880045e-01 5.943596515962302762e-01
0.000000000000000000e+00 -2.506836442795791209e-01 5.901116123441715322e-01
0.000000000000000000e+00 -2.473873016024867588e-01 5.857005999245723515e-01
0.000000000000000000e+00 -2.444156407424946942e-01 5.811375864825664150e-01
0.000000000000000000e+00 -2.417875355193579712e-01 5.764352767320816140e-01
0.000000000000000000e+00 -2.395195562570934245e-01 5.716079436946490677e-01
0.000000000000000000e+00 -2.376256238307840329e-01 5.666712236757961429e-01
0.000000000000000000e+00 -2.361167137305136277e-01 5.616418752118855773e-01
0.000000000000000000e+00 -2.350006185495325806e-01 5.565375078280763166e-01
0.000000000000000000e+00 -2.342817757540111567e-01 5.513762873904273221e-01
0.000000000000000000e+00 -2.339611658214343082e-01 5.461766255807883885e-01
0.000000000000000000e+00 -2.340362838980925286e-01 5.409568615469239061e-01
0.000000000000000000e+00 -2.345011860831729689e-01 5.357349440641917537e-01
0.000000000000000000e+00 -2.365601621430588053e-01 5.253526552823389872e-01
