2.601901686961526350e-01 1.477758327071403144e-01 0.000000000000000000e+00
2.624204594201827723e-01 1.447680153356331878e-01 0.000000000000000000e+00
2.645609724665063389e-01 1.417064539931333078e-01 0.000000000000000000e+00
2.666092807266464138e-01 1.385959739801446156e-01 0.000000000000000000e+00
2.685631386387271058e-01 1.354408505125061501e-01 0.000000000000000000e+00
2.704204909787496502e-01 1.322448165779122053e-01 0.000000000000000000e+00
2.721794819261319498e-01 1.290110796297171403e-01 0.000000000000000000e+00
2.738384641695331689e-01 1.257423465433805121e-01 0.000000000000000000e+00
2.753960077979879517e-01 1.224408561390367273e-01 0.000000000000000000e+00
2.768509087069506158e-01 1.191084184649976729e-01 0.000000000000000000e+00
2.782021962393931847e-01 1.157464599431411029e-01 0.000000000000000000e+00
2.794491397789222731e-01 1.123560733994661970e-01 0.000000000000000000e+00
2.805912540151337953e-01 1.089380719427112260e-01 0.000000000000000000e+00
2.816283026111777166e-01 1.054930456116304760e-01 0.000000000000000000e+00
2.825603000196879044e-01 1.020214196878315299e-01 0.000000000000000000e+00
2.833875112156477583e-01 9.852351356617652933e-02 0.000000000000000000e+00
2.841104491431082346e-01 9.499959908854781199e-02 0.000000000000000000e+00
2.847298697065216988e-01 9.144995727885783798e-02 0.000000000000000000e+00
2.852467641762658213e-01 8.787493246683544812e-02 0.000000000000000000e+00
2.856623489210821099e-01 8.427498285435298941e-02 0.000000000000000000e+00
2.859780524269059376e-01 8.065072665961446619e-02 0.000000000000000000e+00
2.861954996111288341e-01 7.700298306989764030e-02 0.000000000000000000e+00
2.863164934928379424e-01 7.333280734100952603e-02 0.000000000000000000e+00
2.863429943320997539e-01 6.964151949926621066e-02 0.000000000000000000e+00
2.862770964039553778e-01 6.593072622756811219e-02 0.000000000000000000e+00
2.861210026244901394e-01 6.220233564881818417e-02 0.000000000000000000e+00
2.858769972961666128e-01 5.845856485524363738e-02 0.000000000000000000e+00
2.855474172866069305e-01 5.470194016879682819e-02 0.000000000000000000e+00
2.851346219982500152e-01 5.093529025338844329e-02 0.000000000000000000e+00
2.846409625249204933e-01 4.716173233193208386e-02 0.000000000000000000e+00
2.840687504245019146e-01 4.338465188780288306e-02 0.000000000000000000e+00
2.834202265638867679e-01 3.960767634919207941e-02 0.000000000000000000e+00
2.826975305125236648e-01 3.583464336396139510e-02 0.000000000000000000e+00
2.819026709736594527e-01 3.206956437013218364e-02 0.000000000000000000e+00
2.810374977473660829e-01 2.831658425144445088e-02 0.000000000000000000e+00
2.801036757163294921e-01 2.457993793708144678e-02 0.000000000000000000e+00
2.791026613340072404e-01 2.086390485851508450e-02 0.000000000000000000e+00
2.780356820750827240e-01 1.717276221359717234e-02 0.000000000000000000e+00
2.769037192802679126e-01 1.351073800788879162e-02 0.000000000000000000e+00
2.757074947916653418e-01 9.881964845476577664e-03 0.000000000000000000e+00
2.744474617314801024e-01 6.290435426146405960e-03 0.000000000000000000e+00
2.731237997263638029e-01 2.739960673057915009e-03 0.000000000000000000e+00
2.717364148227320864e-01 -7.658686344403254232e-04 0.000000000000000000e+00
2.702849442757529475e-01 -4.223715913637625038e-03 0.000000000000000000e+00
2.687687663272285143e-01 -7.630527787925691502e-03 0.000000000000000000e+00
2.671870150162328206e-01 -1.098355741752182931e-02 0.000000000000000000e+00
2.655385999921544560e-01 -1.428038162150561431e-02 0.000000000000000000e+00
2.638222312238303613e-01 -1.751891137665367512e-02 0.000000000000000000e+00
2.620364484218814516e-01 -2.069739540200901326e-02 0.000000000000000000e+00
2.601796549153611027e-01 -2.381441666747140945e-02 0.000000000000000000e+00
2.582501556495842010e-01 -2.686888179772557381e-02 0.000000000000000000e+00
2.562461989007092100e-01 -2.986000347723811316e-02 0.000000000000000000e+00
2.541660212354546200e-01 -3.278727609553930972e-02 0.000000000000000000e+00
2.520078951823617186e-01 -3.565044500224251456e-02 0.000000000000000000e+00
2.497701790253263332e-01 -3.844946986598572064e-02 0.000000000000000000e+00
2.474513680816852745e-01 -4.118448274851827656e-02 0.000000000000000000e+00
2.450501467868470284e-01 -4.385574161244847752e-02 0.000000000000000000e+00
2.425654408760685998e-01 -4.646358007680700258e-02 0.000000000000000000e+00
2.399964689321557043e-01 -4.900835431684808646e-02 0.000000000000000000e+00
2.373427925561127361e-01 -5.149038807190807476e-02 0.000000000000000000e+00
2.346043644164665376e-01 -5.390991677640435964e-02 0.000000000000000000e+00
2.317815734423520069e-01 -5.626703186319190197e-02 0.000000000000000000e+00
2.288752864455394498e-01 -5.856162630478424502e-02 0.000000000000000000e+00
2.258868854873068155e-01 -6.079334245596143549e-02 0.000000000000000000e+00
2.228183003471571055e-01 -6.296152324091316976e-02 0.000000000000000000e+00
2.196720355014351034e-01 -6.506516768947849527e-02 0.000000000000000000e+00
2.164511910803392225e-01 -6.710289177073003319e-02 0.000000000000000000e+00
2.131594773409387633e-01 -6.907289539889262253e-02 0.000000000000000000e+00
2.098012222707353325e-01 -7.097293639744778337e-02 0.000000000000000000e+00
2.063813720200758928e-01 -7.280031210359222404e-02 0.000000000000000000e+00
2.029054839512340891e-01 -7.455184917857481108e-02 0.000000000000000000e+00
1.993797121860394761e-01 -7.622390206163454085e-02 0.000000000000000000e+00
1.958107856312751305e-01 -7.781236036831008784e-02 0.000000000000000000e+00
1.922059785603508486e-01 -7.931266538995200566e-02 0.000000000000000000e+00
1.885730739296112290e-01 -8.071983570263750740e-02 0.000000000000000000e+00
1.849203197066525972e-01 -8.202850174275770623e-02 0.000000000000000000e+00
1.812563785847951525e-01 -8.323294905575846780e-02 0.000000000000000000e+00
1.775902715509999064e-01 -8.432716977633247790e-02 0.000000000000000000e+00
1.739313158626798472e-01 -8.530492175521685316e-02 0.000000000000000000e+00
1.702890580707478729e-01 -8.615979461202284695e-02 0.000000000000000000e+00
1.666732028006453759e-01 -8.688528186748228910e-02 0.000000000000000000e+00
1.630935380688988412e-01 -8.747485819427698595e-02 0.000000000000000000e+00
1.595598579689439522e-01 -8.792206072517899651e-02 0.000000000000000000e+00
1.560818836056677983e-01 -8.822057327232908641e-02 0.000000000000000000e+00
1.526691831926101084e-01 -8.836431224363626435e-02 0.000000000000000000e+00
1.493310922484613890e-01 -8.834751299275138414e-02 0.000000000000000000e+00
1.460766348399751835e-01 -8.816481530883146789e-02 0.000000000000000000e+00
1.429144468164324777e-01 -8.781134674204370272e-02 0.000000000000000000e+00
1.398527019662851589e-01 -8.728280247082446930e-02 0.000000000000000000e+00
1.368990419996643781e-01 -8.657552044735988828e-02 0.000000000000000000e+00
1.340605112213554273e-01 -8.568655060830565606e-02 0.000000000000000000e+00
1.313434967080608640e-01 -8.461371700783110184e-02 0.000000000000000000e+00
1.287536747419226746e-01 -8.335567181873813902e-02 0.000000000000000000e+00
1.262959641801308652e-01 -8.191194025346959506e-02 0.000000000000000000e+00
1.239744873589355145e-01 -8.028295557879445987e-02 0.000000000000000000e+00
1.217925390405679986e-01 -7.847008353408767289e-02 0.000000000000000000e+00
1.197525638146427485e-01 -7.647563561143073951e-02 0.000000000000000000e+00
1.178561422628475047e-01 -7.430287081405732852e-02 0.000000000000000000e+00
1.161039860885008379e-01 -7.195598567559713388e-02 0.000000000000000000e+00
1.144959423023063777e-01 -6.944009249363958247e-02 0.000000000000000000e+00
1.130310064438436179e-01 -6.676118590475459136e-02 0.000000000000000000e+00
1.117073447065122238e-01 -6.392609810162612483e-02 0.000000000000000000e+00
1.105223247233048239e-01 -6.094244316370833747e-02 0.000000000000000000e+00
1.094725546634094104e-01 -5.781855113817165048e-02 0.000000000000000000e+00
1.085539301866917800e-01 -5.456339266529051935e-02 0.000000000000000000e+00
1.077616887059676676e-01 -5.118649508937501286e-02 0.000000000000000000e+00
1.070904703169560240e-01 -4.769785113054505338e-02 0.000000000000000000e+00
1.065343846741153289e-01 -4.410782131195171291e-02 0.000000000000000000e+00
1.060870830182994995e-01 -4.042703143954440997e-02 0.000000000000000000e+00
1.057418345002863608e-01 -3.666626651549340782e-02 0.000000000000000000e+00
1.054916058935466000e-01 -3.283636253050145615e-02 0.000000000000000000e+00
1.053291437507880429e-01 -2.894809762337541975e-02 0.000000000000000000e+00
1.052470580323227323e-01 -2.501208411758830755e-02 0.000000000000000000e+00
1.052379062204765736e-01 -2.103866294368458498e-02 0.000000000000000000e+00
1.052942769332350370e-01 -1.703780193314363700e-02 0.000000000000000000e+00
1.054088720620530856e-01 -1.301899942393189812e-02 0.000000000000000000e+00
1.055745864830369557e-01 -8.991194551001698357e-03 0.000000000000000000e+00
1.057845844271403796e-01 -4.962685507314894620e-03 0.000000000000000000e+00
1.060323716430464080e-01 -9.410569537871627584e-04 0.000000000000000000e+00
1.063118625453146615e-01 3.066882368629863988e-03 0.000000000000000000e+00
1.066174416092956767e-01 7.055150912908483667e-03 0.000000000000000000e+00
1.069440183522470666e-01 1.101863372969967211e-02 0.000000000000000000e+00
1.072870753259147908e-01 1.495310941213225109e-02 0.000000000000000000e+00
1.076427086383387605e-01 1.885526416987638731e-02 0.000000000000000000e+00
1.080076606205003092e-01 2.272269280453836568e-02 0.000000000000000000e+00
1.083793443552765884e-01 2.655388654646616969e-02 0.000000000000000000e+00
1.087558598905823265e-01 3.034820790244136673e-02 0.000000000000000000e+00
1.091360020641198580e-01 3.410585285170159714e-02 0.000000000000000000e+00
1.095192599723805310e-01 3.782780091147813079e-02 0.000000000000000000e+00
1.099058082200073255e-01 4.151575377000853162e-02 0.000000000000000000e+00
1.102964901859567193e-01 4.517206335214350721e-02 0.000000000000000000e+00
1.106927936387480382e-01 4.879965033771123395e-02 0.000000000000000000e+00
1.110968191232045987e-01 5.240191429339605828e-02 0.000000000000000000e+00
1.115112416243146110e-01 5.598263670291868388e-02 0.000000000000000000e+00
1.119392660891123797e-01 5.954587828589618520e-02 0.000000000000000000e+00
1.123845774538814318e-01 6.309587208131588187e-02 0.000000000000000000e+00
1.128512858807163427e-01 6.663691383577317884e-02 0.000000000000000000e+00
1.133438679539103405e-01 7.017325127851987976e-02 0.000000000000000000e+00
1.138671046222721750e-01 7.370897388429398234e-02 0.000000000000000000e+00
1.144260166979942650e-01 7.724790472054975099e-02 0.000000000000000000e+00
1.150257987359346590e-01 8.079349594811921498e-02 0.000000000000000000e+00
1.156717521191355375e-01 8.434872949390159746e-02 0.000000000000000000e+00
1.163692181672578291e-01 8.791602434163228730e-02 0.000000000000000000e+00
1.171235120646775540e-01 9.149715179318233804e-02 0.000000000000000000e+00
1.179398583747539864e-01 9.509315993956982127e-02 0.000000000000000000e+00
1.188233288668526233e-01 9.870430844959292294e-02 0.000000000000000000e+00
1.197787833338474633e-01 1.023300146366626084e-01 0.000000000000000000e+00
1.208108140209040865e-01 1.059688116032025951e-01 0.000000000000000000e+00
1.219236942223361486e-01 1.096183190892814352e-01 0.000000000000000000e+00
1.231213315332959635e-01 1.132752274705013940e-01 0.000000000000000000e+00
1.244072261681437030e-01 1.169352951622835840e-01 0.000000000000000000e+00
1.257844346787270196e-01 1.205933594963301686e-01 0.000000000000000000e+00
1.272555393247167266e-01 1.242433609430456526e-01 0.000000000000000000e+00
1.288226232658276071e-01 1.278783803638879057e-01 0.000000000000000000e+00
1.304872516634356661e-01 1.314906887927912993e-01 0.000000000000000000e+00
1.322504586980051133e-01 1.350718090686755524e-01 0.000000000000000000e+00
1.341127404300209436e-01 1.386125884742152037e-01 0.000000000000000000e+00
1.360740533569117783e-01 1.421032813819328444e-01 0.000000000000000000e+00
1.381338184477695352e-01 1.455336407695332901e-01 0.000000000000000000e+00
1.402909303724809709e-01 1.488930173442175597e-01 0.000000000000000000e+00
1.425437715830279173e-01 1.521704649122602448e-01 0.000000000000000000e+00
1.448902308529092520e-01 1.553548505468593521e-01 0.000000000000000000e+00
1.473277258365044695e-01 1.584349680453268905e-01 0.000000000000000000e+00
1.498532291741957734e-01 1.613996531269188406e-01 0.000000000000000000e+00
1.524632976415356833e-01 1.642378988054905564e-01 0.000000000000000000e+00
1.551541038218812174e-01 1.669389693768679739e-01 0.000000000000000000e+00
1.579214697717577220e-01 1.694925114891517315e-01 0.000000000000000000e+00
1.607609021466858690e-01 1.718886608145883954e-01 0.000000000000000000e+00
1.636676282620665723e-01 1.741181429132918068e-01 0.000000000000000000e+00
1.666366325786182712e-01 1.761723669707982165e-01 0.000000000000000000e+00
1.696626931243121472e-01 1.780435112017197397e-01 0.000000000000000000e+00
1.727404173941612386e-01 1.797245988388649351e-01 0.000000000000000000e+00
1.758642773048859353e-01 1.812095637691432948e-01 0.000000000000000000e+00
1.790286428226167403e-01 1.824933050321360661e-01 0.000000000000000000e+00
1.822278139275394782e-01 1.835717295620256095e-01 0.000000000000000000e+00
1.854560506288192301e-01 1.844417827260866616e-01 0.000000000000000000e+00
1.887076007952872836e-01 1.851014663905314050e-01 0.000000000000000000e+00
1.919767256212535078e-01 1.855498444244597367e-01 0.000000000000000000e+00
1.952577226014071965e-01 1.857870357322889687e-01 0.000000000000000000e+00
1.985449459431061214e-01 1.858141950816180887e-01 0.000000000000000000e+00
2.018328243974509550e-01 1.856334821643984279e-01 0.000000000000000000e+00
2.051158765414730356e-01 1.852480194919919332e-01 0.000000000000000000e+00
2.083887235916616065e-01 1.846618398768239133e-01 0.000000000000000000e+00
2.116460998731081178e-01 1.838798243926577092e-01 0.000000000000000000e+00
2.148828611080433881e-01 1.829076318300388859e-01 0.000000000000000000e+00
2.180939907218561458e-01 1.817516207714155452e-01 0.000000000000000000e+00
2.212746043932923845e-01 1.804187655003419988e-01 0.000000000000000000e+00
2.244199530980365842e-01 1.789165670298180633e-01 0.000000000000000000e+00
2.275254249109806559e-01 1.772529605852954382e-01 0.000000000000000000e+00
2.305865458420229830e-01 1.754362209076252843e-01 0.000000000000000000e+00
2.335989799831754421e-01 1.734748667499629859e-01 0.000000000000000000e+00
2.365585292411603313e-01 1.713775659304608567e-01 0.000000000000000000e+00
2.394611329197633975e-01 1.691530422698644953e-01 0.000000000000000000e+00
2.423028674002872529e-01 1.668099856905896905e-01 0.000000000000000000e+00
2.450799461469536644e-01 1.643569666825185349e-01 0.000000000000000000e+00
2.477887202375614328e-01 1.618023562519057268e-01 0.000000000000000000e+00
2.504256795887414011e-01 1.591542523650030239e-01 0.000000000000000000e+00
2.529874550104668773e-01 1.564204137790904947e-01 0.000000000000000000e+00
2.554708211868381151e-01 1.536082020225550682e-01 0.000000000000000000e+00
2.601901686961526350e-01 1.477758327071403144e-01 0.000000000000000000e+00
