0.000000000000000000e+00 8.928068552442203210e-01 1.959712217512104004e-01
0.000000000000000000e+00 8.928603699561908913e-01 1.798941053880475649e-01
0.000000000000000000e+00 8.924799757881686224e-01 1.626198351320724822e-01
0.000000000000000000e+00 8.916298615368358771e-01 1.438138655176267877e-01
0.000000000000000000e+00 8.901867127100462351e-01 1.236147376971443307e-01
0.000000000000000000e+00 8.879762759205824807e-01 1.025501037210720806e-01
0.000000000000000000e+00 8.848300124340405803e-01 8.132014301812039159e-02
0.000000000000000000e+00 8.806399141036699296e-01 6.054098131437072455e-02
0.000000000000000000e+00 8.753892411974303345e-01 4.055165802009762233e-02
0.000000000000000000e+00 8.691460658571977804e-01 2.135561550685801877e-02
0.000000000000000000e+00 8.620214431748821626e-01 2.707400100412549367e-03
0.000000000000000000e+00 8.541085660976888150e-01 -1.570555761570734121e-02
0.000000000000000000e+00 8.454272696427292955e-01 -3.407144537749928759e-02
0.000000000000000000e+00 8.358963767567735292e-01 -5.233427748657877576e-02
0.000000000000000000e+00 8.253454727000665292e-01 -7.018853791962349764e-02
0.000000000000000000e+00 8.135623951555118749e-01 -8.717706626471975750e-02
0.000000000000000000e+00 8.003593847143071205e-01 -1.028369186839227789e-01
0.000000000000000000e+00 7.856347454500554051e-01 -1.168227088938662284e-01
0.000000000000000000e+00 7.694100286605539685e-01 -1.289552165838339925e-01
0.000000000000000000e+00 7.518332136014599376e-01 -1.391838738044787471e-01
0.000000000000000000e+00 7.331512690565828994e-01 -1.474944650827648140e-01
0.000000000000000000e+00 7.136653966564852070e-01 -1.538178042085691644e-01
0.000000000000000000e+00 6.936855508129522452e-01 -1.579908863924155138e-01
0.000000000000000000e+00 6.734971063538802705e-01 -1.597927793974933397e-01
0.000000000000000000e+00 6.533444987118710578e-01 -1.590386319268345394e-01
0.000000000000000000e+00 6.334285379744349909e-01 -1.556857412712218947e-01
0.000000000000000000e+00 6.139095744217233364e-01 -1.498993160427624094e-01
0.000000000000000000e+00 5.949092222674490227e-01 -1.420444758609969438e-01
0.000000000000000000e+00 5.765077174860411269e-01 -1.326052271979034081e-01
0.000000000000000000e+00 5.587392100992027988e-01 -1.220639928920339290e-01
0.000000000000000000e+00 5.415903045525479742e-01 -1.107915471641878202e-01
0.000000000000000000e+00 5.250064050597480492e-01 -9.899022402023358036e-02
0.000000000000000000e+00 5.089065402067701749e-01 -8.670751569368893852e-02
0.000000000000000000e+00 4.932026823127800830e-01 -7.390559141381827790e-02
0.000000000000000000e+00 4.778168316368532342e-01 -6.054965619276021782e-02
0.000000000000000000e+00 4.626898556891023695e-01 -4.667407278395335757e-02
0.000000000000000000e+00 4.477798679047508279e-01 -3.240008826282227139e-02
0.000000000000000000e+00 4.330527303593594279e-01 -1.790432722250276040e-02
0.000000000000000000e+00 4.184704976620921002e-01 -3.360274602806763173e-03
0.000000000000000000e+00 4.039836236413510973e-01 1.111473645225725428e-02
0.000000000000000000e+00 3.895296856951494524e-01 2.548054421333262320e-02
0.000000000000000000e+00 3.750371152431511423e-01 3.975454205377659117e-02
0.000000000000000000e+00 3.604294929316597673e-01 5.396275654117037301e-02
0.000000000000000000e+00 3.456261453982745757e-01 6.808533763935920025e-02
0.000000000000000000e+00 3.305380416796826482e-01 8.201996914108364289e-02
0.000000000000000000e+00 3.150624539269273328e-01 9.557560365675346614e-02
0.000000000000000000e+00 2.990827665326906137e-01 1.084938299177263948e-01
0.000000000000000000e+00 2.824790799943894259e-01 1.204841794397885496e-01
0.000000000000000000e+00 2.651506449769617801e-01 1.312577662564707315e-01
0.000000000000000000e+00 2.470446506722945579e-01 1.405503906138390602e-01
0.000000000000000000e+00 2.281807665513418404e-01 1.481364705117230729e-01
0.000000000000000000e+00 2.086600560565052276e-01 1.538422203296997970e-01
0.000000000000000000e+00 1.886514845998850110e-01 1.575660348240330577e-01
0.000000000000000000e+00 1.683576514384080292e-01 1.593064580999161706e-01
0.000000000000000000e+00 1.479699793862614965e-01 1.591882468858439315e-01
0.000000000000000000e+00 1.276284229329201769e-01 1.574713326206458319e-01
0.000000000000000000e+00 1.073993888993940576e-01 1.545303108312185980e-01
0.000000000000000000e+00 8.727839216914422271e-02 1.508030991618873329e-01
0.000000000000000000e+00 6.721409632435004777e-02 1.467215066611845531e-01
0.000000000000000000e+00 4.714221941251636738e-02 1.426463503936329091e-01
0.000000000000000000e+00 2.701494287647151007e-02 1.388298052061558152e-01
0.000000000000000000e+00 6.815058368013211625e-03 1.354170147115310863e-01
0.000000000000000000e+00 -1.344780592722166594e-02 1.324822319513188906e-01
0.000000000000000000e+00 -3.375293735288984603e-02 1.300798273183042530e-01
0.000000000000000000e+00 -5.408536407180705025e-02 1.282847175651198046e-01
0.000000000000000000e+00 -7.444374437824116675e-02 1.272031069644501966e-01
0.000000000000000000e+00 -9.483531012010204542e-02 1.269499130499004425e-01
0.000000000000000000e+00 -1.152616480441091135e-01 1.276063246297453602e-01
0.000000000000000000e+00 -1.357045364350207839e-01 1.291811909752567933e-01
0.000000000000000000e+00 -1.561212612229706254e-01 1.315982711787566373e-01
0.000000000000000000e+00 -1.764537159036953518e-01 1.347185718619809125e-01
0.000000000000000000e+00 -1.966478729870639319e-01 1.383893908778492388e-01
0.000000000000000000e+00 -2.166740590248269205e-01 1.424980011346949627e-01
0.000000000000000000e+00 -2.365372892101434144e-01 1.470049777461892027e-01
0.000000000000000000e+00 -2.562715736917244858e-01 1.519415246681280751e-01
0.000000000000000000e+00 -2.759203509448065472e-01 1.573722729460624026e-01
0.000000000000000000e+00 -2.955127666183043345e-01 1.633415647166683304e-01
0.000000000000000000e+00 -3.150482857309378493e-01 1.698291608253153229e-01
0.000000000000000000e+00 -3.344983264225697139e-01 1.767368017790376666e-01
0.000000000000000000e+00 -3.538248556695762215e-01 1.839123561777726013e-01
0.000000000000000000e+00 -3.730065432311485685e-01 1.912005510269566277e-01
0.000000000000000000e+00 -3.920580861014580365e-01 1.984970016581369401e-01
0.000000000000000000e+00 -4.110306918196645620e-01 2.057811782019810243e-01
0.000000000000000000e+00 -4.299907881621020111e-01 2.131143142944789959e-01
0.000000000000000000e+00 -4.489855764084185186e-01 2.206048742201526802e-01
0.000000000000000000e+00 -4.680121822869247050e-01 2.283590385958405022e-01
0.000000000000000000e+00 -4.870072500362065404e-01 2.364398644587909493e-01
0.000000000000000000e+00 -5.058649595200358506e-01 2.448538065654062013e-01
0.000000000000000000e+00 -5.244772076207835365e-01 2.535699978559864398e-01
0.000000000000000000e+00 -5.427767439623614187e-01 2.625626501743177910e-01
0.000000000000000000e+00 -5.607590790592693608e-01 2.718571060532055661e-01
0.000000000000000000e+00 -5.784654304292554672e-01 2.815594597349063144e-01
0.000000000000000000e+00 -5.959250900475843160e-01 2.918576634936871916e-01
0.000000000000000000e+00 -6.130748656527833518e-01 3.029941208067605252e-01
0.000000000000000000e+00 -6.296870868522969067e-01 3.152200718662029888e-01
0.000000000000000000e+00 -6.453392657408116850e-01 3.287463940434192655e-01
0.000000000000000000e+00 -6.594460491394119606e-01 3.437031098825588105e-01
0.000000000000000000e+00 -6.713518743556567969e-01 3.601136639292994435e-01
0.000000000000000000e+00 -6.804594938024622897e-01 3.778841142293720146e-01
0.000000000000000000e+00 -6.863548141042328243e-01 3.968049142339179491e-01
0.000000000000000000e+00 -6.888885250449658937e-01 4.165642539950051848e-01
0.000000000000000000e+00 -6.881899412297654006e-01 4.367745435931529308e-01
0.000000000000000000e+00 -6.846123541545517943e-01 4.570140997489234302e-01
0.000000000000000000e+00 -6.786324179747970087e-01 4.768823588564967131e-01
0.000000000000000000e+00 -6.707396072612371585e-01 4.960598959460737478e-01
0.000000000000000000e+00 -6.613508476654048618e-01 5.143579057188421011e-01
0.000000000000000000e+00 -6.507714476873335263e-01 5.317401779397908923e-01
0.000000000000000000e+00 -6.392031422034725185e-01 5.483066805973674240e-01
0.000000000000000000e+00 -6.267822274325426379e-01 5.642405216531054535e-01
0.000000000000000000e+00 -6.136224825735963062e-01 5.797343340559137914e-01
0.000000000000000000e+00 -5.998411996874793983e-01 5.949213787856824087e-01
0.000000000000000000e+00 -5.855591672449311780e-01 6.098358766457784297e-01
0.000000000000000000e+00 -5.708802335345747325e-01 6.244156586478045723e-01
0.000000000000000000e+00 -5.558661061242037293e-01 6.385426939370900667e-01
0.000000000000000000e+00 -5.405231528946246033e-01 6.521012034758498777e-01
0.000000000000000000e+00 -5.248105149605659658e-01 6.650262929086282471e-01
0.000000000000000000e+00 -5.086671891766065823e-01 6.773216669960168135e-01
0.000000000000000000e+00 -4.920459181951206129e-01 6.890404681539834542e-01
0.000000000000000000e+00 -4.749384573828843714e-01 7.002412375002465827e-01
0.000000000000000000e+00 -4.573813090318343266e-01 7.109427397217246147e-01
0.000000000000000000e+00 -4.394407041746666298e-01 7.211011971790839414e-01
0.000000000000000000e+00 -4.211854787707171588e-01 7.306214865895966915e-01
0.000000000000000000e+00 -4.026617167328972458e-01 7.393961006600617836e-01
0.000000000000000000e+00 -3.838813016301586001e-01 7.473511552283489401e-01
0.000000000000000000e+00 -3.648290166545293811e-01 7.544748720817654464e-01
0.000000000000000000e+00 -3.454834964390698371e-01 7.608128812034263833e-01
0.000000000000000000e+00 -3.258408067968151522e-01 7.664319457468684593e-01
0.000000000000000000e+00 -3.059287596418041044e-01 7.713705248112171509e-01
0.000000000000000000e+00 -2.858053017293790132e-01 7.756022019223651753e-01
0.000000000000000000e+00 -2.655425944125828774e-01 7.790322113170319307e-01
0.000000000000000000e+00 -2.452055037431576379e-01 7.815307017534703915e-01
0.000000000000000000e+00 -2.248356817817830644e-01 7.829872609137806805e-01
0.000000000000000000e+00 -2.044492059495458258e-01 7.833594165997876946e-01
0.000000000000000000e+00 -1.840486586751437226e-01 7.826897147677737143e-01
0.000000000000000000e+00 -1.636432202978036765e-01 7.810810881674895567e-01
0.000000000000000000e+00 -1.432664369529617621e-01 7.786412888575515723e-01
0.000000000000000000e+00 -1.229826311278258977e-01 7.754235700110411189e-01
0.000000000000000000e+00 -1.028786344082218279e-01 7.713939805938687666e-01
0.000000000000000000e+00 -8.304469397725927626e-02 7.664434559907665756e-01
0.000000000000000000e+00 -6.355348120373477405e-02 7.604409821090175603e-01
0.000000000000000000e+00 -4.444671178354418772e-02 7.533032547292893844e-01
0.000000000000000000e+00 -2.573485665425302368e-02 7.450470513865374844e-01
0.000000000000000000e+00 -7.408915491512928740e-03 7.357980193060978946e-01
0.000000000000000000e+00 1.054251064020149918e-02 7.257505101935618486e-01
0.000000000000000000e+00 2.811984156036494847e-02 7.150973185956474021e-01
0.000000000000000000e+00 4.530964670647609494e-02 7.039636009508385417e-01
0.000000000000000000e+00 6.209376546143893782e-02 6.923778685720743953e-01
0.000000000000000000e+00 7.846615195131530218e-02 6.802950280912780645e-01
0.000000000000000000e+00 9.444976331654594826e-02 6.676606174144305017e-01
0.000000000000000000e+00 1.101061942702083463e-01 6.544845093711684214e-01
0.000000000000000000e+00 1.255344624777866569e-01 6.408871161058281585e-01
0.000000000000000000e+00 1.408603108709482188e-01 6.270945644661077845e-01
0.000000000000000000e+00 1.562211024197499298e-01 6.133850535545063432e-01
0.000000000000000000e+00 1.717521593678534853e-01 6.000138181896916834e-01
0.000000000000000000e+00 1.875781841944526573e-01 5.871558339400263504e-01
0.000000000000000000e+00 2.038096799412975613e-01 5.748970912571468306e-01
0.000000000000000000e+00 2.205412295254117749e-01 5.632804150716688163e-01
0.000000000000000000e+00 2.378477719002566881e-01 5.523824906944280189e-01
0.000000000000000000e+00 2.557769467003631614e-01 5.423798645035869948e-01
0.000000000000000000e+00 2.743390103601503482e-01 5.335634934410589114e-01
0.000000000000000000e+00 2.934987761696650210e-01 5.262842074565204920e-01
0.000000000000000000e+00 3.131747649686702495e-01 5.208449589553827419e-01
0.000000000000000000e+00 3.332486991659226461e-01 5.173838408323964133e-01
0.000000000000000000e+00 3.535845106528034409e-01 5.158003657583825063e-01
0.000000000000000000e+00 3.740520344684044596e-01 5.157612526191905911e-01
0.000000000000000000e+00 3.945484299190286648e-01 5.167877088203975955e-01
0.000000000000000000e+00 4.150110989425699337e-01 5.183896812796483511e-01
0.000000000000000000e+00 4.354190737994017568e-01 5.201911112962762651e-01
0.000000000000000000e+00 4.557840101181519499e-01 5.219943895697161107e-01
0.000000000000000000e+00 4.761351981718659476e-01 5.237603939347097448e-01
0.000000000000000000e+00 4.965041196746417529e-01 5.255195503092160436e-01
0.000000000000000000e+00 5.169128856698125274e-01 5.272607351649893914e-01
0.000000000000000000e+00 5.373683263008645072e-01 5.288535202505008082e-01
0.000000000000000000e+00 5.578609806721526176e-01 5.300411254067510791e-01
0.000000000000000000e+00 5.783668716514900332e-01 5.305054030713572955e-01
0.000000000000000000e+00 5.988500309653548292e-01 5.299689477539899496e-01
0.000000000000000000e+00 6.192647008275016240e-01 5.282809186744437113e-01
0.000000000000000000e+00 6.395570397812703201e-01 5.254416527335389331e-01
0.000000000000000000e+00 6.596663381105756230e-01 5.215525486688339374e-01
0.000000000000000000e+00 6.795252433568665928e-01 5.167164244140262097e-01
0.000000000000000000e+00 6.990580008344856600e-01 5.109400557208122473e-01
0.000000000000000000e+00 7.181760595029105243e-01 5.040911192815709096e-01
0.000000000000000000e+00 7.367718995027912054e-01 4.959353074107429316e-01
0.000000000000000000e+00 7.547140336141273664e-01 4.862385960739302182e-01
0.000000000000000000e+00 7.718475381324790829e-01 4.748848488331458007e-01
0.000000000000000000e+00 7.880038796848274352e-01 4.619481598241866882e-01
0.000000000000000000e+00 8.030207615585490677e-01 4.476791987193725064e-01
0.000000000000000000e+00 8.167681054877899971e-01 4.324067661741304303e-01
0.000000000000000000e+00 8.291721598842803909e-01 4.163997197170516418e-01
0.000000000000000000e+00 8.402283842427706873e-01 3.997582806868001937e-01
0.000000000000000000e+00 8.499965397434914305e-01 3.823942261916016827e-01
0.000000000000000000e+00 8.585777901799713785e-01 3.641191673555823072e-01
0.000000000000000000e+00 8.660811407341779677e-01 3.448069073039544685e-01
0.000000000000000000e+00 8.725917997653122038e-01 3.245550055648281917e-01
0.000000000000000000e+00 8.781542345659147930e-01 3.037628827358503925e-01
0.000000000000000000e+00 8.827770850370371125e-01 2.830751176561130400e-01
0.000000000000000000e+00 8.864576739574135944e-01 2.631967987256861874e-01
0.000000000000000000e+00 8.892146233200194372e-01 2.446473827193375583e-01
0.000000000000000000e+00 8.911123845464269388e-01 2.275530964494398845e-01
0.000000000000000000e+00 8.928068552442203210e-01 1.959712217512104004e-01
