-4.637821608987565125e-01 3.951074386207642508e-01 0.000000000000000000e+00
-4.826061410355659276e-01 3.809134500443686067e-01 0.000000000000000000e+00
-5.054017736360562063e-01 3.634351228225740083e-01 0.000000000000000000e+00
-5.317609878567702841e-01 3.427003166090328845e-01 0.000000000000000000e+00
-5.592466451057782617e-01 3.202733254501947124e-01 0.000000000000000000e+00
-5.854491281482180343e-01 2.978620405092470835e-01 0.000000000000000000e+00
-6.095999887661929240e-01 2.761237353113545900e-01 0.000000000000000000e+00
-6.325818300560394070e-01 2.545693264201335237e-01 0.000000000000000000e+00
-6.556835109605542167e-01 2.323608376128565578e-01 0.000000000000000000e+00
-6.793577401297082874e-01 2.090480347303599884e-01 0.000000000000000000e+00
-7.028487728099387377e-01 1.845696393381321965e-01 0.000000000000000000e+00
-7.245313602280515353e-01 1.587614168129513059e-01 0.000000000000000000e+00
-7.423004956287314604e-01 1.311657706995959793e-01 0.000000000000000000e+00
-7.537643779512109843e-01 1.015555708763756504e-01 0.000000000000000000e+00
-7.566169409005596425e-01 7.070062819357096628e-02 0.000000000000000000e+00
-7.495135348697137267e-01 4.048421732084343111e-02 0.000000000000000000e+00
-7.330394015118858464e-01 1.301044646550852946e-02 0.000000000000000000e+00
-7.098450146944993433e-01 -1.066804386492228689e-02 0.000000000000000000e+00
-6.834859595626352480e-01 -3.112078366105783603e-02 0.000000000000000000e+00
-6.566387284894458221e-01 -4.989678074454995116e-02 0.000000000000000000e+00
-6.300341404519962385e-01 -6.822950272745209599e-02 0.000000000000000000e+00
-6.028945716917057940e-01 -8.621027134854487850e-02 0.000000000000000000e+00
-5.743474072023574406e-01 -1.030749405222809584e-01 0.000000000000000000e+00
-5.444823832733450830e-01 -1.182079023560752007e-01 0.000000000000000000e+00
-5.141972526554654532e-01 -1.318524732379332265e-01 0.000000000000000000e+00
-4.842162517171164637e-01 -1.448787324460991122e-01 0.000000000000000000e+00
-4.544073081304448314e-01 -1.579049830016973355e-01 0.000000000000000000e+00
-4.240712196878340112e-01 -1.706740759331083213e-01 0.000000000000000000e+00
-3.927891506150812950e-01 -1.822974776189444923e-01 0.000000000000000000e+00
-3.608682853066237373e-01 -1.921174200068380689e-01 0.000000000000000000e+00
-3.289487484767384951e-01 -2.003452339848273422e-01 0.000000000000000000e+00
-2.972868582623429679e-01 -2.078612674913893066e-01 0.000000000000000000e+00
-2.655452785122553450e-01 -2.153671682643982788e-01 0.000000000000000000e+00
-2.332875820948065448e-01 -2.227003006579526267e-01 0.000000000000000000e+00
-2.005520732170374132e-01 -2.289933302440120277e-01 0.000000000000000000e+00
-1.678232326524757567e-01 -2.336240632109057025e-01 0.000000000000000000e+00
-1.354940653715842325e-01 -2.372116386531356313e-01 0.000000000000000000e+00
-1.036065266166432547e-01 -2.418499615257506674e-01 0.000000000000000000e+00
-7.240531282945994462e-02 -2.503437188368521915e-01 0.000000000000000000e+00
-4.323709217585909592e-02 -2.649327743283165226e-01 0.000000000000000000e+00
-1.868280682745656132e-02 -2.863096915893709182e-01 0.000000000000000000e+00
-1.356860177386636293e-03 -3.134767670693284769e-01 0.000000000000000000e+00
7.872626875723476997e-03 -3.444141095240789152e-01 0.000000000000000000e+00
1.071937524753643380e-02 -3.770670043000826088e-01 0.000000000000000000e+00
1.050981516873790260e-02 -4.100779418261038534e-01 0.000000000000000000e+00
1.011075226112264844e-02 -4.429583797917614474e-01 0.000000000000000000e+00
1.043838127902706192e-02 -4.757818365994459509e-01 0.000000000000000000e+00
1.067705413097883201e-02 -5.087298009080221117e-01 0.000000000000000000e+00
9.772131055358386151e-03 -5.418140913610650644e-01 0.000000000000000000e+00
7.690960570239671612e-03 -5.748893301683588586e-01 0.000000000000000000e+00
5.351710869907471552e-03 -6.078312000626117095e-01 0.000000000000000000e+00
3.516754381344675429e-03 -6.406614192876294300e-01 0.000000000000000000e+00
1.919407619036448548e-03 -6.734994621783491064e-01 0.000000000000000000e+00
-4.705285788060109922e-04 -7.064089286281580726e-01 0.000000000000000000e+00
-4.373726779925979358e-03 -7.393092385382690201e-01 0.000000000000000000e+00
-9.470588597284645624e-03 -7.720489612587835282e-01 0.000000000000000000e+00
-1.477678087070580237e-02 -8.045605849973661572e-01 0.000000000000000000e+00
-1.976260821881472077e-02 -8.369127788766387299e-01 0.000000000000000000e+00
-2.514681984021015226e-02 -8.691538159763044780e-01 0.000000000000000000e+00
-3.265997117666243066e-02 -9.010336201683308843e-01 0.000000000000000000e+00
-4.405493345008767991e-02 -9.318230219077383580e-01 0.000000000000000000e+00
-6.024150870777100764e-02 -9.603963138653978104e-01 0.000000000000000000e+00
-8.113616883395279034e-02 -9.855565066530158624e-01 0.000000000000000000e+00
-1.060737027707050473e-01 -1.006424886940625152e+00 0.000000000000000000e+00
-1.342245779736689626e-01 -1.022703553898279383e+00 0.000000000000000000e+00
-1.647097461267050256e-01 -1.034724073481374740e+00 0.000000000000000000e+00
-1.965839972854668827e-01 -1.043304238094132197e+00 0.000000000000000000e+00
-2.289833975021886570e-01 -1.049480561445360838e+00 0.000000000000000000e+00
-2.614181228385341060e-01 -1.054195343404401575e+00 0.000000000000000000e+00
-2.938915987696164578e-01 -1.058042947044176785e+00 0.000000000000000000e+00
-3.266472220874209742e-01 -1.061196743732669034e+00 0.000000000000000000e+00
-3.597567271081020812e-01 -1.063570776866819001e+00 0.000000000000000000e+00
-3.929688598534801236e-01 -1.065111542305728465e+00 0.000000000000000000e+00
-4.259648934599898351e-01 -1.065989853607647309e+00 0.000000000000000000e+00
-4.587124255425759078e-01 -1.066522518362841287e+00 0.000000000000000000e+00
-4.914956349738631158e-01 -1.066894267842885879e+00 0.000000000000000000e+00
-5.245731362537482401e-01 -1.066962315361893232e+00 0.000000000000000000e+00
-5.578551848931055934e-01 -1.066377453454745217e+00 0.000000000000000000e+00
-5.909871378884736792e-01 -1.064948642483355412e+00 0.000000000000000000e+00
-6.237619501547412293e-01 -1.062895247633114160e+00 0.000000000000000000e+00
-6.563833359519495314e-01 -1.060680294679329672e+00 0.000000000000000000e+00
-6.892395799747540464e-01 -1.058504111501352485e+00 0.000000000000000000e+00
-7.224017042654264920e-01 -1.055908727125844049e+00 0.000000000000000000e+00
-7.554128001949510507e-01 -1.051910533485432175e+00 0.000000000000000000e+00
-7.876581045250917734e-01 -1.045617610324792057e+00 0.000000000000000000e+00
-8.189584829291146617e-01 -1.036809367526948744e+00 0.000000000000000000e+00
-8.497167319938183638e-01 -1.025934854510636596e+00 0.000000000000000000e+00
-8.803537086041706150e-01 -1.013489104798892315e+00 0.000000000000000000e+00
-9.105199163193264944e-01 -9.993112591580464166e-01 0.000000000000000000e+00
-9.388787093481685275e-01 -9.824605214572199596e-01 0.000000000000000000e+00
-9.637692642849713387e-01 -9.618345744928015195e-01 0.000000000000000000e+00
-9.842290572926259973e-01 -9.370347977144507512e-01 0.000000000000000000e+00
-1.000507641613371579e+00 -9.087563378460068453e-01 0.000000000000000000e+00
-1.013678176371784811e+00 -8.783929679665745116e-01 0.000000000000000000e+00
-1.024768859148058153e+00 -8.472131947787386874e-01 0.000000000000000000e+00
-1.034194977439339969e+00 -8.157826997065037444e-01 0.000000000000000000e+00
-1.041874114442276511e+00 -7.840224388907743869e-01 0.000000000000000000e+00
-1.047720315241603917e+00 -7.517088776257676574e-01 0.000000000000000000e+00
-1.051941723233403181e+00 -7.188918519497027315e-01 0.000000000000000000e+00
-1.054912509307913915e+00 -6.858895551402449664e-01 0.000000000000000000e+00
-1.056895924211707527e+00 -6.529785796538232212e-01 0.000000000000000000e+00
-1.057994453878833729e+00 -6.201633204821260792e-01 0.000000000000000000e+00
-1.058344167525736790e+00 -5.872586072270332691e-01 0.000000000000000000e+00
-1.058229909329208018e+00 -5.541586431699374593e-01 0.000000000000000000e+00
-1.057898800352016000e+00 -5.209827264845308115e-01 0.000000000000000000e+00
-1.057264161136770131e+00 -4.879500656261765990e-01 0.000000000000000000e+00
-1.055897974026959840e+00 -4.551410145932967555e-01 0.000000000000000000e+00
-1.053415175798458669e+00 -4.224186254974836019e-01 0.000000000000000000e+00
-1.049867179430912900e+00 -3.896007124515876163e-01 0.000000000000000000e+00
-1.045668655739724562e+00 -3.566968768149152424e-01 0.000000000000000000e+00
-1.041058779916038013e+00 -3.239517224835596343e-01 0.000000000000000000e+00
-1.035660047092453961e+00 -2.916375801460221462e-01 0.000000000000000000e+00
-1.028690135773976166e+00 -2.598034420474970574e-01 0.000000000000000000e+00
-1.019723372722475263e+00 -2.282399422601230354e-01 0.000000000000000000e+00
-1.009242346404574109e+00 -1.967098212552018943e-01 0.000000000000000000e+00
-9.983086672359136049e-01 -1.652290742049886130e-01 0.000000000000000000e+00
-9.875321850431811876e-01 -1.341228728137459636e-01 0.000000000000000000e+00
-9.763229577545536886e-01 -1.037783423408394218e-01 0.000000000000000000e+00
-9.633121377324036505e-01 -7.428741639707610311e-02 0.000000000000000000e+00
-9.478085877830487727e-01 -4.527549082261551200e-02 0.000000000000000000e+00
-9.311260344745710960e-01 -1.606605835416424072e-02 0.000000000000000000e+00
-9.165621082522998897e-01 1.392827796422274438e-02 0.000000000000000000e+00
-9.078499762106310156e-01 4.486153249641176843e-02 0.000000000000000000e+00
-9.071424496477550337e-01 7.638636329767983790e-02 0.000000000000000000e+00
-9.139537338073203676e-01 1.078953796887859862e-01 0.000000000000000000e+00
-9.256991702135607403e-01 1.389041922037141941e-01 0.000000000000000000e+00
-9.392645321373952472e-01 1.693315300992599415e-01 0.000000000000000000e+00
-9.524185145046263345e-01 1.995122016957434075e-01 0.000000000000000000e+00
-9.642533103066870392e-01 2.299560810087581397e-01 0.000000000000000000e+00
-9.747242768189121609e-01 2.610278643465273607e-01 0.000000000000000000e+00
-9.839573546556847905e-01 2.927644500684507545e-01 0.000000000000000000e+00
-9.919095979219821890e-01 3.249381261754715200e-01 0.000000000000000000e+00
-9.984641987634171878e-01 3.572879682304856974e-01 0.000000000000000000e+00
-1.003652148392742083e+00 3.897194482174496932e-01 0.000000000000000000e+00
-1.007700294720747181e+00 4.223148200196110702e-01 0.000000000000000000e+00
-1.010869882827819533e+00 4.551719473391058757e-01 0.000000000000000000e+00
-1.013259501097490523e+00 4.882434046160464836e-01 0.000000000000000000e+00
-1.014744488050112858e+00 5.213384109908999475e-01 0.000000000000000000e+00
-1.015085969098906249e+00 5.542840328214658774e-01 0.000000000000000000e+00
-1.014116726674594293e+00 5.870788047767006024e-01 0.000000000000000000e+00
-1.011870128027696492e+00 6.198744636778454886e-01 0.000000000000000000e+00
-1.008553159295454194e+00 6.527920422282779134e-01 0.000000000000000000e+00
-1.004354346009365351e+00 6.857485459277370410e-01 0.000000000000000000e+00
-9.991973186540268337e-01 7.184653861214590487e-01 0.000000000000000000e+00
-9.926281608909633958e-01 7.506481095711804441e-01 0.000000000000000000e+00
-9.839623847016194524e-01 7.821481685983614485e-01 0.000000000000000000e+00
-9.726138545685379944e-01 8.129243969955822768e-01 0.000000000000000000e+00
-9.583458109060697394e-01 8.428151593298841560e-01 0.000000000000000000e+00
-9.412257472900498190e-01 8.713264912796401251e-01 0.000000000000000000e+00
-9.213418097147381136e-01 8.976488350552387363e-01 0.000000000000000000e+00
-8.985954723251046161e-01 9.209282076229508007e-01 0.000000000000000000e+00
-8.728351518019482613e-01 9.406113325753776566e-01 0.000000000000000000e+00
-8.442405136759987272e-01 9.566385671485929665e-01 0.000000000000000000e+00
-8.135544971156812855e-01 9.693916359236268709e-01 0.000000000000000000e+00
-7.818463048677256610e-01 9.794763096969356653e-01 0.000000000000000000e+00
-7.499388317626488609e-01 9.874901909460885863e-01 0.000000000000000000e+00
-7.180049541695985305e-01 9.938754607570908783e-01 0.000000000000000000e+00
-6.857178074341618856e-01 9.988749600217747826e-01 0.000000000000000000e+00
-6.528093379995502099e-01 1.002572127376722522e+00 0.000000000000000000e+00
-6.194801854663556373e-01 1.004989940852009322e+00 0.000000000000000000e+00
-5.862555050145262792e-01 1.006203887707561639e+00 0.000000000000000000e+00
-5.534614973281800632e-01 1.006394630910324661e+00 0.000000000000000000e+00
-5.209023592408880132e-01 1.005787345012070899e+00 0.000000000000000000e+00
-4.881042488127808054e-01 1.004518069624084076e+00 0.000000000000000000e+00
-4.548727872933019944e-01 1.002553759586366722e+00 0.000000000000000000e+00
-4.215505722409670919e-01 9.997623620191485871e-01 0.000000000000000000e+00
-3.886715950802092090e-01 9.960810128837809252e-01 0.000000000000000000e+00
-3.563761736357773935e-01 9.916083650534428529e-01 0.000000000000000000e+00
-3.242441918793266264e-01 9.865005181686072877e-01 0.000000000000000000e+00
-2.917720290048306242e-01 9.807530010853233726e-01 0.000000000000000000e+00
-2.589995308905843063e-01 9.740957627602893076e-01 0.000000000000000000e+00
-2.265810604634121983e-01 9.661347472436627726e-01 0.000000000000000000e+00
-1.951713770247413826e-01 9.566080714918817618e-01 0.000000000000000000e+00
-1.647802771478718842e-01 9.454654538497325733e-01 0.000000000000000000e+00
-1.348756785114441914e-01 9.326317937909107680e-01 0.000000000000000000e+00
-1.052753794009442662e-01 9.176634730944923657e-01 0.000000000000000000e+00
-7.699231533162807783e-02 8.996905382250885985e-01 0.000000000000000000e+00
-5.212617237314527696e-02 8.778242138448344445e-01 0.000000000000000000e+00
-3.277161486159224646e-02 8.517649829245707016e-01 0.000000000000000000e+00
-1.988539494763246970e-02 8.221124193000680647e-01 0.000000000000000000e+00
-1.312096651792554053e-02 7.901211919284202301e-01 0.000000000000000000e+00
-1.170351177975368327e-02 7.571544736428782452e-01 0.000000000000000000e+00
-1.541828348769372706e-02 7.243458048938355986e-01 0.000000000000000000e+00
-2.473498035106184989e-02 6.927099051287465281e-01 0.000000000000000000e+00
-4.002362840290694945e-02 6.634110514352123955e-01 0.000000000000000000e+00
-6.074868217864336228e-02 6.376789689155151208e-01 0.000000000000000000e+00
-8.549373934628509697e-02 6.162339051165174331e-01 0.000000000000000000e+00
-1.127440871267607614e-01 5.986907316863117057e-01 0.000000000000000000e+00
-1.415608368561228625e-01 5.835959994773947113e-01 0.000000000000000000e+00
-1.714776215980574059e-01 5.692375064166722565e-01 0.000000000000000000e+00
-2.018955000894967766e-01 5.546093382873799049e-01 0.000000000000000000e+00
-2.318593649738348861e-01 5.396928863477741256e-01 0.000000000000000000e+00
-2.606435613345252644e-01 5.248253449721438368e-01 0.000000000000000000e+00
-2.885273375657351203e-01 5.098249344746652589e-01 0.000000000000000000e+00
-3.167050468597713553e-01 4.938242334103047360e-01 0.000000000000000000e+00
-3.460669675186537342e-01 4.760805864353069849e-01 0.000000000000000000e+00
-3.758767378694973793e-01 4.570018075024880333e-01 0.000000000000000000e+00
-4.037702418375617719e-01 4.382752458562519937e-01 0.000000000000000000e+00
-4.274219493709506268e-01 4.217421405069758933e-01 0.000000000000000000e+00
-4.637821608987565125e-01 3.951074386207642508e-01 0.000000000000000000e+00
