7.614448211612684370e-01 -4.861430348809009372e-01 0.000000000000000000e+00
7.622082970788857104e-01 -4.911391765625133798e-01 0.000000000000000000e+00
7.628666543831476021e-01 -4.961502711333222737e-01 0.000000000000000000e+00
7.634254500316445258e-01 -5.011805278932368601e-01 0.000000000000000000e+00
7.638892818784353000e-01 -5.062343719868529490e-01 0.000000000000000000e+00
7.642617402379990876e-01 -5.113161487789796844e-01 0.000000000000000000e+00
7.645453877576142698e-01 -5.164298463110428283e-01 0.000000000000000000e+00
7.647417666191022034e-01 -5.215788439833379808e-01 0.000000000000000000e+00
7.648514313653537178e-01 -5.267656945026847337e-01 0.000000000000000000e+00
7.648740050018795200e-01 -5.319919448237898640e-01 0.000000000000000000e+00
7.648082554765733843e-01 -5.372580003433941043e-01 0.000000000000000000e+00
7.646521892060736958e-01 -5.425630350315431283e-01 0.000000000000000000e+00
7.644031580045252960e-01 -5.479049485594196245e-01 0.000000000000000000e+00
7.640579755858890598e-01 -5.532803698643082857e-01 0.000000000000000000e+00
7.636130397553930749e-01 -5.586847050346118726e-01 0.000000000000000000e+00
7.630644564761354109e-01 -5.641122259535772399e-01 0.000000000000000000e+00
7.624081621858979085e-01 -5.695561948570371236e-01 0.000000000000000000e+00
7.616400410357809792e-01 -5.750090188791525669e-01 0.000000000000000000e+00
7.607560341118382308e-01 -5.804624278143554195e-01 0.000000000000000000e+00
7.597522381662626945e-01 -5.859076677381610532e-01 0.000000000000000000e+00
7.586249919065555236e-01 -5.913357028194505816e-01 0.000000000000000000e+00
7.573709484488551080e-01 -5.967374176275097586e-01 0.000000000000000000e+00
7.559871331140134432e-01 -6.021038124838227201e-01 0.000000000000000000e+00
7.544709863110636849e-01 -6.074261849169463323e-01 0.000000000000000000e+00
7.528203917923541599e-01 -6.126962910252304884e-01 0.000000000000000000e+00
7.510336910594402893e-01 -6.179064815050627768e-01 0.000000000000000000e+00
7.491096851326622952e-01 -6.230498082231794577e-01 0.000000000000000000e+00
7.470476252568927222e-01 -6.281200984563840573e-01 0.000000000000000000e+00
7.448471943911175730e-01 -6.331119952429760112e-01 0.000000000000000000e+00
7.425084815137443783e-01 -6.380209636374395421e-01 0.000000000000000000e+00
7.400319508659495282e-01 -6.428432639834165130e-01 0.000000000000000000e+00
7.374184082527945883e-01 -6.475758945711664882e-01 0.000000000000000000e+00
7.346689664306709222e-01 -6.522165071794164826e-01 0.000000000000000000e+00
7.317850114376192039e-01 -6.567632999774563052e-01 0.000000000000000000e+00
7.287681714809101097e-01 -6.612148930475926223e-01 0.000000000000000000e+00
7.256202896971478689e-01 -6.655701923542061138e-01 0.000000000000000000e+00
7.223434017591681133e-01 -6.698282483156058342e-01 0.000000000000000000e+00
7.189397189375263952e-01 -6.739881152195889014e-01 0.000000000000000000e+00
7.154116168494158989e-01 -6.780487175632354813e-01 0.000000000000000000e+00
7.117616297613450493e-01 -6.820087290012866177e-01 0.000000000000000000e+00
7.079924499700253060e-01 -6.858664689735026743e-01 0.000000000000000000e+00
7.041069314834963455e-01 -6.896198212756502466e-01 0.000000000000000000e+00
7.001080969743977978e-01 -6.932661778741865399e-01 0.000000000000000000e+00
6.959991467898839490e-01 -6.968024101799750181e-01 0.000000000000000000e+00
6.917834686855576232e-01 -7.002248688343248872e-01 0.000000000000000000e+00
6.874646469084105815e-01 -7.035294118668065089e-01 0.000000000000000000e+00
6.830464692872483257e-01 -7.067114599050478008e-01 0.000000000000000000e+00
6.785329310963702509e-01 -7.097660759976082145e-01 0.000000000000000000e+00
6.739282346339690033e-01 -7.126880665951291771e-01 0.000000000000000000e+00
6.692367836925806612e-01 -7.154720993611883850e-01 0.000000000000000000e+00
6.644631723840040971e-01 -7.181128327860512028e-01 0.000000000000000000e+00
6.596121681023378036e-01 -7.206050520804356818e-01 0.000000000000000000e+00
6.546886887514467013e-01 -7.229438055513633943e-01 0.000000000000000000e+00
6.496977747115104673e-01 -7.251245356186402091e-01 0.000000000000000000e+00
6.446445563571525650e-01 -7.271431988201303431e-01 0.000000000000000000e+00
6.395342182511647433e-01 -7.289963695695983459e-01 0.000000000000000000e+00
6.343719614080062241e-01 -7.306813230567249517e-01 0.000000000000000000e+00
6.291629652366701464e-01 -7.321960934912513652e-01 0.000000000000000000e+00
6.239123509218087449e-01 -7.335395048612570745e-01 0.000000000000000000e+00
6.186251480764390909e-01 -7.347111724625889906e-01 0.000000000000000000e+00
6.133062664932803498e-01 -7.357114746211347311e-01 0.000000000000000000e+00
6.079604747322369107e-01 -7.365414952276064797e-01 0.000000000000000000e+00
6.025923871095349993e-01 -7.372029388900610547e-01 0.000000000000000000e+00
5.972064604037330415e-01 -7.376980216370786492e-01 0.000000000000000000e+00
5.918070012727338902e-01 -7.380293411309452045e-01 0.000000000000000000e+00
5.863981849945792968e-01 -7.381997312354988683e-01 0.000000000000000000e+00
5.809840857163757200e-01 -7.382121064928075516e-01 0.000000000000000000e+00
5.755687179356477889e-01 -7.380693025681880348e-01 0.000000000000000000e+00
5.701560884637991711e-01 -7.377739190034328098e-01 0.000000000000000000e+00
5.647502576503152794e-01 -7.373281706608455499e-01 0.000000000000000000e+00
5.593554081973229897e-01 -7.367337540419730546e-01 0.000000000000000000e+00
5.539759194852846846e-01 -7.359917342298264442e-01 0.000000000000000000e+00
5.486164449790161823e-01 -7.351024575457717480e-01 0.000000000000000000e+00
5.432819900042917816e-01 -7.340654941542941181e-01 0.000000000000000000e+00
5.379779869921373914e-01 -7.328796138201985055e-01 0.000000000000000000e+00
5.327103651907082460e-01 -7.315427968596439623e-01 0.000000000000000000e+00
5.274856118504417379e-01 -7.300522810700893483e-01 0.000000000000000000e+00
5.223108220002674607e-01 -7.284046441197645771e-01 0.000000000000000000e+00
5.171937341506700481e-01 -7.265959195718013630e-01 0.000000000000000000e+00
5.121427495790628059e-01 -7.246217434591304407e-01 0.000000000000000000e+00
5.071669332662065433e-01 -7.224775271597903004e-01 0.000000000000000000e+00
5.022759950477531099e-01 -7.201586512914941451e-01 0.000000000000000000e+00
4.974802501076363015e-01 -7.176606744876100619e-01 0.000000000000000000e+00
4.927905585525445553e-01 -7.149795502665885483e-01 0.000000000000000000e+00
4.882182444494745366e-01 -7.121118447885248504e-01 0.000000000000000000e+00
4.837749953603260322e-01 -7.090549481230001838e-01 0.000000000000000000e+00
4.794727440468486424e-01 -7.058072717398503615e-01 0.000000000000000000e+00
4.753235346241854731e-01 -7.023684252780886261e-01 0.000000000000000000e+00
4.713393759907517633e-01 -6.987393662377651138e-01 0.000000000000000000e+00
4.675320858367431609e-01 -6.949225170561270648e-01 0.000000000000000000e+00
4.639131289159346139e-01 -6.909218450458771699e-01 0.000000000000000000e+00
4.604934535411855934e-01 -6.867429018552104747e-01 0.000000000000000000e+00
4.572833304222475581e-01 -6.823928204161430200e-01 0.000000000000000000e+00
4.542921979978677971e-01 -6.778802687343405964e-01 0.000000000000000000e+00
4.515285183197946250e-01 -6.732153612920314112e-01 0.000000000000000000e+00
4.489996473253106690e-01 -6.684095302361947599e-01 0.000000000000000000e+00
4.467117229928759814e-01 -6.634753598579903322e-01 0.000000000000000000e+00
4.446695744219892887e-01 -6.584263890894916926e-01 0.000000000000000000e+00
4.428766543269532230e-01 -6.532768878072152674e-01 0.000000000000000000e+00
4.413349968017524771e-01 -6.480416136011204475e-01 0.000000000000000000e+00
4.400452015194866728e-01 -6.427355563119050430e-01 0.000000000000000000e+00
4.390064447966880445e-01 -6.373736780355869769e-01 0.000000000000000000e+00
4.382165172038618439e-01 -6.319706564284029993e-01 0.000000000000000000e+00
4.376718866628024895e-01 -6.265406390119833135e-01 0.000000000000000000e+00
4.373677852626396412e-01 -6.210970157831432470e-01 0.000000000000000000e+00
4.372983173731697093e-01 -6.156522167882613195e-01 0.000000000000000000e+00
4.374565860570521214e-01 -6.102175404517993229e-01 0.000000000000000000e+00
4.378348343006646659e-01 -6.048030173827567690e-01 0.000000000000000000e+00
4.384245972123980706e-01 -5.994173131594680015e-01 0.000000000000000000e+00
4.392168610888326774e-01 -5.940676722554441014e-01 0.000000000000000000e+00
4.402022251313471024e-01 -5.887599038644060201e-01 0.000000000000000000e+00
4.413710616116399699e-01 -5.834984089610546487e-01 0.000000000000000000e+00
4.427136704332275130e-01 -5.782862465459777113e-01 0.000000000000000000e+00
4.442204243115566165e-01 -5.731252357176978007e-01 0.000000000000000000e+00
4.458819011879637806e-01 -5.680160890385478334e-01 0.000000000000000000e+00
4.476890009883134347e-01 -5.629585716556042563e-01 0.000000000000000000e+00
4.496330444183508357e-01 -5.579516798388863830e-01 0.000000000000000000e+00
4.517058521341354438e-01 -5.529938320346797775e-01 0.000000000000000000e+00
4.538998033148749500e-01 -5.480830652219090826e-01 0.000000000000000000e+00
4.562078733729751367e-01 -5.432172293145773878e-01 0.000000000000000000e+00
4.586236512376097307e-01 -5.383941725743975892e-01 0.000000000000000000e+00
4.611413373192311815e-01 -5.336119114762770677e-01 0.000000000000000000e+00
4.637557238800077974e-01 -5.288687791872793698e-01 0.000000000000000000e+00
4.664621600778973143e-01 -5.241635477504091867e-01 0.000000000000000000e+00
4.692565044013778941e-01 -5.194955201735333983e-01 0.000000000000000000e+00
4.721350675525103346e-01 -5.148645898699210077e-01 0.000000000000000000e+00
4.750945490566357288e-01 -5.102712662340853633e-01 0.000000000000000000e+00
4.781319709705700860e-01 -5.057166665152186269e-01 0.000000000000000000e+00
4.812446120251110959e-01 -5.012024755192115988e-01 0.000000000000000000e+00
4.844299453741566786e-01 -4.967308759779234806e-01 0.000000000000000000e+00
4.876855828384722980e-01 -4.923044536218924017e-01 0.000000000000000000e+00
4.910092281381843171e-01 -4.879260820347452454e-01 0.000000000000000000e+00
4.943986411194866148e-01 -4.835987932143430701e-01 0.000000000000000000e+00
4.978516144162989931e-01 -4.793256403842640623e-01 0.000000000000000000e+00
5.013659633680338512e-01 -4.751095599648500478e-01 0.000000000000000000e+00
5.049395293635497994e-01 -4.709532397100681944e-01 0.000000000000000000e+00
5.085701961234138091e-01 -4.668589998389645057e-01 0.000000000000000000e+00
5.122559177926924168e-01 -4.628286935425878768e-01 0.000000000000000000e+00
5.159947571191059179e-01 -4.588636325429616969e-01 0.000000000000000000e+00
5.197849314595146542e-01 -4.549645424434624053e-01 0.000000000000000000e+00
5.236248639122026427e-01 -4.511315514720570796e-01 0.000000000000000000e+00
5.275132365310680749e-01 -4.473642149200632856e-01 0.000000000000000000e+00
5.314490423548556830e-01 -4.436615761655346435e-01 0.000000000000000000e+00
5.354316328899516586e-01 -4.400222636927488828e-01 0.000000000000000000e+00
5.394607577245033037e-01 -4.364446220312081515e-01 0.000000000000000000e+00
5.435365931254045879e-01 -4.329268730936276510e-01 0.000000000000000000e+00
5.476597567738216155e-01 -4.294673030462249352e-01 0.000000000000000000e+00
5.518313062205539854e-01 -4.260644686469929887e-01 0.000000000000000000e+00
5.560527191762321131e-01 -4.227174159845911716e-01 0.000000000000000000e+00
5.603258543757552168e-01 -4.194259037817130165e-01 0.000000000000000000e+00
5.646528924505965774e-01 -4.161906229241219557e-01 0.000000000000000000e+00
5.690362569830047512e-01 -4.130134036628000382e-01 0.000000000000000000e+00
5.734785166771193543e-01 -4.098974020246993200e-01 0.000000000000000000e+00
5.779822703368772130e-01 -4.068472573598652664e-01 0.000000000000000000e+00
5.825500170624715590e-01 -4.038692136409482436e-01 0.000000000000000000e+00
5.871840147398655896e-01 -4.009711980966668143e-01 0.000000000000000000e+00
5.918861304770615117e-01 -3.981628519750236017e-01 0.000000000000000000e+00
5.966576871144662064e-01 -3.954555096573994510e-01 0.000000000000000000e+00
6.014993102861967422e-01 -3.928621239356894779e-01 0.000000000000000000e+00
6.064107807198079181e-01 -3.903971369697541993e-01 0.000000000000000000e+00
6.113908965235524962e-01 -3.880762982054180577e-01 0.000000000000000000e+00
6.164373501176128034e-01 -3.859164322952470250e-01 0.000000000000000000e+00
6.215466242186022949e-01 -3.839351617658480209e-01 0.000000000000000000e+00
6.267139108900603439e-01 -3.821505907583931938e-01 0.000000000000000000e+00
6.319330571356615023e-01 -3.805809575787331145e-01 0.000000000000000000e+00
6.371965398512979828e-01 -3.792442649804209087e-01 0.000000000000000000e+00
6.424954721860963724e-01 -3.781578980257856992e-01 0.000000000000000000e+00
6.478196425136680814e-01 -3.773382399929481879e-01 0.000000000000000000e+00
6.531575863091402256e-01 -3.768002970961339404e-01 0.000000000000000000e+00
6.584966902927086307e-01 -3.765573427491954450e-01 0.000000000000000000e+00
6.638233272656489659e-01 -3.766205917253577784e-01 0.000000000000000000e+00
6.691230191593259269e-01 -3.769989138586106736e-01 0.000000000000000000e+00
6.743806249703542255e-01 -3.776985959136500703e-01 0.000000000000000000e+00
6.795805494928052193e-01 -3.787231589519804431e-01 0.000000000000000000e+00
6.847069681056213719e-01 -3.800732369813847877e-01 0.000000000000000000e+00
6.897440623514282665e-01 -3.817465209422003514e-01 0.000000000000000000e+00
6.946762606687869601e-01 -3.837377702111171573e-01 0.000000000000000000e+00
6.994884784261369282e-01 -3.860388918506522105e-01 0.000000000000000000e+00
7.041663513597091750e-01 -3.886390858620925037e-01 0.000000000000000000e+00
7.086964566417800482e-01 -3.915250527742389908e-01 0.000000000000000000e+00
7.130665160966158655e-01 -3.946812580812019133e-01 0.000000000000000000e+00
7.172655765309770004e-01 -3.980902463878105424e-01 0.000000000000000000e+00
7.212841627407458045e-01 -4.017329966836920008e-01 0.000000000000000000e+00
7.251143994772226709e-01 -4.055893089923989780e-01 0.000000000000000000e+00
7.287500994840653279e-01 -4.096382117672624501e-01 0.000000000000000000e+00
7.321868156236656100e-01 -4.138583788581796652e-01 0.000000000000000000e+00
7.354218560724488096e-01 -4.182285446699354758e-01 0.000000000000000000e+00
7.384542625491485879e-01 -4.227279062782352548e-01 0.000000000000000000e+00
7.412847525189305564e-01 -4.273365017583665715e-01 0.000000000000000000e+00
7.439156272600876418e-01 -4.320355547960931242e-01 0.000000000000000000e+00
7.463506485609542329e-01 -4.368077767632691510e-01 0.000000000000000000e+00
7.485948876069720148e-01 -4.416376188143664172e-01 0.000000000000000000e+00
7.506545502987097551e-01 -4.465114681489745774e-01 0.000000000000000000e+00
7.525367837920867720e-01 -4.514177843369115428e-01 0.000000000000000000e+00
7.542494694573254055e-01 -4.563471734594632956e-01 0.000000000000000000e+00
7.558010077031798168e-01 -4.612923997219992023e-01 0.000000000000000000e+00
7.572001002028001526e-01 -4.662483360783201136e-01 0.000000000000000000e+00
7.584555349871376917e-01 -4.712118572151904883e-01 0.000000000000000000e+00
7.595759796462304703e-01 -4.761816799192413185e-01 0.000000000000000000e+00
7.614448211612684370e-01 -4.861430348809009372e-01 0.000000000000000000e+00
