4.441506857363045810e+02 0.000000000000000000e+00 -1.114432238994774735e+02
4.449419448681172184e+02 0.000000000000000000e+00 -1.174825207182933298e+02
4.455494678592245350e+02 0.000000000000000000e+00 -1.235564182903035544e+02
4.459711464543415218e+02 0.000000000000000000e+00 -1.296668965919424181e+02
4.462049817230598023e+02 0.000000000000000000e+00 -1.358150310405109167e+02
4.462491339834460291e+02 0.000000000000000000e+00 -1.420008346753667183e+02
4.461019780965520454e+02 0.000000000000000000e+00 -1.482231422865991703e+02
4.457621620084145206e+02 0.000000000000000000e+00 -1.544795402432066851e+02
4.452286662012012926e+02 0.000000000000000000e+00 -1.607663438342586915e+02
4.445008616021140710e+02 0.000000000000000000e+00 -1.670786219700273705e+02
4.435785634901002368e+02 0.000000000000000000e+00 -1.734102671816337420e+02
4.424620790343943213e+02 0.000000000000000000e+00 -1.797541070883072791e+02
4.411522462891284704e+02 0.000000000000000000e+00 -1.861020519432053675e+02
4.396504627447093299e+02 0.000000000000000000e+00 -1.924452715824920119e+02
4.379587018861137722e+02 0.000000000000000000e+00 -1.987743941345139547e+02
4.360795166151199282e+02 0.000000000000000000e+00 -2.050797182271093675e+02
4.340160288405533038e+02 0.000000000000000000e+00 -2.113514301752777556e+02
4.317719050099004221e+02 0.000000000000000000e+00 -2.175798177357735312e+02
4.293513178292452608e+02 0.000000000000000000e+00 -2.237554724606914647e+02
4.267588948792990777e+02 0.000000000000000000e+00 -2.298694734352095281e+02
4.239996552677394561e+02 0.000000000000000000e+00 -2.359135461992093497e+02
4.210789358485537832e+02 0.000000000000000000e+00 -2.418801918725273765e+02
4.180023088764891099e+02 0.000000000000000000e+00 -2.477627828662516549e+02
4.147754932405636055e+02 0.000000000000000000e+00 -2.535556230013590380e+02
4.114042616292677508e+02 0.000000000000000000e+00 -2.592539713044240557e+02
4.078943461186443074e+02 0.000000000000000000e+00 -2.648540301444309080e+02
4.042513447425486675e+02 0.000000000000000000e+00 -2.703528996571149037e+02
4.004806316039558283e+02 0.000000000000000000e+00 -2.757485015244967030e+02
3.965872730210418808e+02 0.000000000000000000e+00 -2.810394760985764719e+02
3.925759520771688358e+02 0.000000000000000000e+00 -2.862250575527420438e+02
3.884509037661633784e+02 0.000000000000000000e+00 -2.913049321982032325e+02
3.842158627002247613e+02 0.000000000000000000e+00 -2.962790853143856111e+02
3.798740250844449520e+02 0.000000000000000000e+00 -3.011476418225613543e+02
3.754280263660812125e+02 0.000000000000000000e+00 -3.059107059029263382e+02
3.708799356447455011e+02 0.000000000000000000e+00 -3.105682042478873655e+02
3.662312675873118337e+02 0.000000000000000000e+00 -3.151197370966506810e+02
3.614830122336260843e+02 0.000000000000000000e+00 -3.195644405509344210e+02
3.566356827104646072e+02 0.000000000000000000e+00 -3.239008629733831413e+02
3.516893804954689244e+02 0.000000000000000000e+00 -3.281268575628679969e+02
3.466438774935761558e+02 0.000000000000000000e+00 -3.322394925249185462e+02
3.414987138092383248e+02 0.000000000000000000e+00 -3.362349796461242590e+02
3.362533097222042215e+02 0.000000000000000000e+00 -3.401086215661962342e+02
3.309070900070462358e+02 0.000000000000000000e+00 -3.438547776394223661e+02
3.254596183819371049e+02 0.000000000000000000e+00 -3.474668479979473545e+02
3.199107395363776050e+02 0.000000000000000000e+00 -3.509372752722088080e+02
3.142607258776778849e+02 0.000000000000000000e+00 -3.542575633792301915e+02
3.085104258601569427e+02 0.000000000000000000e+00 -3.574183128389851163e+02
3.026614105283837830e+02 0.000000000000000000e+00 -3.604092721974583924e+02
2.967161147262890495e+02 0.000000000000000000e+00 -3.632194052918852663e+02
2.906779693079972162e+02 0.000000000000000000e+00 -3.658369742555864832e+02
2.845515206441516511e+02 0.000000000000000000e+00 -3.682496382928707703e+02
2.783425337591547759e+02 0.000000000000000000e+00 -3.704445683265460616e+02
2.720580755687884675e+02 0.000000000000000000e+00 -3.724085776036984612e+02
2.657065749209887144e+02 0.000000000000000000e+00 -3.741282682178944583e+02
2.592978564795340617e+02 0.000000000000000000e+00 -3.755901932541054293e+02
2.528431459324359594e+02 0.000000000000000000e+00 -3.767810338820088987e+02
2.463550445516813454e+02 0.000000000000000000e+00 -3.776877902194183321e+02
2.398474717724865570e+02 0.000000000000000000e+00 -3.782979841760740669e+02
2.333355751879508944e+02 0.000000000000000000e+00 -3.785998717941874361e+02
2.268356081542481490e+02 0.000000000000000000e+00 -3.785826618597926085e+02
2.203647760533764597e+02 0.000000000000000000e+00 -3.782367368088931130e+02
2.139410531423305599e+02 0.000000000000000000e+00 -3.775538712401500447e+02
2.075829728034210575e+02 0.000000000000000000e+00 -3.765274427193837710e+02
2.013093948719519801e+02 0.000000000000000000e+00 -3.751526290679849467e+02
1.951392545246322072e+02 0.000000000000000000e+00 -3.734265860118434261e+02
1.890912979345987424e+02 0.000000000000000000e+00 -3.713485989680894477e+02
1.831838105071889800e+02 0.000000000000000000e+00 -3.689202028938023545e+02
1.774343439771067494e+02 0.000000000000000000e+00 -3.661452645332727798e+02
1.718594489481864969e+02 0.000000000000000000e+00 -3.630300220854703070e+02
1.664744195719169682e+02 0.000000000000000000e+00 -3.595830782646510784e+02
1.612930569761989830e+02 0.000000000000000000e+00 -3.558153439242798868e+02
1.563274577640229381e+02 0.000000000000000000e+00 -3.517399308237103241e+02
1.515878334025971697e+02 0.000000000000000000e+00 -3.473719936918256508e+02
1.470823656244033941e+02 0.000000000000000000e+00 -3.427285234245910033e+02
1.428171020778906097e+02 0.000000000000000000e+00 -3.378280949780283891e+02
1.387958954198860795e+02 0.000000000000000000e+00 -3.326905752125722415e+02
1.350203878641295319e+02 0.000000000000000000e+00 -3.273367975345269087e+02
1.314900419267010250e+02 0.000000000000000000e+00 -3.217882115918570776e+02
1.282022167805793345e+02 0.000000000000000000e+00 -3.160665174456840987e+02
1.251522882928423002e+02 0.000000000000000000e+00 -3.101932944945448298e+02
1.223338095157776166e+02 0.000000000000000000e+00 -3.041896359258032589e+02
1.197387071842727977e+02 0.000000000000000000e+00 -2.980757995717156632e+02
1.173575086815286852e+02 0.000000000000000000e+00 -2.918708857368417853e+02
1.151795930150693579e+02 0.000000000000000000e+00 -2.855925518368076723e+02
1.131934586316135807e+02 0.000000000000000000e+00 -2.792567725622701005e+02
1.113870004221211900e+02 0.000000000000000000e+00 -2.728776527909889182e+02
1.097477880484283901e+02 0.000000000000000000e+00 -2.664672986670561841e+02
1.082633377721831067e+02 0.000000000000000000e+00 -2.600357502168204178e+02
1.069213702870132465e+02 0.000000000000000000e+00 -2.535909766558322929e+02
1.057100476373548616e+02 0.000000000000000000e+00 -2.471389332496142117e+02
1.046181831331378760e+02 0.000000000000000000e+00 -2.406836763181768220e+02
1.036354192098216629e+02 0.000000000000000000e+00 -2.342275308163675049e+02
1.027523694004937482e+02 0.000000000000000000e+00 -2.277713029727589458e+02
1.019607219358173182e+02 0.000000000000000000e+00 -2.213145288150870726e+02
1.012533039176330334e+02 0.000000000000000000e+00 -2.148557481251067998e+02
1.006241064682568265e+02 0.000000000000000000e+00 -2.083927925100948073e+02
1.000682726835136975e+02 0.000000000000000000e+00 -2.019230758940940404e+02
9.958205155744818171e+01 0.000000000000000000e+00 -1.954438758411408799e+02
9.916272224744541575e+01 0.000000000000000000e+00 -1.889525947253765992e+02
9.880849406224616871e+01 0.000000000000000000e+00 -1.824469908373884266e+02
9.851838834121117827e+01 0.000000000000000000e+00 -1.759253710192766107e+02
9.829210891922443238e+01 0.000000000000000000e+00 -1.693867382899731240e+02
9.812990811616735698e+01 0.000000000000000000e+00 -1.628308900772198626e+02
9.803245514260336790e+01 0.000000000000000000e+00 -1.562584650194402229e+02
9.800071347572675506e+01 0.000000000000000000e+00 -1.496709387358345680e+02
9.803583314524318837e+01 0.000000000000000000e+00 -1.430705713774518415e+02
9.813906300265526284e+01 0.000000000000000000e+00 -1.364603120564447067e+02
9.831168696504352056e+01 0.000000000000000000e+00 -1.298436673004783302e+02
9.855498697068063052e+01 0.000000000000000000e+00 -1.232245423990318471e+02
9.887023401098606712e+01 0.000000000000000000e+00 -1.166070658166395759e+02
9.925870716904309177e+01 0.000000000000000000e+00 -1.099954076812514785e+02
9.972173915978501668e+01 0.000000000000000000e+00 -1.033936036709828983e+02
1.002607854921155592e+02 0.000000000000000000e+00 -9.680539539976696517e+01
1.008775131177275597e+02 0.000000000000000000e+00 -9.023409764627210450e+01
1.015739033497280559e+02 0.000000000000000000e+00 -8.368250150967827494e+01
1.023523629740448087e+02 0.000000000000000000e+00 -7.715282086263617600e+01
1.032158368767472609e+02 0.000000000000000000e+00 -7.064668737929683573e+01
1.041679151990531977e+02 0.000000000000000000e+00 -6.416519703619796644e+01
1.052129280252708980e+02 0.000000000000000000e+00 -5.770900842172861900e+01
1.063560209109890877e+02 0.000000000000000000e+00 -5.127849056116485116e+01
1.076032051603882422e+02 0.000000000000000000e+00 -4.487391538863507634e+01
1.089613776409481432e+02 0.000000000000000000e+00 -3.849568759369842041e+01
1.104383060476948515e+02 0.000000000000000000e+00 -3.214460245109864189e+01
1.120425768536749018e+02 0.000000000000000000e+00 -2.582212050882095156e+01
1.137835046561072829e+02 0.000000000000000000e+00 -1.953064674688880231e+01
1.156710031896799507e+02 0.000000000000000000e+00 -1.327380109228995586e+01
1.177154198666317342e+02 0.000000000000000000e+00 -7.056667025706016005e+00
1.199273372529802089e+02 0.000000000000000000e+00 -8.860054596599375998e-01
1.223173463380361596e+02 0.000000000000000000e+00 5.229577904713043068e+00
1.248957977404721760e+02 0.000000000000000000e+00 1.127952195996009266e+01
1.276725380651849662e+02 0.000000000000000000e+00 1.725126446963749061e+01
1.306566394359565777e+02 0.000000000000000000e+00 2.313026693147289592e+01
1.338561307447364186e+02 0.000000000000000000e+00 2.890011295047077766e+01
1.372777393562298585e+02 0.000000000000000000e+00 3.454268009415405771e+01
1.409266518760869928e+02 0.000000000000000000e+00 4.003838219061290005e+01
1.448063021351562440e+02 0.000000000000000000e+00 4.536647608835836110e+01
1.489181937768136379e+02 0.000000000000000000e+00 5.050542415273326924e+01
1.532617637874606658e+02 0.000000000000000000e+00 5.543330134685483301e+01
1.578342920212344609e+02 0.000000000000000000e+00 6.012823374293782308e+01
1.626308602876754605e+02 0.000000000000000000e+00 6.456885382188586675e+01
1.676443629519785361e+02 0.000000000000000000e+00 6.873475701305027030e+01
1.728655693031557803e+02 0.000000000000000000e+00 7.260694364508425735e+01
1.782832362403285344e+02 0.000000000000000000e+00 7.616823083912113646e+01
1.838842681758884794e+02 0.000000000000000000e+00 7.940361986577144648e+01
1.896539195183793538e+02 0.000000000000000000e+00 8.230060606916747190e+01
1.955760337346249287e+02 0.000000000000000000e+00 8.484942057045921615e+01
2.016333118496020802e+02 0.000000000000000000e+00 8.704319551291662549e+01
2.078076023644192389e+02 0.000000000000000000e+00 8.887804749526230808e+01
2.140802039873928777e+02 0.000000000000000000e+00 9.035307693869370382e+01
2.204321722987234295e+02 0.000000000000000000e+00 9.147028431678387506e+01
2.268446215114152267e+02 0.000000000000000000e+00 9.223440731300470929e+01
2.332990128431856647e+02 0.000000000000000000e+00 9.265268592724811469e+01
2.397774216575212449e+02 0.000000000000000000e+00 9.273456520761450861e+01
2.462627764370788555e+02 0.000000000000000000e+00 9.249134752739966814e+01
2.527390637799408069e+02 0.000000000000000000e+00 9.193580806816531492e+01
2.591914949115586637e+02 0.000000000000000000e+00 9.108178833854564971e+01
2.656066306294453057e+02 0.000000000000000000e+00 8.994378311040603080e+01
2.719724630870830993e+02 0.000000000000000000e+00 8.853653607130615910e+01
2.782784543201738074e+02 0.000000000000000000e+00 8.687465878444288592e+01
2.845155328654624327e+02 0.000000000000000000e+00 8.497228625072089869e+01
2.906760511665754052e+02 0.000000000000000000e+00 8.284278054372742872e+01
2.967537076547611150e+02 0.000000000000000000e+00 8.049849172079464665e+01
3.027434383946174421e+02 0.000000000000000000e+00 7.795058260402453243e+01
3.086412839641366759e+02 0.000000000000000000e+00 7.520892118992560427e+01
3.144442377728723841e+02 0.000000000000000000e+00 7.228204150953925478e+01
3.201500823004282665e+02 0.000000000000000000e+00 6.917717085006601963e+01
3.257572197591550207e+02 0.000000000000000000e+00 6.590031848889837818e+01
3.312645034596839082e+02 0.000000000000000000e+00 6.245641859846003285e+01
3.366710757051804990e+02 0.000000000000000000e+00 5.884951785907148292e+01
3.419762173879994407e+02 0.000000000000000000e+00 5.508299665338287099e+01
3.471792136459309290e+02 0.000000000000000000e+00 5.115981157476335284e+01
3.522792389950605525e+02 0.000000000000000000e+00 4.708274640462978056e+01
3.572752643365668632e+02 0.000000000000000000e+00 4.285465871589637032e+01
3.621659871812697702e+02 0.000000000000000000e+00 3.847870983163666381e+01
3.669497853937014611e+02 0.000000000000000000e+00 3.395856697476062891e+01
3.716246937698268766e+02 0.000000000000000000e+00 2.929856802795079673e+01
3.761884018681279258e+02 0.000000000000000000e+00 2.450384130494974499e+01
3.806382707457811421e+02 0.000000000000000000e+00 1.958037501965844385e+01
3.849713656364500025e+02 0.000000000000000000e+00 1.453503362146253863e+01
3.891845011623749997e+02 0.000000000000000000e+00 9.375520729649693408e+00
3.932742954113101064e+02 0.000000000000000000e+00 4.110290930688300648e+00
3.972372291303318548e+02 0.000000000000000000e+00 -1.251584913278058986e+00
4.010697063873820412e+02 0.000000000000000000e+00 -6.700594062577138743e+00
4.047681133137326697e+02 0.000000000000000000e+00 -1.222698743134760413e+01
4.083288719458631704e+02 0.000000000000000000e+00 -1.782100630467930458e+01
4.117484867074353474e+02 0.000000000000000000e+00 -2.347311939263025948e+01
4.150235816809806693e+02 0.000000000000000000e+00 -2.917425897605973617e+01
4.181509274817290134e+02 0.000000000000000000e+00 -3.491604501828227569e+01
4.211274572288776881e+02 0.000000000000000000e+00 -4.069098673737642002e+01
4.239502717791669397e+02 0.000000000000000000e+00 -4.649265222081943705e+01
4.266166350125733402e+02 0.000000000000000000e+00 -5.231579816094272672e+01
4.291239605122937064e+02 0.000000000000000000e+00 -5.815645362300443821e+01
4.314697914375070695e+02 0.000000000000000000e+00 -6.401195384011811029e+01
4.336517757295938509e+02 0.000000000000000000e+00 -6.988092226388070571e+01
4.356676390085252706e+02 0.000000000000000000e+00 -7.576320138417175087e+01
4.375151576003025298e+02 0.000000000000000000e+00 -8.165973506373572377e+01
4.391921340892618559e+02 0.000000000000000000e+00 -8.757240721449387877e+01
4.406963776175207954e+02 0.000000000000000000e+00 -9.350384348334604567e+01
4.420256908700808935e+02 0.000000000000000000e+00 -9.945718413826021731e+01
4.441506857363045810e+02 0.000000000000000000e+00 -1.114432238994774735e+02
