-3.366613292922145395e-01 -4.515250958954652449e-01 0.000000000000000000e+00
-3.074404901123070633e-01 -4.582168755372417746e-01 0.000000000000000000e+00
-2.650346889926321059e-01 -4.673721538487596305e-01 0.000000000000000000e+00
-2.174782583373107148e-01 -4.777151212366610444e-01 0.000000000000000000e+00
-1.739179108824683295e-01 -4.888060510472519438e-01 0.000000000000000000e+00
-1.342160363667667944e-01 -5.012809006854292981e-01 0.000000000000000000e+00
-9.333703492134028112e-02 -5.154607515914305660e-01 0.000000000000000000e+00
-5.048328101517647604e-02 -5.312801972396422601e-01 0.000000000000000000e+00
-9.203892121503116572e-03 -5.490837781217035030e-01 0.000000000000000000e+00
2.902458440205230028e-02 -5.692215452276123688e-01 0.000000000000000000e+00
6.652709111246565832e-02 -5.911019960348921076e-01 0.000000000000000000e+00
1.050022881787295859e-01 -6.137582202752822624e-01 0.000000000000000000e+00
1.431400849776466866e-01 -6.371451458996840733e-01 0.000000000000000000e+00
1.795415746324191264e-01 -6.617003902164492191e-01 0.000000000000000000e+00
2.152789476008631353e-01 -6.867741346425008109e-01 0.000000000000000000e+00
2.521206597798856808e-01 -7.109371567780041756e-01 0.000000000000000000e+00
2.900042425241198263e-01 -7.339769571268287551e-01 0.000000000000000000e+00
3.278410110463313987e-01 -7.568624722378857195e-01 0.000000000000000000e+00
3.658167548899526889e-01 -7.789878122047468878e-01 0.000000000000000000e+00
4.054433903981335408e-01 -7.971383119637882597e-01 0.000000000000000000e+00
4.476619575541074258e-01 -8.085432148511327854e-01 0.000000000000000000e+00
4.917986519797675204e-01 -8.135355350534126950e-01 0.000000000000000000e+00
5.361626099610046214e-01 -8.133945723784964388e-01 0.000000000000000000e+00
5.791352250311280203e-01 -8.069423559798608592e-01 0.000000000000000000e+00
6.200704738076892042e-01 -7.922547613160878521e-01 0.000000000000000000e+00
6.596425339043312519e-01 -7.715329155157214513e-01 0.000000000000000000e+00
6.990017659234327718e-01 -7.507689844342322338e-01 0.000000000000000000e+00
7.384664533043718837e-01 -7.331602858768382358e-01 0.000000000000000000e+00
7.778183364127213562e-01 -7.160283606738334639e-01 0.000000000000000000e+00
8.178655970341305315e-01 -6.973170662512196971e-01 0.000000000000000000e+00
8.597554695713698347e-01 -6.832397866404570363e-01 0.000000000000000000e+00
9.012565042838391882e-01 -6.852552763686183823e-01 0.000000000000000000e+00
9.353076334552369309e-01 -7.088539631025742027e-01 0.000000000000000000e+00
9.549318557287893583e-01 -7.482728311567932167e-01 0.000000000000000000e+00
9.594540574438568115e-01 -7.931322574511687762e-01 0.000000000000000000e+00
9.535591062821564545e-01 -8.371916239387320324e-01 0.000000000000000000e+00
9.401791301953535962e-01 -8.786533406799632573e-01 0.000000000000000000e+00
9.172823660840510041e-01 -9.150236535214855138e-01 0.000000000000000000e+00
8.829543525596460496e-01 -9.422160430825968769e-01 0.000000000000000000e+00
8.407271825457722780e-01 -9.588625912343994306e-01 0.000000000000000000e+00
7.969731926680211354e-01 -9.681047554993996718e-01 0.000000000000000000e+00
7.544184765866499554e-01 -9.737535896645564959e-01 0.000000000000000000e+00
7.112816299349893345e-01 -9.767879044093789043e-01 0.000000000000000000e+00
6.662887633102354545e-01 -9.769598869636741956e-01 0.000000000000000000e+00
6.211976285292347688e-01 -9.758414959391118471e-01 0.000000000000000000e+00
5.776500687430544678e-01 -9.760814905938960395e-01 0.000000000000000000e+00
5.345297352856145379e-01 -9.785857703114496653e-01 0.000000000000000000e+00
4.902545488040481181e-01 -9.825907295672422492e-01 0.000000000000000000e+00
4.456656521157530415e-01 -9.881847764774683851e-01 0.000000000000000000e+00
4.025139547176869725e-01 -9.965306299415600533e-01 0.000000000000000000e+00
3.603860888329428747e-01 -1.007186803963513455e+00 0.000000000000000000e+00
3.174064098055403571e-01 -1.017258851447874424e+00 0.000000000000000000e+00
2.733254398110281924e-01 -1.024428088028838335e+00 0.000000000000000000e+00
2.296445567583758340e-01 -1.029524678949799599e+00 0.000000000000000000e+00
1.868045943621100546e-01 -1.034746353104609939e+00 0.000000000000000000e+00
1.434608580243971199e-01 -1.040258659140135489e+00 0.000000000000000000e+00
9.895089016016672678e-02 -1.044207954566603647e+00 0.000000000000000000e+00
5.446289671273666505e-02 -1.045749697052262839e+00 0.000000000000000000e+00
1.090470729517217970e-02 -1.046291701739078928e+00 0.000000000000000000e+00
-3.264794101368589940e-02 -1.047338890705081571e+00 0.000000000000000000e+00
-7.719931907615822098e-02 -1.048556779211094803e+00 0.000000000000000000e+00
-1.219832508884603484e-01 -1.048853182471600309e+00 0.000000000000000000e+00
-1.658285944733045025e-01 -1.048361231039716124e+00 0.000000000000000000e+00
-2.092624971731367467e-01 -1.048135517477742251e+00 0.000000000000000000e+00
-2.535604456248207739e-01 -1.048312354833556226e+00 0.000000000000000000e+00
-2.984325538853007109e-01 -1.047819701965612582e+00 0.000000000000000000e+00
-3.425058207258197540e-01 -1.046035818062928779e+00 0.000000000000000000e+00
-3.857790766501769664e-01 -1.043715284275077204e+00 0.000000000000000000e+00
-4.296496236399467428e-01 -1.041772406841458221e+00 0.000000000000000000e+00
-4.743886032636582817e-01 -1.039821071589110524e+00 0.000000000000000000e+00
-5.185544478226934428e-01 -1.036597388318635904e+00 0.000000000000000000e+00
-5.614902160999484249e-01 -1.031509390005610038e+00 0.000000000000000000e+00
-6.045101479048861082e-01 -1.025054806980787880e+00 0.000000000000000000e+00
-6.485316528583123796e-01 -1.017689296239864039e+00 0.000000000000000000e+00
-6.922171398515075680e-01 -1.008901722572592030e+00 0.000000000000000000e+00
-7.340203183060109993e-01 -9.976885968029206575e-01 0.000000000000000000e+00
-7.746820380177047438e-01 -9.834696578323195437e-01 0.000000000000000000e+00
-8.155359171908093119e-01 -9.659731326052395373e-01 0.000000000000000000e+00
-8.549609303790822734e-01 -9.443365591324274222e-01 0.000000000000000000e+00
-8.888281835369872264e-01 -9.170147560744030812e-01 0.000000000000000000e+00
-9.146527174936441851e-01 -8.830794572648481555e-01 0.000000000000000000e+00
-9.333312554191216526e-01 -8.434948242143095465e-01 0.000000000000000000e+00
-9.463304556575374837e-01 -8.007411477135596423e-01 0.000000000000000000e+00
-9.532647622127586873e-01 -7.571058562957410087e-01 0.000000000000000000e+00
-9.535455076297317811e-01 -7.134934126171356139e-01 0.000000000000000000e+00
-9.489601138848486883e-01 -6.697599549227996052e-01 0.000000000000000000e+00
-9.431220108863153095e-01 -6.257028410686840125e-01 0.000000000000000000e+00
-9.393666418271473528e-01 -5.815144412401215268e-01 0.000000000000000000e+00
-9.405794110024453536e-01 -5.377467886229901906e-01 0.000000000000000000e+00
-9.497973972316575697e-01 -4.953380315449334437e-01 0.000000000000000000e+00
-9.683316704551384602e-01 -4.553706133881394447e-01 0.000000000000000000e+00
-9.930017524641883142e-01 -4.180300126633678670e-01 0.000000000000000000e+00
-1.017354562078487845e+00 -3.816848979160933353e-01 0.000000000000000000e+00
-1.036786378436830081e+00 -3.437286789741325621e-01 0.000000000000000000e+00
-1.051551281397167248e+00 -3.028388855161980309e-01 0.000000000000000000e+00
-1.064290326903376993e+00 -2.600503411664583653e-01 0.000000000000000000e+00
-1.076049089502371103e+00 -2.172001961747916654e-01 0.000000000000000000e+00
-1.085813016367534356e+00 -1.747526663620588006e-01 0.000000000000000000e+00
-1.092778416546463349e+00 -1.317945079313676549e-01 0.000000000000000000e+00
-1.097396591372084895e+00 -8.782819621457151060e-02 0.000000000000000000e+00
-1.100432533376392685e+00 -4.355587029190693960e-02 0.000000000000000000e+00
-1.102331069814529885e+00 3.012835854259776690e-04 0.000000000000000000e+00
-1.103568833144422889e+00 4.404132853923051899e-02 0.000000000000000000e+00
-1.104570092170262807e+00 8.826467456300968184e-02 0.000000000000000000e+00
-1.105102133348943028e+00 1.327610691921675967e-01 0.000000000000000000e+00
-1.104611284165410323e+00 1.768777180406857774e-01 0.000000000000000000e+00
-1.103298380810341150e+00 2.206436295565414873e-01 0.000000000000000000e+00
-1.102017579189842778e+00 2.646845427806069351e-01 0.000000000000000000e+00
-1.100929967943037546e+00 3.091015976458343362e-01 0.000000000000000000e+00
-1.099143415187187722e+00 3.532709528826714629e-01 0.000000000000000000e+00
-1.095982663631566600e+00 3.969047583563230508e-01 0.000000000000000000e+00
-1.091704434578713245e+00 4.405143739163914218e-01 0.000000000000000000e+00
-1.086533155474124879e+00 4.844556376156395894e-01 0.000000000000000000e+00
-1.080021342370344195e+00 5.282426395830108756e-01 0.000000000000000000e+00
-1.072147231890011154e+00 5.714070845526767473e-01 0.000000000000000000e+00
-1.064072964812537547e+00 6.144365851830448921e-01 0.000000000000000000e+00
-1.056533395321817004e+00 6.579897910823336860e-01 0.000000000000000000e+00
-1.047937740736585299e+00 7.014781041792228500e-01 0.000000000000000000e+00
-1.035435910863491848e+00 7.434225598841490701e-01 0.000000000000000000e+00
-1.017839431491023960e+00 7.832452505470263171e-01 0.000000000000000000e+00
-9.962453409428078110e-01 8.216239804447538209e-01 0.000000000000000000e+00
-9.716043718044697908e-01 8.585436172278936295e-01 0.000000000000000000e+00
-9.430115472458768799e-01 8.918605549391677156e-01 0.000000000000000000e+00
-9.091149292189101283e-01 9.187756877905218778e-01 0.000000000000000000e+00
-8.702823416735246953e-01 9.385115650323658798e-01 0.000000000000000000e+00
-8.284946567314621646e-01 9.527904037155144890e-01 0.000000000000000000e+00
-7.856126605270787877e-01 9.638002485216807802e-01 0.000000000000000000e+00
-7.424604291376534215e-01 9.724974670632562379e-01 0.000000000000000000e+00
-6.991433725427600443e-01 9.789750239661146880e-01 0.000000000000000000e+00
-6.554685649257240287e-01 9.835355639378861037e-01 0.000000000000000000e+00
-6.112579006251842584e-01 9.867376979653846858e-01 0.000000000000000000e+00
-5.668119178316057827e-01 9.888563666402981900e-01 0.000000000000000000e+00
-5.227842660938268882e-01 9.899944342285580401e-01 0.000000000000000000e+00
-4.791714399018915937e-01 9.905404322576676357e-01 0.000000000000000000e+00
-4.350741265686668968e-01 9.908738490305276647e-01 0.000000000000000000e+00
-3.902108694681859502e-01 9.906554943148373482e-01 0.000000000000000000e+00
-3.458397951627841249e-01 9.890369180264126925e-01 0.000000000000000000e+00
-3.028602300357953192e-01 9.855924866578817944e-01 0.000000000000000000e+00
-2.598479119033510476e-01 9.801307393684541847e-01 0.000000000000000000e+00
-2.155029182414288924e-01 9.709807417360022397e-01 0.000000000000000000e+00
-1.736105833778094631e-01 9.542587403444449112e-01 0.000000000000000000e+00
-1.429936551197768246e-01 9.263271512990323142e-01 0.000000000000000000e+00
-1.302930446815030729e-01 8.875851622531126806e-01 0.000000000000000000e+00
-1.336416572594394114e-01 8.431597964966408565e-01 0.000000000000000000e+00
-1.451557428996357313e-01 7.990849233635729520e-01 0.000000000000000000e+00
-1.588214675421625033e-01 7.578516297024054937e-01 0.000000000000000000e+00
-1.738546085544830089e-01 7.179644260170744419e-01 0.000000000000000000e+00
-1.908711395638502673e-01 6.772296042499772462e-01 0.000000000000000000e+00
-2.078012708126773522e-01 6.353149417958300349e-01 0.000000000000000000e+00
-2.208512312203523564e-01 5.929702661186091461e-01 0.000000000000000000e+00
-2.274422043594680753e-01 5.501964907866506715e-01 0.000000000000000000e+00
-2.263721719989539582e-01 5.066429963499673450e-01 0.000000000000000000e+00
-2.163045318264989469e-01 4.635909157317280593e-01 0.000000000000000000e+00
-1.962151636958137102e-01 4.241926445404145540e-01 0.000000000000000000e+00
-1.671497016283323978e-01 3.912027873267467926e-01 0.000000000000000000e+00
-1.319323668129535332e-01 3.651703837683999421e-01 0.000000000000000000e+00
-9.295897797245288030e-02 3.452013774026752024e-01 0.000000000000000000e+00
-5.134710943714765330e-02 3.304687826401173645e-01 0.000000000000000000e+00
-8.121728444422729454e-03 3.199537031052623881e-01 0.000000000000000000e+00
3.525225664633765965e-02 3.113823947695820160e-01 0.000000000000000000e+00
7.799094079162521842e-02 3.020119436669081447e-01 0.000000000000000000e+00
1.205153488783928112e-01 2.907732724493905518e-01 0.000000000000000000e+00
1.632265108106966123e-01 2.785059408381261870e-01 0.000000000000000000e+00
2.055520258008159129e-01 2.656399200952843653e-01 0.000000000000000000e+00
2.467229790973289316e-01 2.508082744390628949e-01 0.000000000000000000e+00
2.867011987603054202e-01 2.325584224800331112e-01 0.000000000000000000e+00
3.256665902499594201e-01 2.112297460857032461e-01 0.000000000000000000e+00
3.630081702315651193e-01 1.875283451785370037e-01 0.000000000000000000e+00
3.969207129189660233e-01 1.598430586360918004e-01 0.000000000000000000e+00
4.239263802282828841e-01 1.252424329537045466e-01 0.000000000000000000e+00
4.385087664625433312e-01 8.400659086960786393e-02 0.000000000000000000e+00
4.352231148975482800e-01 4.167783286879440940e-02 0.000000000000000000e+00
4.132721944482054544e-01 5.200293239842395006e-03 0.000000000000000000e+00
3.784733117226767862e-01 -2.246193089621144334e-02 0.000000000000000000e+00
3.388877392135195565e-01 -4.300666596199576724e-02 0.000000000000000000e+00
2.985529085496497759e-01 -5.905921565936531059e-02 0.000000000000000000e+00
2.568078816811785181e-01 -7.147677977889060896e-02 0.000000000000000000e+00
2.129266881685580870e-01 -8.024013967478467457e-02 0.000000000000000000e+00
1.685930171261144361e-01 -8.606448872195017474e-02 0.000000000000000000e+00
1.252458293485689822e-01 -8.999053564580598852e-02 0.000000000000000000e+00
8.184542622071876161e-02 -9.227157115109128893e-02 0.000000000000000000e+00
3.714728104563709554e-02 -9.277729802823338201e-02 0.000000000000000000e+00
-7.762603082536827931e-03 -9.218557417701311874e-02 0.000000000000000000e+00
-5.136119980201604013e-02 -9.198923727752479629e-02 0.000000000000000000e+00
-9.453715430094426775e-02 -9.356574330802651385e-02 0.000000000000000000e+00
-1.389058003364824767e-01 -9.793017813189443255e-02 0.000000000000000000e+00
-1.833144364982292052e-01 -1.061352462559125298e-01 0.000000000000000000e+00
-2.250770635527945263e-01 -1.190260577729710390e-01 0.000000000000000000e+00
-2.642481698665742895e-01 -1.365098469397688918e-01 0.000000000000000000e+00
-3.031846612171987809e-01 -1.577182385337277948e-01 0.000000000000000000e+00
-3.415927804595338402e-01 -1.819924554022031016e-01 0.000000000000000000e+00
-3.760939766336846013e-01 -2.092217659766705540e-01 0.000000000000000000e+00
-4.061073041236830106e-01 -2.393839652938204721e-01 0.000000000000000000e+00
-4.351921366091892063e-01 -2.725521729516308111e-01 0.000000000000000000e+00
-4.623122079429889397e-01 -3.091323291014223540e-01 0.000000000000000000e+00
-4.757113294720174967e-01 -3.485541424000653810e-01 0.000000000000000000e+00
-4.628881300274838573e-01 -3.870235493798821480e-01 0.000000000000000000e+00
-4.270856943621582635e-01 -4.180743713501701153e-01 0.000000000000000000e+00
-3.872568176508223159e-01 -4.372541356044350458e-01 0.000000000000000000e+00
-3.366613292922145395e-01 -4.515250958954652449e-01 0.000000000000000000e+00
