-1.929379438115985668e-01 0.000000000000000000e+00 -6.527980853864201460e-01
-1.905020445802323159e-01 0.000000000000000000e+00 -6.611981469860772620e-01
-1.882613240197869853e-01 0.000000000000000000e+00 -6.696986652958325514e-01
-1.862108052176871809e-01 0.000000000000000000e+00 -6.783493638606654663e-01
-1.843545919450264303e-01 0.000000000000000000e+00 -6.871951413224335337e-01
-1.827075691821717363e-01 0.000000000000000000e+00 -6.962711902071602177e-01
-1.812963043690790921e-01 0.000000000000000000e+00 -7.055985736285077525e-01
-1.801590115012928761e-01 0.000000000000000000e+00 -7.151806798692564859e-01
-1.793445217008509118e-01 0.000000000000000000e+00 -7.250009101367018705e-01
-1.789102923097770914e-01 0.000000000000000000e+00 -7.350218530943906092e-01
-1.789195734395838400e-01 0.000000000000000000e+00 -7.451860705322917999e-01
-1.794379279868735522e-01 0.000000000000000000e+00 -7.554184742747165338e-01
-1.805293611063051862e-01 0.000000000000000000e+00 -7.656301294131178103e-01
-1.822523524339280943e-01 0.000000000000000000e+00 -7.757231877135063458e-01
-1.846560956248956553e-01 0.000000000000000000e+00 -7.855965508239027839e-01
-1.877772341874928141e-01 0.000000000000000000e+00 -7.951517962398554351e-01
-1.916373419032030290e-01 0.000000000000000000e+00 -8.042988765999714573e-01
-1.962413344071102794e-01 0.000000000000000000e+00 -8.129611269656288330e-01
-2.015769217441482075e-01 0.000000000000000000e+00 -8.210791827081618255e-01
-2.076151271592766578e-01 0.000000000000000000e+00 -8.286135154139806502e-01
-2.143118127965203401e-01 0.000000000000000000e+00 -8.355454250293071761e-01
-2.216100759075014803e-01 0.000000000000000000e+00 -8.418764699415618447e-01
-2.294433161834014134e-01 0.000000000000000000e+00 -8.476264583366220906e-01
-2.377387309511915514e-01 0.000000000000000000e+00 -8.528302498857966985e-01
-2.464209732687497045e-01 0.000000000000000000e+00 -8.575337143954864239e-01
-2.554157092873537982e-01 0.000000000000000000e+00 -8.617892544392231624e-01
-2.646528343350699197e-01 0.000000000000000000e+00 -8.656513171896514924e-01
-2.740691487905605461e-01 0.000000000000000000e+00 -8.691722961992046637e-01
-2.836103502232537044e-01 0.000000000000000000e+00 -8.723991607446914820e-01
-2.932322617510987883e-01 0.000000000000000000e+00 -8.753710565099325214e-01
-3.029012820152833796e-01 0.000000000000000000e+00 -8.781180077973765874e-01
-3.125941037291647961e-01 0.000000000000000000e+00 -8.806607308502479858e-01
-3.222968003419856564e-01 0.000000000000000000e+00 -8.830114532727675325e-01
-3.320034200932986401e-01 0.000000000000000000e+00 -8.851755378935851626e-01
-3.417142512396241782e-01 0.000000000000000000e+00 -8.871536402805348942e-01
-3.514339307312018268e-01 0.000000000000000000e+00 -8.889440936707445617e-01
-3.611695618676201147e-01 0.000000000000000000e+00 -8.905452155651930601e-01
-3.709289865639874839e-01 0.000000000000000000e+00 -8.919572648075371202e-01
-3.807193279184276080e-01 0.000000000000000000e+00 -8.931838410340031675e-01
-3.905458824984721633e-01 0.000000000000000000e+00 -8.942326013581268773e-01
-4.004114030533421076e-01 0.000000000000000000e+00 -8.951152615286828151e-01
-4.103157748893363488e-01 0.000000000000000000e+00 -8.958469393957240179e-01
-4.202560560422265445e-01 0.000000000000000000e+00 -8.964449768066614643e-01
-4.302268249758978702e-01 0.000000000000000000e+00 -8.969274333435163227e-01
-4.402207612397008862e-01 0.000000000000000000e+00 -8.973114757143264564e-01
-4.502293747987676786e-01 0.000000000000000000e+00 -8.976118876411942615e-01
-4.602437982309078301e-01 0.000000000000000000e+00 -8.978398978561732413e-01
-4.702555615951921064e-01 0.000000000000000000e+00 -8.980024727974336152e-01
-4.802572809887746819e-01 0.000000000000000000e+00 -8.981021529998896025e-01
-4.902432068564347434e-01 0.000000000000000000e+00 -8.981374370023590403e-01
-5.002095952288383440e-01 0.000000000000000000e+00 -8.981036435196408929e-01
-5.101548826404221915e-01 0.000000000000000000e+00 -8.979941208039069478e-01
-5.200796622134090663e-01 0.000000000000000000e+00 -8.978016290744621486e-01
-5.299864733452028798e-01 0.000000000000000000e+00 -8.975197026487349294e-01
-5.398794300111563471e-01 0.000000000000000000e+00 -8.971438049054691888e-01
-5.497637226027545232e-01 0.000000000000000000e+00 -8.966721201376198769e-01
-5.596450353858198890e-01 0.000000000000000000e+00 -8.961058773446837211e-01
-5.695289261234262046e-01 0.000000000000000000e+00 -8.954491652443570260e-01
-5.794202162306215653e-01 0.000000000000000000e+00 -8.947082668350788692e-01
-5.893224390471263341e-01 0.000000000000000000e+00 -8.938906067699303737e-01
-5.992373904105631199e-01 0.000000000000000000e+00 -8.930034572522814740e-01
-6.091648196349801481e-01 0.000000000000000000e+00 -8.920525814011517340e-01
-6.191022902227548697e-01 0.000000000000000000e+00 -8.910410027780091280e-01
-6.290452282485062829e-01 0.000000000000000000e+00 -8.899680747108167367e-01
-6.389871626391895321e-01 0.000000000000000000e+00 -8.888289850220135735e-01
-6.489201461015166039e-01 0.000000000000000000e+00 -8.876147754951820845e-01
-6.588353291046371574e-01 0.000000000000000000e+00 -8.863128879509725166e-01
-6.687236433168637362e-01 0.000000000000000000e+00 -8.849081786489774171e-01
-6.785765366758722550e-01 0.000000000000000000e+00 -8.833842787966079690e-01
-6.883866914272909199e-01 0.000000000000000000e+00 -8.817251294441861287e-01
-6.981486505408024401e-01 0.000000000000000000e+00 -8.799164904836965784e-01
-7.078592782084477397e-01 0.000000000000000000e+00 -8.779472198322278986e-01
-7.175179875036771238e-01 0.000000000000000000e+00 -8.758101411249034074e-01
-7.271266829631141126e-01 0.000000000000000000e+00 -8.735023641464033650e-01
-7.366893873247325475e-01 0.000000000000000000e+00 -8.710249866400915364e-01
-7.462115485927658387e-01 0.000000000000000000e+00 -8.683821815540389011e-01
-7.556990539193875200e-01 0.000000000000000000e+00 -8.655797512592611209e-01
-7.651570077981831863e-01 0.000000000000000000e+00 -8.626233004554378914e-01
-7.745883606743675376e-01 0.000000000000000000e+00 -8.595162337318453805e-01
-7.839924971339556903e-01 0.000000000000000000e+00 -8.562578152048532232e-01
-7.933639074494763799e-01 0.000000000000000000e+00 -8.528415320350166695e-01
-8.026910701609567544e-01 0.000000000000000000e+00 -8.492539797971534465e-01
-8.119556652113583128e-01 0.000000000000000000e+00 -8.454744377991779691e-01
-8.211322167445095355e-01 0.000000000000000000e+00 -8.414752317657905323e-01
-8.301882330925821618e-01 0.000000000000000000e+00 -8.372228975657551864e-01
-8.390848710656502174e-01 0.000000000000000000e+00 -8.326800722279852351e-01
-8.477781058387049429e-01 0.000000000000000000e+00 -8.278079572646966922e-01
-8.562203407429285207e-01 0.000000000000000000e+00 -8.225691335984106622e-01
-8.643623477378296061e-01 0.000000000000000000e+00 -8.169304647882212889e-01
-8.721553938252937233e-01 0.000000000000000000e+00 -8.108658108103966589e-01
-8.795533851575217943e-01 0.000000000000000000e+00 -8.043582902421093639e-01
-8.865148520582246672e-01 0.000000000000000000e+00 -7.974018728004976797e-01
-8.930046061992757966e-01 0.000000000000000000e+00 -7.900021520435358546e-01
-8.989949257045495301e-01 0.000000000000000000e+00 -7.821762321867882228e-01
-9.044661632418379282e-01 0.000000000000000000e+00 -7.739517541227044495e-01
-9.094067228770000844e-01 0.000000000000000000e+00 -7.653651737477464856e-01
-9.138124089642163383e-01 0.000000000000000000e+00 -7.564594808689888428e-01
-9.176852091303507875e-01 0.000000000000000000e+00 -7.472816010058105363e-01
-9.210316276606547170e-01 0.000000000000000000e+00 -7.378797494594178108e-01
-9.238607297706258326e-01 0.000000000000000000e+00 -7.283010042929528582e-01
-9.261820866896727233e-01 0.000000000000000000e+00 -7.185893329171935129e-01
-9.280038229061832178e-01 0.000000000000000000e+00 -7.087842496682792426e-01
-9.293309588150771017e-01 0.000000000000000000e+00 -6.989202057812307078e-01
-9.301642148176685332e-01 0.000000000000000000e+00 -6.890267272435101065e-01
-9.304993990606701404e-01 0.000000000000000000e+00 -6.791292299355913276e-01
-9.303274446250715535e-01 0.000000000000000000e+00 -6.692503649306320579e-01
-9.296350985888347518e-01 0.000000000000000000e+00 -6.594116883512578520e-01
-9.284062012816021170e-01 0.000000000000000000e+00 -6.496354161469019006e-01
-9.266234356586889875e-01 0.000000000000000000e+00 -6.399460180948491894e-01
-9.242703799498044326e-01 0.000000000000000000e+00 -6.303714275618178542e-01
-9.213336663367632795e-01 0.000000000000000000e+00 -6.209436911961213612e-01
-9.178050374758928154e-01 0.000000000000000000e+00 -6.116989500142337999e-01
-9.136831023032800925e-01 0.000000000000000000e+00 -6.026767224078410923e-01
-9.089746217257823613e-01 0.000000000000000000e+00 -5.939185413127349156e-01
-9.036952004745320011e-01 0.000000000000000000e+00 -5.854660728682280491e-01
-8.978693188510480372e-01 0.000000000000000000e+00 -5.773589039707769377e-01
-8.915297014046369428e-01 0.000000000000000000e+00 -5.696322246436515968e-01
-8.847160822540489633e-01 0.000000000000000000e+00 -5.623146441181634536e-01
-8.774734824421503987e-01 0.000000000000000000e+00 -5.554263659311172718e-01
-8.698501578259528744e-01 0.000000000000000000e+00 -5.489779091969473335e-01
-8.618954023788478747e-01 0.000000000000000000e+00 -5.429695052604147643e-01
-8.536573990604633400e-01 0.000000000000000000e+00 -5.373912280648079909e-01
-8.451812982880509972e-01 0.000000000000000000e+00 -5.322238409713859753e-01
-8.365076742775338081e-01 0.000000000000000000e+00 -5.274402709595397143e-01
-8.276714657099285555e-01 0.000000000000000000e+00 -5.230075609867137487e-01
-8.187014543411113010e-01 0.000000000000000000e+00 -5.188891091065748196e-01
-8.096202791843686297e-01 0.000000000000000000e+00 -5.150469828083702462e-01
-8.004449308251406769e-01 0.000000000000000000e+00 -5.114441003752474568e-01
-7.911876258682337681e-01 0.000000000000000000e+00 -5.080460965500968040e-01
-7.818569299748360235e-01 0.000000000000000000e+00 -5.048227336258012121e-01
-7.724589823584377957e-01 0.000000000000000000e+00 -5.017487754465028704e-01
-7.629986760499332110e-01 0.000000000000000000e+00 -4.988043036910634886e-01
-7.534806658418952141e-01 0.000000000000000000e+00 -4.959745158274306287e-01
-7.439101069042854952e-01 0.000000000000000000e+00 -4.932490954330107646e-01
-7.342930674918659584e-01 0.000000000000000000e+00 -4.906212826696927376e-01
-7.246366038468999848e-01 0.000000000000000000e+00 -4.880867920422753969e-01
-7.149485289046844105e-01 0.000000000000000000e+00 -4.856427249390193879e-01
-7.052369435959650046e-01 0.000000000000000000e+00 -4.832866070268451164e-01
-6.955096261649906797e-01 0.000000000000000000e+00 -4.810156486855580726e-01
-6.857733881187607627e-01 0.000000000000000000e+00 -4.788262853162808530e-01
-6.760335040202435364e-01 0.000000000000000000e+00 -4.767140095267214939e-01
-6.662933069706348244e-01 0.000000000000000000e+00 -4.746734650380550202e-01
-6.565540146302083491e-01 0.000000000000000000e+00 -4.726987382127167403e-01
-6.468148157373104779e-01 0.000000000000000000e+00 -4.707837615821759414e-01
-6.370732089591254477e-01 0.000000000000000000e+00 -4.689227370274599016e-01
-6.273255495506199209e-01 0.000000000000000000e+00 -4.671104945858989832e-01
-6.175677294423815855e-01 0.000000000000000000e+00 -4.653427243716581341e-01
-6.077958969023875557e-01 0.000000000000000000e+00 -4.636160501301122006e-01
-5.980071153674901829e-01 0.000000000000000000e+00 -4.619279485229915716e-01
-5.881998683166661523e-01 0.000000000000000000e+00 -4.602765527805555701e-01
-5.783743372964846863e-01 0.000000000000000000e+00 -4.586604074380213336e-01
-5.685324108839352464e-01 0.000000000000000000e+00 -4.570782579836552562e-01
-5.586774195974436585e-01 0.000000000000000000e+00 -4.555289624093366574e-01
-5.488136307704635231e-01 0.000000000000000000e+00 -4.540115998580256385e-01
-5.389455731060388555e-01 0.000000000000000000e+00 -4.525258259248727266e-01
-5.290772882801350052e-01 0.000000000000000000e+00 -4.510724878258826620e-01
-5.192116227180564314e-01 0.000000000000000000e+00 -4.496544703701053636e-01
-5.093496741008276540e-01 0.000000000000000000e+00 -4.482777012548915252e-01
-4.994904935695615444e-01 0.000000000000000000e+00 -4.469522077170969276e-01
-4.896311171430140496e-01 0.000000000000000000e+00 -4.456930915490678879e-01
-4.797669614579683772e-01 0.000000000000000000e+00 -4.445212801685057835e-01
-4.698925739345442554e-01 0.000000000000000000e+00 -4.434639201602651459e-01
-4.600026811559805306e-01 0.000000000000000000e+00 -4.425543065573404600e-01
-4.500934372620363777e-01 0.000000000000000000e+00 -4.418312838044280988e-01
-4.401637417763499260e-01 0.000000000000000000e+00 -4.413381084016980704e-01
-4.302164778313452009e-01 0.000000000000000000e+00 -4.411208225460762078e-01
-4.202595200124084052e-01 0.000000000000000000e+00 -4.412262456131888499e-01
-4.103063769204612909e-01 0.000000000000000000e+00 -4.416997389086938508e-01
-4.003763659081255311e-01 0.000000000000000000e+00 -4.425829324247424479e-01
-3.904942631736640912e-01 0.000000000000000000e+00 -4.439116156570008798e-01
-3.806894267388641340e-01 0.000000000000000000e+00 -4.457139854329524864e-01
-3.709944468880533308e-01 0.000000000000000000e+00 -4.480094123863041511e-01
-3.614434320111697407e-01 0.000000000000000000e+00 -4.508078371104274340e-01
-3.520700813134785556e-01 0.000000000000000000e+00 -4.541098425010896555e-01
-3.429057243132932475e-01 0.000000000000000000e+00 -4.579073775808478741e-01
-3.339775167963331959e-01 0.000000000000000000e+00 -4.621850384450071902e-01
-3.253069722968046640e-01 0.000000000000000000e+00 -4.669217522023993427e-01
-3.169089778443093253e-01 0.000000000000000000e+00 -4.720926672729070517e-01
-3.087913954936325478e-01 0.000000000000000000e+00 -4.776710336428024450e-01
-3.009552918387556342e-01 0.000000000000000000e+00 -4.836298625676210272e-01
-2.933957725584430687e-01 0.000000000000000000e+00 -4.899431866258692203e-01
-2.861033350908827044e-01 0.000000000000000000e+00 -4.965867947437291319e-01
-2.790655968474511361e-01 0.000000000000000000e+00 -5.035383868105883787e-01
-2.722692152390754905e-01 0.000000000000000000e+00 -5.107771706125285860e-01
-2.657017940082858631e-01 0.000000000000000000e+00 -5.182830006173734239e-01
-2.593535706990448553e-01 0.000000000000000000e+00 -5.260352241045758159e-01
-2.532187029344815099e-01 0.000000000000000000e+00 -5.340114467061521930e-01
-2.472960144234457591e-01 0.000000000000000000e+00 -5.421864501337552156e-01
-2.415891209166550202e-01 0.000000000000000000e+00 -5.505314861384192904e-01
-2.361059254829480092e-01 0.000000000000000000e+00 -5.590141324352935204e-01
-2.308575440905214216e-01 0.000000000000000000e+00 -5.675988318334331817e-01
-2.258567887731139090e-01 0.000000000000000000e+00 -5.762481518189015439e-01
-2.211163892950390730e-01 0.000000000000000000e+00 -5.849247076191709249e-01
-2.166471691042561598e-01 0.000000000000000000e+00 -5.935935981899135294e-01
-2.124564033021920650e-01 0.000000000000000000e+00 -6.022251228473647355e-01
-2.085465735814929777e-01 0.000000000000000000e+00 -6.107974867341096070e-01
-2.049146984244738512e-01 0.000000000000000000e+00 -6.192991741186576471e-01
-2.015523597116923027e-01 0.000000000000000000e+00 -6.277306746929867121e-01
-1.984464748854471716e-01 0.000000000000000000e+00 -6.361052907102672238e-01
-1.929379438115985668e-01 0.000000000000000000e+00 -6.527980853864201460e-01
