9.092089642197107651e+02 5.372250199523701895e+02 0.000000000000000000e+00
9.121740130858356679e+02 5.194348296192122234e+02 0.000000000000000000e+00
9.148639289680402271e+02 4.999201450953850667e+02 0.000000000000000000e+00
9.174181122764214251e+02 4.783104819628903215e+02 0.000000000000000000e+00
9.198107597336810386e+02 4.549087726268933238e+02 0.000000000000000000e+00
9.218924487568432369e+02 4.305004021743374096e+02 0.000000000000000000e+00
9.234793356352905676e+02 4.059856627915031027e+02 0.000000000000000000e+00
9.244471962216915699e+02 3.820126776942469746e+02 0.000000000000000000e+00
9.247880044613094697e+02 3.587726637183323533e+02 0.000000000000000000e+00
9.246080371243981517e+02 3.360287217230291503e+02 0.000000000000000000e+00
9.240765551972032199e+02 3.133324381014567734e+02 0.000000000000000000e+00
9.233570155132673563e+02 2.902987651192927387e+02 0.000000000000000000e+00
9.225573719115698168e+02 2.667976139156355657e+02 0.000000000000000000e+00
9.217215997999885531e+02 2.429799596459203599e+02 0.000000000000000000e+00
9.208604465136922954e+02 2.191503765213946906e+02 0.000000000000000000e+00
9.199991762821219936e+02 1.955753630748653222e+02 0.000000000000000000e+00
9.192139347200569546e+02 1.723391955230971746e+02 0.000000000000000000e+00
9.186378703781454078e+02 1.493201030987103195e+02 0.000000000000000000e+00
9.184362571392863401e+02 1.262859438179829681e+02 0.000000000000000000e+00
9.187656775386691379e+02 1.030430370312655981e+02 0.000000000000000000e+00
9.197376573264616582e+02 7.954905305758515510e+01 0.000000000000000000e+00
9.214008071357596918e+02 5.592937494073751736e+01 0.000000000000000000e+00
9.237431834001600919e+02 3.239591289625846571e+01 0.000000000000000000e+00
9.267065117957024540e+02 9.122333562472988433e+00 0.000000000000000000e+00
9.302016700003481446e+02 -1.385017435972942579e+01 0.000000000000000000e+00
9.341200668053970730e+02 -3.662563584743067224e+01 0.000000000000000000e+00
9.383429419678574277e+02 -5.938367010652895317e+01 0.000000000000000000e+00
9.427538967555866520e+02 -8.227342443020326357e+01 0.000000000000000000e+00
9.472564767107877515e+02 -1.053341914443401066e+02 0.000000000000000000e+00
9.517911543475415783e+02 -1.284858913406540921e+02 0.000000000000000000e+00
9.563408875907256288e+02 -1.515894808766063875e+02 0.000000000000000000e+00
9.609168348455965543e+02 -1.745372845238544528e+02 0.000000000000000000e+00
9.655260050703390107e+02 -1.973189348777020768e+02 0.000000000000000000e+00
9.701349771716892292e+02 -2.200264992181358537e+02 0.000000000000000000e+00
9.746500702586329226e+02 -2.427999851147615402e+02 0.000000000000000000e+00
9.789289421990914661e+02 -2.657487452141434119e+02 0.000000000000000000e+00
9.828228319932914019e+02 -2.888957138151482695e+02 0.000000000000000000e+00
9.862307280029765479e+02 -3.121748129396970626e+02 0.000000000000000000e+00
9.891373240073693296e+02 -3.354787737639718443e+02 0.000000000000000000e+00
9.916124701666969941e+02 -3.587254419621125408e+02 0.000000000000000000e+00
9.937691624136080009e+02 -3.819022272630795669e+02 0.000000000000000000e+00
9.956998984410590765e+02 -4.050643313780817607e+02 0.000000000000000000e+00
9.974244759595474079e+02 -4.282917364668282971e+02 0.000000000000000000e+00
9.988776165934031042e+02 -4.516343471609935705e+02 0.000000000000000000e+00
9.999436721567042241e+02 -4.750798097074916768e+02 0.000000000000000000e+00
1.000519306799518631e+03 -4.985623708061717707e+02 0.000000000000000000e+00
1.000568368283789596e+03 -5.220046217150505754e+02 0.000000000000000000e+00
1.000136290943687527e+03 -5.453638108201823798e+02 0.000000000000000000e+00
9.993134761514767206e+02 -5.686527307138077276e+02 0.000000000000000000e+00
9.981663022140096473e+02 -5.919223409853781277e+02 0.000000000000000000e+00
9.966741782368629856e+02 -6.152180169970760062e+02 0.000000000000000000e+00
9.947095279278374846e+02 -6.385379773063109496e+02 0.000000000000000000e+00
9.920746802962139554e+02 -6.618207192331151418e+02 0.000000000000000000e+00
9.885775761636489278e+02 -6.849694309821302340e+02 0.000000000000000000e+00
9.841049767667292372e+02 -7.078972362372592215e+02 0.000000000000000000e+00
9.786511706316427990e+02 -7.305628819842172561e+02 0.000000000000000000e+00
9.722834021309008676e+02 -7.529711589436592476e+02 0.000000000000000000e+00
9.650602500189268085e+02 -7.751334129247809415e+02 0.000000000000000000e+00
9.569467426688120213e+02 -7.970083810915285767e+02 0.000000000000000000e+00
9.477744388336466272e+02 -8.184572453246228179e+02 0.000000000000000000e+00
9.372728074478327471e+02 -8.392408154957694251e+02 0.000000000000000000e+00
9.251613106869961030e+02 -8.590643625772358973e+02 0.000000000000000000e+00
9.112594227852546283e+02 -8.776497392586500155e+02 0.000000000000000000e+00
8.955618192948625165e+02 -8.947999806099801390e+02 0.000000000000000000e+00
8.782435535889517269e+02 -9.104266925484228068e+02 0.000000000000000000e+00
8.595956034408211508e+02 -9.245318605414430522e+02 0.000000000000000000e+00
8.399254709443357569e+02 -9.371605900011079484e+02 0.000000000000000000e+00
8.194723371422661558e+02 -9.483553731556202138e+02 0.000000000000000000e+00
7.983744372923587207e+02 -9.581381618726729812e+02 0.000000000000000000e+00
7.766954359709800428e+02 -9.665272169193252694e+02 0.000000000000000000e+00
7.544844344939324401e+02 -9.735734652043779533e+02 0.000000000000000000e+00
7.318286128426574351e+02 -9.793892445979413424e+02 0.000000000000000000e+00
7.088661849161742339e+02 -9.841474888787483906e+02 0.000000000000000000e+00
6.857540476481373162e+02 -9.880478425261044322e+02 0.000000000000000000e+00
6.626128985410114183e+02 -9.912663387930625731e+02 0.000000000000000000e+00
6.394859808807610762e+02 -9.939149621254773592e+02 0.000000000000000000e+00
6.163385980075948964e+02 -9.960312130345373589e+02 0.000000000000000000e+00
5.931001157398815167e+02 -9.976000390373181972e+02 0.000000000000000000e+00
5.697239413038015527e+02 -9.985923286053820220e+02 0.000000000000000000e+00
5.462297672005142886e+02 -9.989964996202600105e+02 0.000000000000000000e+00
5.227029003037018811e+02 -9.988265566976390346e+02 0.000000000000000000e+00
4.992514176617719386e+02 -9.981062121495307338e+02 0.000000000000000000e+00
4.759476467387980847e+02 -9.968435042849688443e+02 0.000000000000000000e+00
4.527905681936856581e+02 -9.950143836027247062e+02 0.000000000000000000e+00
4.297139846461615207e+02 -9.925648968803577645e+02 0.000000000000000000e+00
4.066385060265553193e+02 -9.894264042956344838e+02 0.000000000000000000e+00
3.835394080688446934e+02 -9.855275345319148528e+02 0.000000000000000000e+00
3.604927057882311487e+02 -9.807882816341418675e+02 0.000000000000000000e+00
3.376742454240205120e+02 -9.750954375299833146e+02 0.000000000000000000e+00
3.153139687289848325e+02 -9.682756110172598483e+02 0.000000000000000000e+00
2.936334833794087444e+02 -9.600904774833165902e+02 0.000000000000000000e+00
2.728040602016372418e+02 -9.502713189003939078e+02 0.000000000000000000e+00
2.529485486398282887e+02 -9.385888760655598162e+02 0.000000000000000000e+00
2.341823808414097243e+02 -9.249316712790581505e+02 0.000000000000000000e+00
2.166628231345789857e+02 -9.093554157809084018e+02 0.000000000000000000e+00
2.006080260838521667e+02 -8.920759104137175655e+02 0.000000000000000000e+00
1.862637246953633507e+02 -8.734044061750961419e+02 0.000000000000000000e+00
1.738269250054385111e+02 -8.536538170945133288e+02 0.000000000000000000e+00
1.633643394417829597e+02 -8.330598608225609496e+02 0.000000000000000000e+00
1.547714280633798296e+02 -8.117535003865561976e+02 0.000000000000000000e+00
1.477996130296446893e+02 -7.897933452016044384e+02 0.000000000000000000e+00
1.421437182093999922e+02 -7.672339614692522218e+02 0.000000000000000000e+00
1.375485445049370412e+02 -7.441867382670767483e+02 0.000000000000000000e+00
1.338817715205576917e+02 -7.208352692855223722e+02 0.000000000000000000e+00
1.311375669180655450e+02 -6.973944596752071448e+02 0.000000000000000000e+00
1.293726560575376539e+02 -6.740363673593740259e+02 0.000000000000000000e+00
1.286137232052018931e+02 -6.508266659084093817e+02 0.000000000000000000e+00
1.287910559076487971e+02 -6.277112084602377990e+02 0.000000000000000000e+00
1.297388717021803473e+02 -6.045645306062987174e+02 0.000000000000000000e+00
1.312652974250936211e+02 -5.812767997640241902e+02 0.000000000000000000e+00
1.332550501137381787e+02 -5.578329727396381941e+02 0.000000000000000000e+00
1.357477443977608118e+02 -5.343411142941423577e+02 0.000000000000000000e+00
1.389459536616523678e+02 -5.109945734069310106e+02 0.000000000000000000e+00
1.431439412748746633e+02 -4.879894920257701756e+02 0.000000000000000000e+00
1.486103931240324982e+02 -4.654440518421467914e+02 0.000000000000000000e+00
1.554833324896210058e+02 -4.433646538191199511e+02 0.000000000000000000e+00
1.637290780995760997e+02 -4.216774172718116915e+02 0.000000000000000000e+00
1.731830959937124703e+02 -4.003061292839678913e+02 0.000000000000000000e+00
1.836474807848328226e+02 -3.792512012170988100e+02 0.000000000000000000e+00
1.949909588657530151e+02 -3.586233408971921222e+02 0.000000000000000000e+00
2.071980389339964574e+02 -3.386109168833452827e+02 0.000000000000000000e+00
2.203432109528563103e+02 -3.193969646919393313e+02 0.000000000000000000e+00
2.345073950297151271e+02 -3.010695762765217864e+02 0.000000000000000000e+00
2.496845170379095578e+02 -2.835726112821706124e+02 0.000000000000000000e+00
2.657298878868683687e+02 -2.667210125492349562e+02 0.000000000000000000e+00
2.823778515903545099e+02 -2.502698406397003055e+02 0.000000000000000000e+00
2.993180891221250590e+02 -2.339984789891955472e+02 0.000000000000000000e+00
3.162891967938955986e+02 -2.177664018308224456e+02 0.000000000000000000e+00
3.331410408969526316e+02 -2.015161361787672547e+02 0.000000000000000000e+00
3.498366379298589095e+02 -1.852303544098057841e+02 0.000000000000000000e+00
3.663980705908210211e+02 -1.688748192155418337e+02 0.000000000000000000e+00
3.828299826158405494e+02 -1.523632879261471373e+02 0.000000000000000000e+00
3.990628679787396891e+02 -1.355632611404430463e+02 0.000000000000000000e+00
4.149431933389806204e+02 -1.183343316378378773e+02 0.000000000000000000e+00
4.302684030128725112e+02 -1.005709912460566358e+02 0.000000000000000000e+00
4.448393365985381820e+02 -8.222110514113261104e+01 0.000000000000000000e+00
4.584949674756716149e+02 -6.326953536100056397e+01 0.000000000000000000e+00
4.711081421059406011e+02 -4.370134201262502671e+01 0.000000000000000000e+00
4.825471860727201374e+02 -2.347421439870686299e+01 0.000000000000000000e+00
4.926310052556455616e+02 -2.525048428273350964e+00 0.000000000000000000e+00
5.011112745997274942e+02 1.918666597561283993e+01 0.000000000000000000e+00
5.077011453572316668e+02 4.162195082519431821e+01 0.000000000000000000e+00
5.121439255573725404e+02 6.462819472086509620e+01 0.000000000000000000e+00
5.142922569506440595e+02 8.795473762353768166e+01 0.000000000000000000e+00
5.141612060779024205e+02 1.113180207901764760e+02 0.000000000000000000e+00
5.119309897244949070e+02 1.344868496372656921e+02 0.000000000000000000e+00
5.078995152895176943e+02 1.573447138145923532e+02 0.000000000000000000e+00
5.024079926227394708e+02 1.798972275715559874e+02 0.000000000000000000e+00
4.957725832088717084e+02 2.022229869601175380e+02 0.000000000000000000e+00
4.882475076503044420e+02 2.243981184059567511e+02 0.000000000000000000e+00
4.800260140619573690e+02 2.464395122015378945e+02 0.000000000000000000e+00
4.712665691131144285e+02 2.682999931326978640e+02 0.000000000000000000e+00
4.621227574726420357e+02 2.899169277498419319e+02 0.000000000000000000e+00
4.527599144025290343e+02 3.112826644148483979e+02 0.000000000000000000e+00
4.433545929922090068e+02 3.324907084039061829e+02 0.000000000000000000e+00
4.340852762228325332e+02 3.537249018256592308e+02 0.000000000000000000e+00
4.251266157489048965e+02 3.751927623306795567e+02 0.000000000000000000e+00
4.166535038059757881e+02 3.970385530406760495e+02 0.000000000000000000e+00
4.088507366699830072e+02 4.192856901956001252e+02 0.000000000000000000e+00
4.019170313384507836e+02 4.418425067778002813e+02 0.000000000000000000e+00
3.960541577254683716e+02 4.645685768600602046e+02 0.000000000000000000e+00
3.914420519712838313e+02 4.873622996696758491e+02 0.000000000000000000e+00
3.882122649017849199e+02 5.102163466149819442e+02 0.000000000000000000e+00
3.864367905817862265e+02 5.332052372476507571e+02 0.000000000000000000e+00
3.861429952376175265e+02 5.564092421536148549e+02 0.000000000000000000e+00
3.873508107900931918e+02 5.798177408554704471e+02 0.000000000000000000e+00
3.901140009334437764e+02 6.032695684015650386e+02 0.000000000000000000e+00
3.945422042470976862e+02 6.264681548108928837e+02 0.000000000000000000e+00
4.007886252062244239e+02 6.490660045376278049e+02 0.000000000000000000e+00
4.090058761925638464e+02 6.707714814810457256e+02 0.000000000000000000e+00
4.192898576246216180e+02 6.914161408108168416e+02 0.000000000000000000e+00
4.316386652067445198e+02 7.109429676107627074e+02 0.000000000000000000e+00
4.459459573201352214e+02 7.293229839362929852e+02 0.000000000000000000e+00
4.620300421368008870e+02 7.464522728167247578e+02 0.000000000000000000e+00
4.796814075389798404e+02 7.620962815601913007e+02 0.000000000000000000e+00
4.987030406708201440e+02 7.759227331157359231e+02 0.000000000000000000e+00
5.189242647011425333e+02 7.876118961961782361e+02 0.000000000000000000e+00
5.401858857864093579e+02 7.969837401034936875e+02 0.000000000000000000e+00
5.623118508876349324e+02 8.040657575716132897e+02 0.000000000000000000e+00
5.850899226733017713e+02 8.090547377868488184e+02 0.000000000000000000e+00
6.082768157690538828e+02 8.121858039274196699e+02 0.000000000000000000e+00
6.316263379737667947e+02 8.135786448538364084e+02 0.000000000000000000e+00
6.549229837075748719e+02 8.131499404631872494e+02 0.000000000000000000e+00
6.779984497209784422e+02 8.106484579960192605e+02 0.000000000000000000e+00
7.007182994053630409e+02 8.058007948925410346e+02 0.000000000000000000e+00
7.229449723214130472e+02 7.984892165545497846e+02 0.000000000000000000e+00
7.444999503429315837e+02 7.888579169797313853e+02 0.000000000000000000e+00
7.651514222636537852e+02 7.772782372840276821e+02 0.000000000000000000e+00
7.846409901543652268e+02 7.641814434582374815e+02 0.000000000000000000e+00
8.027404444750427501e+02 7.498474650821276555e+02 0.000000000000000000e+00
8.193103812139469255e+02 7.342732533567674409e+02 0.000000000000000000e+00
8.343283125910766103e+02 7.172109589786344941e+02 0.000000000000000000e+00
8.478685269414128243e+02 6.983771542307467826e+02 0.000000000000000000e+00
8.600420181358570062e+02 6.777354235199694585e+02 0.000000000000000000e+00
8.709279086692289411e+02 6.557003679733712715e+02 0.000000000000000000e+00
8.805344106084368150e+02 6.331351762138731374e+02 0.000000000000000000e+00
8.888127511558374181e+02 6.111105803307264068e+02 0.000000000000000000e+00
8.957187679673744469e+02 5.905143040036828097e+02 0.000000000000000000e+00
9.012894941885336948e+02 5.716847642558285543e+02 0.000000000000000000e+00
9.092089642197107651e+02 5.372250199523701895e+02 0.000000000000000000e+00
