0.000000000000000000e+00 3.427658960921757259e-01 -6.415090187995459159e-01
0.000000000000000000e+00 3.446409542268301096e-01 -6.505949818773063553e-01
0.000000000000000000e+00 3.451914426932325419e-01 -6.599268910385095444e-01
0.000000000000000000e+00 3.444008207131877275e-01 -6.694396885920265161e-01
0.000000000000000000e+00 3.422828396554447594e-01 -6.790499162573802039e-01
0.000000000000000000e+00 3.388812259997376897e-01 -6.886585360730363981e-01
0.000000000000000000e+00 3.342678758505841508e-01 -6.981557167401625241e-01
0.000000000000000000e+00 3.285395936787411375e-01 -7.074272595561714727e-01
0.000000000000000000e+00 3.218134955619769699e-01 -7.163621054824246270e-01
0.000000000000000000e+00 3.142212928753250201e-01 -7.248601879437635009e-01
0.000000000000000000e+00 3.059027685377380679e-01 -7.328398019257378326e-01
0.000000000000000000e+00 2.969988441504302634e-01 -7.402436659810212038e-01
0.000000000000000000e+00 2.876447007267033951e-01 -7.470429641241009833e-01
0.000000000000000000e+00 2.779634465236512919e-01 -7.532388595143701959e-01
0.000000000000000000e+00 2.680608133080400468e-01 -7.588612483665662101e-01
0.000000000000000000e+00 2.580213019599794100e-01 -7.639648373026286521e-01
0.000000000000000000e+00 2.479060900368351139e-01 -7.686229408045822664e-01
0.000000000000000000e+00 2.377528646087508357e-01 -7.729196670315220397e-01
0.000000000000000000e+00 2.275775664293798184e-01 -7.769413540671225027e-01
0.000000000000000000e+00 2.173778445507182910e-01 -7.807682082603527585e-01
0.000000000000000000e+00 2.071378451711074209e-01 -7.844670686379372482e-01
0.000000000000000000e+00 1.968338165959809816e-01 -7.880860786788170813e-01
0.000000000000000000e+00 1.864399229226811894e-01 -7.916518066100657336e-01
0.000000000000000000e+00 1.759336362663028175e-01 -7.951690484882090182e-01
0.000000000000000000e+00 1.653001271607925926e-01 -7.986232144586030701e-01
0.000000000000000000e+00 1.545351922772402187e-01 -8.019848813302118407e-01
0.000000000000000000e+00 1.436464356471736648e-01 -8.052158354683786046e-01
0.000000000000000000e+00 1.326526338960013762e-01 -8.082757627527885624e-01
0.000000000000000000e+00 1.215814415184018338e-01 -8.111286883478077137e-01
0.000000000000000000e+00 1.104658003596944160e-01 -8.137483343210388798e-01
0.000000000000000000e+00 9.933958083206359535e-02 -8.161217375580670508e-01
0.000000000000000000e+00 8.823307862889785691e-02 -8.182507289774710868e-01
0.000000000000000000e+00 7.716900570124010650e-02 -8.201511814027299119e-01
0.000000000000000000e+00 6.615954442093460730e-02 -8.218502449207824023e-01
0.000000000000000000e+00 5.520488693067193697e-02 -8.233820620819033431e-01
0.000000000000000000e+00 4.429347610404070490e-02 -8.247826534142810306e-01
0.000000000000000000e+00 3.340392722100167522e-02 -8.260847598189733354e-01
0.000000000000000000e+00 2.250837234157779254e-02 -8.273134104057134897e-01
0.000000000000000000e+00 1.157676511900038348e-02 -8.284828563693379389e-01
0.000000000000000000e+00 5.815413532950142097e-04 -8.295952933189585377e-01
0.000000000000000000e+00 -1.049802902892627531e-02 -8.306415185334884432e-01
0.000000000000000000e+00 -2.167242969608532133e-02 -8.316033764943782103e-01
0.000000000000000000e+00 -3.293993323879710472e-02 -8.324575785759350532e-01
0.000000000000000000e+00 -4.428639420781149000e-02 -8.331802799026383211e-01
0.000000000000000000e+00 -5.568686391954534576e-02 -8.337516875506211234e-01
0.000000000000000000e+00 -6.710883056382960232e-02 -8.341599751375392557e-01
0.000000000000000000e+00 -7.851664981662299925e-02 -8.344038889922391622e-01
0.000000000000000000e+00 -8.987654947259152149e-02 -8.344936340362955063e-01
0.000000000000000000e+00 -1.011614938810698749e-01 -8.344498930296713191e-01
0.000000000000000000e+00 -1.123551963036005102e-01 -8.343011213406662518e-01
0.000000000000000000e+00 -1.234546720258130476e-01 -8.340795276728871777e-01
0.000000000000000000e+00 -1.344709199538327293e-01 -8.338163586911443437e-01
0.000000000000000000e+00 -1.454275801162037141e-01 -8.335372203949722447e-01
0.000000000000000000e+00 -1.563577036193255776e-01 -8.332581730329100544e-01
0.000000000000000000e+00 -1.672990495738178873e-01 -8.329832273264087261e-01
0.000000000000000000e+00 -1.782885501035763598e-01 -8.327036626441055578e-01
0.000000000000000000e+00 -1.893567256552643185e-01 -8.323993123232316105e-01
0.000000000000000000e+00 -2.005228654716940118e-01 -8.320416581188483374e-01
0.000000000000000000e+00 -2.117917040619743674e-01 -8.315982902574391433e-01
0.000000000000000000e+00 -2.231521319731427089e-01 -8.310380655571734110e-01
0.000000000000000000e+00 -2.345782020869937590e-01 -8.303361691003522393e-01
0.000000000000000000e+00 -2.460323678653107415e-01 -8.294782768686366214e-01
0.000000000000000000e+00 -2.574705623769437124e-01 -8.284631321938734638e-01
0.000000000000000000e+00 -2.688484434959916292e-01 -8.273030740803571925e-01
0.000000000000000000e+00 -2.801279337222224997e-01 -8.260223598282533386e-01
0.000000000000000000e+00 -2.912831042706403029e-01 -8.246534645462471058e-01
0.000000000000000000e+00 -3.023045084404636929e-01 -8.232318659131782068e-01
0.000000000000000000e+00 -3.132012564022397805e-01 -8.217900841451646343e-01
0.000000000000000000e+00 -3.240004212375206527e-01 -8.203519024602187182e-01
0.000000000000000000e+00 -3.347437365926728692e-01 -8.189277144446438506e-01
0.000000000000000000e+00 -3.454819400409697705e-01 -8.175118223550419394e-01
0.000000000000000000e+00 -3.562674781440066107e-01 -8.160822560067622078e-01
0.000000000000000000e+00 -3.671465662767565696e-01 -8.146033268169016184e-01
0.000000000000000000e+00 -3.781517450600725416e-01 -8.130307231826029435e-01
0.000000000000000000e+00 -3.892960682106305637e-01 -8.113185489752170465e-01
0.000000000000000000e+00 -4.005698866841638783e-01 -8.094273658977582109e-01
0.000000000000000000e+00 -4.119408763482901858e-01 -8.073320758745395898e-01
0.000000000000000000e+00 -4.233575274264950727e-01 -8.050284105221517938e-01
0.000000000000000000e+00 -4.347558270571849626e-01 -8.025368999177873164e-01
0.000000000000000000e+00 -4.460683855346061488e-01 -7.999034674950517010e-01
0.000000000000000000e+00 -4.572348485243774574e-01 -7.971962131300782683e-01
0.000000000000000000e+00 -4.682121616720131274e-01 -7.944984525041539625e-01
0.000000000000000000e+00 -4.789831556454487993e-01 -7.918986128101070943e-01
0.000000000000000000e+00 -4.895620224165819212e-01 -7.894780712371678444e-01
0.000000000000000000e+00 -4.999955556297309145e-01 -7.872983945937946926e-01
0.000000000000000000e+00 -5.103595010244285080e-01 -7.853896392615347111e-01
0.000000000000000000e+00 -5.207499551342774646e-01 -7.837413640645141122e-01
0.000000000000000000e+00 -5.312703919893259075e-01 -7.822977841959631862e-01
0.000000000000000000e+00 -5.420155088150221401e-01 -7.809580700048945889e-01
0.000000000000000000e+00 -5.530535835035700343e-01 -7.795822151631559560e-01
0.000000000000000000e+00 -5.644093600833154367e-01 -7.780022315271085676e-01
0.000000000000000000e+00 -5.760495741987329277e-01 -7.760377539755224374e-01
0.000000000000000000e+00 -5.878730758364348885e-01 -7.735145427452343458e-01
0.000000000000000000e+00 -5.997071084679217456e-01 -7.702839315303940948e-01
0.000000000000000000e+00 -6.113106999162803978e-01 -7.662410479619886639e-01
0.000000000000000000e+00 -6.223853745260092829e-01 -7.613396647160921571e-01
0.000000000000000000e+00 -6.325925918317932828e-01 -7.556018294434961868e-01
0.000000000000000000e+00 -6.415765466327759681e-01 -7.491209429632225136e-01
0.000000000000000000e+00 -6.489903203543155863e-01 -7.420576513448771117e-01
0.000000000000000000e+00 -6.545229322809325012e-01 -7.346287093423481407e-01
0.000000000000000000e+00 -6.579246576761081933e-01 -7.270897674296507018e-01
0.000000000000000000e+00 -6.590280843811402445e-01 -7.197137376172811907e-01
0.000000000000000000e+00 -6.577627634340008633e-01 -7.127669191123304770e-01
0.000000000000000000e+00 -6.541619330299708324e-01 -7.064853488372476731e-01
0.000000000000000000e+00 -6.483605908670623252e-01 -7.010538474621370586e-01
0.000000000000000000e+00 -6.405850692303997063e-01 -6.965899557854947632e-01
0.000000000000000000e+00 -6.311351316728627259e-01 -6.931344296970135543e-01
0.000000000000000000e+00 -6.203603630531919766e-01 -6.906492454615044130e-01
0.000000000000000000e+00 -6.086331822773547451e-01 -6.890232443859484190e-01
0.000000000000000000e+00 -5.963211085706077164e-01 -6.880847133779156577e-01
0.000000000000000000e+00 -5.837609266984037371e-01 -6.876194525940805269e-01
0.000000000000000000e+00 -5.712371268601800223e-01 -6.873923094037280856e-01
0.000000000000000000e+00 -5.589664763452312224e-01 -6.871698238953712901e-01
0.000000000000000000e+00 -5.470898759475278927e-01 -6.867415706335898706e-01
0.000000000000000000e+00 -5.356718482704579953e-01 -6.859379966668135431e-01
0.000000000000000000e+00 -5.247071910314637933e-01 -6.846430162072455472e-01
0.000000000000000000e+00 -5.141335985508265205e-01 -6.828002684624538965e-01
0.000000000000000000e+00 -5.038484887265988199e-01 -6.804126962442365034e-01
0.000000000000000000e+00 -4.937279293779897604e-01 -6.775358678385814404e-01
0.000000000000000000e+00 -4.836454673592747167e-01 -6.742661523971276161e-01
0.000000000000000000e+00 -4.734888259769806096e-01 -6.707253907165175999e-01
0.000000000000000000e+00 -4.631728208164249128e-01 -6.670440207643247854e-01
0.000000000000000000e+00 -4.526473956808905186e-01 -6.633446904897138952e-01
0.000000000000000000e+00 -4.419003258546703727e-01 -6.597282198456312363e-01
0.000000000000000000e+00 -4.309547940208813821e-01 -6.562633898466370130e-01
0.000000000000000000e+00 -4.198626356344572486e-01 -6.529814943120250126e-01
0.000000000000000000e+00 -4.086945077848925800e-01 -6.498759625464413103e-01
0.000000000000000000e+00 -3.975285105378821293e-01 -6.469067291975802991e-01
0.000000000000000000e+00 -3.864388590697074299e-01 -6.440084689055828315e-01
0.000000000000000000e+00 -3.754860718229949268e-01 -6.411013938056093764e-01
0.000000000000000000e+00 -3.647098326737631679e-01 -6.381030769923395907e-01
0.000000000000000000e+00 -3.541252523642445249e-01 -6.349397350684461427e-01
0.000000000000000000e+00 -3.437227582365205980e-01 -6.315555714624020434e-01
0.000000000000000000e+00 -3.334713484988025001e-01 -6.279191179913357068e-01
0.000000000000000000e+00 -3.233245208999140918e-01 -6.240259639454699414e-01
0.000000000000000000e+00 -3.132278770319271710e-01 -6.198977660702762460e-01
0.000000000000000000e+00 -3.031272459348822723e-01 -6.155779217545596094e-01
0.000000000000000000e+00 -2.929761762967029726e-01 -6.111246991708695342e-01
0.000000000000000000e+00 -2.827418054402183190e-01 -6.066029027512979122e-01
0.000000000000000000e+00 -2.724083959412450517e-01 -6.020752797917435784e-01
0.000000000000000000e+00 -2.619781927386828357e-01 -5.975948357679018441e-01
0.000000000000000000e+00 -2.514696422645009699e-01 -5.931990358741443536e-01
0.000000000000000000e+00 -2.409133767597117226e-01 -5.889065614563708806e-01
0.000000000000000000e+00 -2.303466540949995200e-01 -5.847169095714277454e-01
0.000000000000000000e+00 -2.198071209066684850e-01 -5.806127262011034906e-01
0.000000000000000000e+00 -2.093268159685405250e-01 -5.765644025986295107e-01
0.000000000000000000e+00 -1.989272509776633391e-01 -5.725361861655663409e-01
0.000000000000000000e+00 -1.886162143885940223e-01 -5.684928949991369107e-01
0.000000000000000000e+00 -1.783866721042529913e-01 -5.644062944175691765e-01
0.000000000000000000e+00 -1.682178278110469383e-01 -5.602602914342832419e-01
0.000000000000000000e+00 -1.580781002027327742e-01 -5.560543091387896153e-01
0.000000000000000000e+00 -1.479295162789822371e-01 -5.518044834204611782e-01
0.000000000000000000e+00 -1.377328430382766256e-01 -5.475426372354571525e-01
0.000000000000000000e+00 -1.274527053306632185e-01 -5.433132882837031774e-01
0.000000000000000000e+00 -1.170619715241605352e-01 -5.391691941805960564e-01
0.000000000000000000e+00 -1.065448218505862937e-01 -5.351661040221263876e-01
0.000000000000000000e+00 -9.589812430777783225e-02 -5.313574489039551985e-01
0.000000000000000000e+00 -8.513099749135044636e-02 -5.277896637138373981e-01
0.000000000000000000e+00 -7.426270143674802704e-02 -5.244987002277340382e-01
0.000000000000000000e+00 -6.331922957610587599e-02 -5.215080912398413204e-01
0.000000000000000000e+00 -5.232914583057166058e-02 -5.188286893372261455e-01
0.000000000000000000e+00 -4.131929887096525561e-02 -5.164599673490738452e-01
0.000000000000000000e+00 -3.031104119856231280e-02 -5.143925637858646205e-01
0.000000000000000000e+00 -1.931748762552853299e-02 -5.126116123764618004e-01
0.000000000000000000e+00 -8.342181895698339011e-03 -5.111003266007938528e-01
0.000000000000000000e+00 2.620672896391820252e-03 -5.098433224115139772e-01
0.000000000000000000e+00 1.358449349569341297e-02 -5.088292476711389067e-01
0.000000000000000000e+00 2.456739125913032576e-02 -5.080524275109548071e-01
0.000000000000000000e+00 3.558849537447716926e-02 -5.075134061068335978e-01
0.000000000000000000e+00 4.666407665257809451e-02 -5.072184395475308749e-01
0.000000000000000000e+00 5.780404370194570929e-02 -5.071781451627667137e-01
0.000000000000000000e+00 6.900932274803861510e-02 -5.074056187515907368e-01
0.000000000000000000e+00 8.027050194173825093e-02 -5.079143796634960628e-01
0.000000000000000000e+00 9.156794027732538532e-02 -5.087164914349274758e-01
0.000000000000000000e+00 1.028733359870111080e-01 -5.098211392024286637e-01
0.000000000000000000e+00 1.141525477583107129e-01 -5.112338391427009299e-01
0.000000000000000000e+00 1.253692911583086655e-01 -5.129563299436534773e-01
0.000000000000000000e+00 1.364892140736617687e-01 -5.149870739806796660e-01
0.000000000000000000e+00 1.474838028895623931e-01 -5.173221969465960912e-01
0.000000000000000000e+00 1.583335903556624680e-01 -5.199566346623689661e-01
0.000000000000000000e+00 1.690302219389159533e-01 -5.228852428151091747e-01
0.000000000000000000e+00 1.795770768329726930e-01 -5.261036590884111686e-01
0.000000000000000000e+00 1.899883133092709619e-01 -5.296087790510490834e-01
0.000000000000000000e+00 2.002863930156449923e-01 -5.333988022062899903e-01
0.000000000000000000e+00 2.104983122266675111e-01 -5.374729039024077615e-01
0.000000000000000000e+00 2.206509098231025368e-01 -5.418306729799731158e-01
0.000000000000000000e+00 2.307657170777634159e-01 -5.464715075664228205e-01
0.000000000000000000e+00 2.408538551042362086e-01 -5.513941715720439563e-01
0.000000000000000000e+00 2.509114713378257644e-01 -5.565966791469173502e-01
0.000000000000000000e+00 2.609161426803868200e-01 -5.620765989422528142e-01
0.000000000000000000e+00 2.708245712999843291e-01 -5.678317674224411249e-01
0.000000000000000000e+00 2.805717741695609169e-01 -5.738612892243919461e-01
0.000000000000000000e+00 2.900718348752041598e-01 -5.801666037525818886e-01
0.000000000000000000e+00 2.992201604191129238e-01 -5.867523309549944610e-01
0.000000000000000000e+00 3.078970780747348202e-01 -5.936265912079422558e-01
0.000000000000000000e+00 3.159725250875117797e-01 -6.008005327636476434e-01
0.000000000000000000e+00 3.233115299545488708e-01 -6.082868944625667851e-01
0.000000000000000000e+00 3.297801569136349364e-01 -6.160975710383824744e-01
0.000000000000000000e+00 3.352515808690265109e-01 -6.242403146084253285e-01
0.000000000000000000e+00 3.427658960921757259e-01 -6.415090187995459159e-01
