2.919700394764828957e+02 0.000000000000000000e+00 -1.185403624132460578e+02
2.925332478346397238e+02 0.000000000000000000e+00 -1.198154444057126540e+02
2.930665582612188018e+02 0.000000000000000000e+00 -1.211149968889599648e+02
2.935694444432163550e+02 0.000000000000000000e+00 -1.224377373615839559e+02
2.940414100926850551e+02 0.000000000000000000e+00 -1.237823604384345089e+02
2.944819894365097639e+02 0.000000000000000000e+00 -1.251475391388730856e+02
2.948907476760701343e+02 0.000000000000000000e+00 -1.265319261963423827e+02
2.952672814163336170e+02 0.000000000000000000e+00 -1.279341553879557125e+02
2.956112190639580604e+02 0.000000000000000000e+00 -1.293528428827941923e+02
2.959222211940093530e+02 0.000000000000000000e+00 -1.307865886075805975e+02
2.961999808849328133e+02 0.000000000000000000e+00 -1.322339776283828314e+02
2.964442240214478943e+02 0.000000000000000000e+00 -1.336935815469826707e+02
2.966547095650666961e+02 0.000000000000000000e+00 -1.351639599105326397e+02
2.968312297919698608e+02 0.000000000000000000e+00 -1.366436616331088203e+02
2.969736104980049731e+02 0.000000000000000000e+00 -1.381312264277576389e+02
2.970817111706049900e+02 0.000000000000000000e+00 -1.396251862476225369e+02
2.971554251274573630e+02 0.000000000000000000e+00 -1.411240667347293538e+02
2.971946796217860651e+02 0.000000000000000000e+00 -1.426263886749993617e+02
2.971994359141445443e+02 0.000000000000000000e+00 -1.441306694580549674e+02
2.971696893106464472e+02 0.000000000000000000e+00 -1.456354245403773575e+02
2.971054691675981871e+02 0.000000000000000000e+00 -1.471391689103715805e+02
2.970068388625273883e+02 0.000000000000000000e+00 -1.486404185538936247e+02
2.968738957316374467e+02 0.000000000000000000e+00 -1.501376919187935357e+02
2.967067709737481778e+02 0.000000000000000000e+00 -1.516295113770280523e+02
2.965056295208183315e+02 0.000000000000000000e+00 -1.531144046829014655e+02
2.962706698751779300e+02 0.000000000000000000e+00 -1.545909064259942340e+02
2.960021239136301006e+02 0.000000000000000000e+00 -1.560575594773461603e+02
2.957002566586170360e+02 0.000000000000000000e+00 -1.575129164274666778e+02
2.953653660166744999e+02 0.000000000000000000e+00 -1.589555410147534644e+02
2.949977824844342535e+02 0.000000000000000000e+00 -1.603840095429089558e+02
2.945978688224637381e+02 0.000000000000000000e+00 -1.617969122859570348e+02
2.941660196972652557e+02 0.000000000000000000e+00 -1.631928548794720371e+02
2.937026612917873649e+02 0.000000000000000000e+00 -1.645704596966485269e+02
2.932082508848345697e+02 0.000000000000000000e+00 -1.659283672078520055e+02
2.926832763997874167e+02 0.000000000000000000e+00 -1.672652373223111510e+02
2.921282559230818947e+02 0.000000000000000000e+00 -1.685797507106253192e+02
2.915437371929200481e+02 0.000000000000000000e+00 -1.698706101067832890e+02
2.909302970587186223e+02 0.000000000000000000e+00 -1.711365415884084769e+02
2.902885409118287043e+02 0.000000000000000000e+00 -1.723762958339662248e+02
2.896191020880870610e+02 0.000000000000000000e+00 -1.735886493556935193e+02
2.889226412427904052e+02 0.000000000000000000e+00 -1.747724057070336130e+02
2.881998456987082591e+02 0.000000000000000000e+00 -1.759263966633844234e+02
2.874514287677784523e+02 0.000000000000000000e+00 -1.770494833749950203e+02
2.866781290471544708e+02 0.000000000000000000e+00 -1.781405574908729648e+02
2.858807096902988292e+02 0.000000000000000000e+00 -1.791985422525928016e+02
2.850599576538432416e+02 0.000000000000000000e+00 -1.802223935569267894e+02
2.842166829209569983e+02 0.000000000000000000e+00 -1.812111009862486526e+02
2.833517177019916744e+02 0.000000000000000000e+00 -1.821636888056937096e+02
2.824659156131899636e+02 0.000000000000000000e+00 -1.830792169260915045e+02
2.815601508342692796e+02 0.000000000000000000e+00 -1.839567818317202352e+02
2.806353172457120309e+02 0.000000000000000000e+00 -1.847955174719677700e+02
2.796923275466137966e+02 0.000000000000000000e+00 -1.855945961160189199e+02
2.787321123539588825e+02 0.000000000000000000e+00 -1.863532291697260064e+02
2.777556192842143332e+02 0.000000000000000000e+00 -1.870706679538558603e+02
2.767638120181465524e+02 0.000000000000000000e+00 -1.877462044429459809e+02
2.757576693497848623e+02 0.000000000000000000e+00 -1.883791719640400686e+02
2.747381842204696909e+02 0.000000000000000000e+00 -1.889689458546140770e+02
2.737063627389398448e+02 0.000000000000000000e+00 -1.895149440790421522e+02
2.726632231884242969e+02 0.000000000000000000e+00 -1.900166278029959415e+02
2.716097950217196058e+02 0.000000000000000000e+00 -1.904735019252089501e+02
2.705471178452443723e+02 0.000000000000000000e+00 -1.908851155660816232e+02
2.694762403930732830e+02 0.000000000000000000e+00 -1.912510625126451203e+02
2.683982194919629478e+02 0.000000000000000000e+00 -1.915709816194445523e+02
2.673141190183917502e+02 0.000000000000000000e+00 -1.918445571649457122e+02
2.662250088486420623e+02 0.000000000000000000e+00 -1.920715191631144592e+02
2.651319638029615930e+02 0.000000000000000000e+00 -1.922516436298600127e+02
2.640360625848455243e+02 0.000000000000000000e+00 -1.923847528040804207e+02
2.629383867164862636e+02 0.000000000000000000e+00 -1.924707153230911558e+02
2.618400194714419058e+02 0.000000000000000000e+00 -1.925094463522643196e+02
2.607420448055760289e+02 0.000000000000000000e+00 -1.925009076687501874e+02
2.596455462873233841e+02 0.000000000000000000e+00 -1.924451076991985587e+02
2.585516060283399042e+02 0.000000000000000000e+00 -1.923421015114424506e+02
2.574613036155881218e+02 0.000000000000000000e+00 -1.921919907601532316e+02
2.563757150459155696e+02 0.000000000000000000e+00 -1.919949235865191781e+02
2.552959116641758612e+02 0.000000000000000000e+00 -1.917510944720486066e+02
2.542229591059405038e+02 0.000000000000000000e+00 -1.914607440466395474e+02
2.531579162458454277e+02 0.000000000000000000e+00 -1.911241588511074951e+02
2.521018341526092286e+02 0.000000000000000000e+00 -1.907416710544040370e+02
2.510557550517557104e+02 0.000000000000000000e+00 -1.903136581258061426e+02
2.500207112970627179e+02 0.000000000000000000e+00 -1.898405424623997533e+02
2.489977243517537602e+02 0.000000000000000000e+00 -1.893227909722247375e+02
2.479878037804371331e+02 0.000000000000000000e+00 -1.887609146134929574e+02
2.469919462527876135e+02 0.000000000000000000e+00 -1.881554678903343074e+02
2.460111345599536037e+02 0.000000000000000000e+00 -1.875070483055681052e+02
2.450463366446610962e+02 0.000000000000000000e+00 -1.868162957710398757e+02
2.440985046459710190e+02 0.000000000000000000e+00 -1.860838919761056331e+02
2.431685739596329938e+02 0.000000000000000000e+00 -1.853105597148868071e+02
2.422574623149624529e+02 0.000000000000000000e+00 -1.844970621729596587e+02
2.413660688691529401e+02 0.000000000000000000e+00 -1.836442021741833059e+02
2.404952733199161230e+02 0.000000000000000000e+00 -1.827528213884095294e+02
2.396459350373267512e+02 0.000000000000000000e+00 -1.818237995008562393e+02
2.388188922157279137e+02 0.000000000000000000e+00 -1.808580533439641442e+02
2.380149610465343812e+02 0.000000000000000000e+00 -1.798565359925943028e+02
2.372349349127503615e+02 0.000000000000000000e+00 -1.788202358234577503e+02
2.364795836059962539e+02 0.000000000000000000e+00 -1.777501755397074419e+02
2.357496525668170761e+02 0.000000000000000000e+00 -1.766474111616534231e+02
2.350458621490229234e+02 0.000000000000000000e+00 -1.755130309845985721e+02
2.343689069087865278e+02 0.000000000000000000e+00 -1.743481545048222188e+02
2.337194549192001318e+02 0.000000000000000000e+00 -1.731539313147726773e+02
2.330981471109682275e+02 0.000000000000000000e+00 -1.719315399685582122e+02
2.325055966398861358e+02 0.000000000000000000e+00 -1.706821868188563940e+02
2.319423882817292224e+02 0.000000000000000000e+00 -1.694071048263898263e+02
2.314090778551502012e+02 0.000000000000000000e+00 -1.681075523431425154e+02
2.309061916731525912e+02 0.000000000000000000e+00 -1.667848118705185243e+02
2.304342260236839763e+02 0.000000000000000000e+00 -1.654401887936679429e+02
2.299936466798591539e+02 0.000000000000000000e+00 -1.640750100932293947e+02
2.295848884402988119e+02 0.000000000000000000e+00 -1.626906230357600975e+02
2.292083547000353008e+02 0.000000000000000000e+00 -1.612883938441467535e+02
2.288644170524108574e+02 0.000000000000000000e+00 -1.598697063493082737e+02
2.285534149223596216e+02 0.000000000000000000e+00 -1.584359606245218686e+02
2.282756552314361045e+02 0.000000000000000000e+00 -1.569885716037196630e+02
2.280314120949210235e+02 0.000000000000000000e+00 -1.555289676851198237e+02
2.278209265513022785e+02 0.000000000000000000e+00 -1.540585893215698263e+02
2.276444063243991138e+02 0.000000000000000000e+00 -1.525788875989936173e+02
2.275020256183640015e+02 0.000000000000000000e+00 -1.510913228043448271e+02
2.273939249457639278e+02 0.000000000000000000e+00 -1.495973629844799291e+02
2.273202109889116400e+02 0.000000000000000000e+00 -1.480984824973731122e+02
2.272809564945829095e+02 0.000000000000000000e+00 -1.465961605571031043e+02
2.272762002022244019e+02 0.000000000000000000e+00 -1.450918797740474986e+02
2.273059468057224990e+02 0.000000000000000000e+00 -1.435871246917251085e+02
2.273701669487708159e+02 0.000000000000000000e+00 -1.420833803217309423e+02
2.274687972538415863e+02 0.000000000000000000e+00 -1.405821306782088413e+02
2.276017403847314995e+02 0.000000000000000000e+00 -1.390848573133089587e+02
2.277688651426207400e+02 0.000000000000000000e+00 -1.375930378550744422e+02
2.279700065955505579e+02 0.000000000000000000e+00 -1.361081445492010005e+02
2.282049662411909878e+02 0.000000000000000000e+00 -1.346316428061082604e+02
2.284735122027387888e+02 0.000000000000000000e+00 -1.331649897547563342e+02
2.287753794577518818e+02 0.000000000000000000e+00 -1.317096328046357883e+02
2.291102700996944179e+02 0.000000000000000000e+00 -1.302670082173490300e+02
2.294778536319346927e+02 0.000000000000000000e+00 -1.288385396891935102e+02
2.298777672939051513e+02 0.000000000000000000e+00 -1.274256369461454454e+02
2.303096164191037474e+02 0.000000000000000000e+00 -1.260296943526304290e+02
2.307729748245815529e+02 0.000000000000000000e+00 -1.246520895354539817e+02
2.312673852315344334e+02 0.000000000000000000e+00 -1.232941820242504747e+02
2.317923597165815295e+02 0.000000000000000000e+00 -1.219573119097913292e+02
2.323473801932870231e+02 0.000000000000000000e+00 -1.206427985214771752e+02
2.329318989234489550e+02 0.000000000000000000e+00 -1.193519391253191912e+02
2.335453390576502954e+02 0.000000000000000000e+00 -1.180860076436940176e+02
2.341870952045402134e+02 0.000000000000000000e+00 -1.168462533981362554e+02
2.348565340282818852e+02 0.000000000000000000e+00 -1.156338998764089609e+02
2.355529948735785979e+02 0.000000000000000000e+00 -1.144501435250688246e+02
2.362757904176606871e+02 0.000000000000000000e+00 -1.132961525687180284e+02
2.370242073485904655e+02 0.000000000000000000e+00 -1.121730658571074457e+02
2.377975070692144755e+02 0.000000000000000000e+00 -1.110819917412295155e+02
2.385949264260700886e+02 0.000000000000000000e+00 -1.100240069795096787e+02
2.394156784625257615e+02 0.000000000000000000e+00 -1.090001556751756624e+02
2.402589531954119764e+02 0.000000000000000000e+00 -1.080114482458538134e+02
2.411239184143772718e+02 0.000000000000000000e+00 -1.070588604264087706e+02
2.420097205031789827e+02 0.000000000000000000e+00 -1.061433323060109757e+02
2.429154852820996950e+02 0.000000000000000000e+00 -1.052657674003822308e+02
2.438403188706568869e+02 0.000000000000000000e+00 -1.044270317601347102e+02
2.447833085697552065e+02 0.000000000000000000e+00 -1.036279531160835461e+02
2.457435237624100921e+02 0.000000000000000000e+00 -1.028693200623764739e+02
2.467200168321546130e+02 0.000000000000000000e+00 -1.021518812782466483e+02
2.477118240982224222e+02 0.000000000000000000e+00 -1.014763447891565278e+02
2.487179667665841407e+02 0.000000000000000000e+00 -1.008433772680623690e+02
2.497374518958993121e+02 0.000000000000000000e+00 -1.002536033774884032e+02
2.507692733774291582e+02 0.000000000000000000e+00 -9.970760515306032801e+01
2.518124129279447061e+02 0.000000000000000000e+00 -9.920592142910652456e+01
2.528658410946493689e+02 0.000000000000000000e+00 -9.874904730689353016e+01
2.539285182711246023e+02 0.000000000000000000e+00 -9.833743366602087121e+01
2.549993957232956632e+02 0.000000000000000000e+00 -9.797148671945734577e+01
2.560774166244060552e+02 0.000000000000000000e+00 -9.765156761265792795e+01
2.571615170979771960e+02 0.000000000000000000e+00 -9.737799206715673961e+01
2.582506272677268839e+02 0.000000000000000000e+00 -9.715103006898796423e+01
2.593436723134073532e+02 0.000000000000000000e+00 -9.697090560224243916e+01
2.604395735315234219e+02 0.000000000000000000e+00 -9.683779642802204535e+01
2.615372493998826826e+02 0.000000000000000000e+00 -9.675183390901132441e+01
2.626356166449269836e+02 0.000000000000000000e+00 -9.671310287983814646e+01
2.637335913107929741e+02 0.000000000000000000e+00 -9.672164156335227858e+01
2.648300898290456189e+02 0.000000000000000000e+00 -9.677744153290394991e+01
2.659240300880290420e+02 0.000000000000000000e+00 -9.688044772066004384e+01
2.670143325007808812e+02 0.000000000000000000e+00 -9.703055847194927708e+01
2.680999210704533766e+02 0.000000000000000000e+00 -9.722762564558328791e+01
2.691797244521931134e+02 0.000000000000000000e+00 -9.747145476005387366e+01
2.702526770104284424e+02 0.000000000000000000e+00 -9.776180518546293285e+01
2.713177198705235469e+02 0.000000000000000000e+00 -9.809839038099498509e+01
2.723738019637597176e+02 0.000000000000000000e+00 -9.848087817769844321e+01
2.734198810646132074e+02 0.000000000000000000e+00 -9.890889110629633763e+01
2.744549248193062567e+02 0.000000000000000000e+00 -9.938200676970269853e+01
2.754779117646152145e+02 0.000000000000000000e+00 -9.989975825987772851e+01
2.764878323359317847e+02 0.000000000000000000e+00 -1.004616346186095370e+02
2.774836898635813327e+02 0.000000000000000000e+00 -1.010670813417681728e+02
2.784645015564153141e+02 0.000000000000000000e+00 -1.017155009265343608e+02
2.794292994717078500e+02 0.000000000000000000e+00 -1.024062534610625761e+02
2.803771314703979556e+02 0.000000000000000000e+00 -1.031386572559968329e+02
2.813070621567360377e+02 0.000000000000000000e+00 -1.039119895172156731e+02
2.822181738014064649e+02 0.000000000000000000e+00 -1.047254870591428215e+02
2.831095672472160345e+02 0.000000000000000000e+00 -1.055783470579191601e+02
2.839803627964528232e+02 0.000000000000000000e+00 -1.064697278436929366e+02
2.848297010790421950e+02 0.000000000000000000e+00 -1.073987497312462409e+02
2.856567439006410609e+02 0.000000000000000000e+00 -1.083644958881383218e+02
2.864606750698345650e+02 0.000000000000000000e+00 -1.093660132395082059e+02
2.872407012036185847e+02 0.000000000000000000e+00 -1.104023134086447442e+02
2.879960525103726923e+02 0.000000000000000000e+00 -1.114723736923950668e+02
2.887259835495518701e+02 0.000000000000000000e+00 -1.125751380704490572e+02
2.894297739673459660e+02 0.000000000000000000e+00 -1.137095182475038939e+02
2.901067292075824753e+02 0.000000000000000000e+00 -1.148743947272802473e+02
2.907561811971688144e+02 0.000000000000000000e+00 -1.160686179173297745e+02
2.919700394764828957e+02 0.000000000000000000e+00 -1.185403624132460578e+02
